file_name;label
\vacia\NOANIMAL_ZOO_1_4\37_20210115 (85).JPG;0
\vacia\vacia_WellingtonCameraTraps_SS\25091507183201940156.JPG;0
\vacia\vacias_2_de_2_PNC_2012_ISAAC\a15323IM000364.JPG;0
\cervidae\CERVIDREDORFALLOWDEER_ZOO_5_6_7_9\18_20210219 (6610) (2021_04_15 06_16_22 UTC).JPG;1
\humanovehiculo\car_CaltechCameraTrap_ME\vehiculo\588f6814-23d2-11e8-a6a3-ec086b02610b.jpg;1
\caballo\HORSE_ZOO_1_4\15_20210117 (1906).JPG;1
\ave\Chicken_ena24\6250.jpg;1
\gato_domestico\cat_IslandConservationCameraTraps\palau_cam04a12132018_20180919_085108_rcnx1462.jpg;1
\vacia\empty_IslandConservationCameraTraps\dominicanrepublic_cam0425abril2015_20130809_042942_sunp1641.jpg;0
\ave\shearwater_IslandConservationCameraTraps\chile_vaqueria2013_1012201230453.jpg;1
\ave\ave_ave_WellingtonCameraTraps_SS\030816154106037a2392.JPG;1
\leporido\rabbit_CaltechCameraTrap_ME\59a7bd11-23d2-11e8-a6a3-ec086b02610b.jpg;1
\leporido\LEPORIDRABBITORHARE_ZOO_1_4\6_20201023 (2185).JPG;1
\vaca\COW_ZOO_5_6_7_9\21_20200113 (682) (2021_04_15 06_16_22 UTC).JPG;1
\cervidae\ciervo_PNC_2014_ISAAC\c2798IM000039.JPG;1
\leporido\Eastern Cottontail_ena24\8493.jpg;1
\leporido\rabbit_IslandConservationCameraTraps\chile_frances012013_25122012142742.jpg;1
\lince\Lince_b_Linces2_Leo_JC\lince229 (19).jpg;1
\ave\bird_CaltechCameraTrap\59f2c2a9-23d2-11e8-a6a3-ec086b02610b.jpg;1
\vacia\empty_SnapshotMountainZebra\MTZ_S1_E04_R1_IMAG0067.JPG;0
\cervidae\deer_CaltechCameraTrap\59f12960-23d2-11e8-a6a3-ec086b02610b.jpg;1
\zorro\zorro_PNC_2012_JC\a5666IM000478.JPG;1
\vacia\NOANIMAL_ZOO_1_4\26_20201117 (1403).JPG;0
\zorro\zorro_vacías_humanos_PNC_2012_ME\a2043IM000035.JPG;1
\vacia\NOANIMAL_ZOO_5_6_7_9\24_20210219 (2126) (2021_04_15 06_16_22 UTC).JPG;0
\vacia\NOANIMAL_ZOO_5_6_7_9\20_20210219 (1659) (2021_04_15 06_16_22 UTC).JPG;0
\lince\Lince_a_Linces2_Leo_JC\lince71 (115).JPG;1
\ave\ave_Paco_Carro_JC\IMG_0160.JPG;1
\vacia\vacia_ave_WellingtonCameraTraps_SS\100916101122005b7201.JPG;0
\lince\Lince_b_Linces2_Leo_JC\lince228 (334).jpg;1
\vacia\NOANIMAL_ZOO_5_6_7_9\2_20210417 (19547).JPG;0
\vacia\empty_SnapshotMountainZebra\MTZ_S1_C06_R1_IMAG0635.JPG;0
\vaca\cow_CaltechCameraTrap\587eedd2-23d2-11e8-a6a3-ec086b02610b.jpg;1
\jabali\WILDBOAR_ZOO_1_4\20_20201215 (291).JPG;1
\vacia\NOANIMAL_ZOO_1_4\10_20201218 (3309).JPG;0
\vacia\SnampshotEnonkishu\ENO_S1_D03_R1_IMAG3298.JPG;0
\vacia\empty_IslandConservationCameraTraps\dominicanrepublic_cam1826julio2015_20150628_094527_img_0527.jpg;0
\cervidae\ciervo_PNM_2012_ISAAC\d481IM000107.JPG;1
\leporido\conejo_Paco_Carro_JC\PICT1519.JPG;1
\jabali\WILDBOAR_ZOO_1_4\21_20201025 (2383).JPG;1
\cervidae\CERVIDREDORFALLOWDEER_ZOO_1_4\21_20201025 (2169).JPG;1
\vaca\COW_ZOO_5_6_7_9\21_20210418 (2567).JPG;1
\cervidae\gamo_WellingtonCameraTraps_SS\0104150406221266L203.JPG;1
\jabali\jabali_alumno_1_AM_2\28_20201019 (1412).JPG;1
\vacia\vacias_2_de_2_PNC_2012_ISAAC\a8127IM000080.JPG;0
\vacia\NOANIMAL_ZOO_1_4\6_20201812 (15051).JPG;0
\mapache\raccoon_CaltechCameraTrap_ME\599d7b5e-23d2-11e8-a6a3-ec086b02610b.jpg;1
\vacia\empty_SnapshotKaroo\KAR_S1_C03_R1_IMAG1299.JPG;0
\vacia\NOANIMAL_ZOO_1_4\6_20201812 (13388).JPG;0
\caballo\HORSE_ZOO_1_4\2_20210115 (10065).JPG;1
\leporido\conejo_Paco_Carro_JC\PICT0274.JPG;1
\zorro\Zorro_PNC_2014_JC\c2865IM000103.JPG;1
\zorro\fox_CaltechCameraTrap_ME\594ced61-23d2-11e8-a6a3-ec086b02610b.jpg;1
\jabali\WILDBOAR_ZOO_5_6_7_9\19_20210319 (2820).JPG;1
\vacia\vacias_PNM_2013-O_ISAAC\f15375IMAG0138.JPG;0
\humanovehiculo\humano_vehiculo_PNC_2013-I_ISAAC\6634IM000019.JPG;1
\ave\shearwater_IslandConservationCameraTraps\chile_vaqueria2013_1512201233600.jpg;1
\jabali\WILDBOAR_ZOO_1_4\24_20201117 (180).JPG;1
\leporido\conejo_Paco_Carro_JC\PICT0580 (2).JPG;1
\vacia\NOANIMAL_ZOO_5_6_7_9\50_20210408 (16310).JPG;0
\vacia\empty_SnapshotMountainZebra\MTZ_S1_D05_R1_IMAG1719.JPG;0
\vacia\empty_IslandConservationCameraTraps\palau_cam03a08312018_20180824_120000_rcnx0074.jpg;0
\vacia\empty_IslandConservationCameraTraps\micronesia_cam19april2019_20190415_090744_rcnx0149.jpg;0
\zorro\zorro_PNM_2013-I_ME\e4772IM000016.JPG;1
\vaca\COW_ZOO_5_6_7_9\21_20210418 (2564).JPG;1
\humanovehiculo\car_CaltechCameraTrap_ME\vehiculo\5897b2b8-23d2-11e8-a6a3-ec086b02610b.jpg;1
\cervidae\CERVIDREDORFALLOWDEER_ZOO_1_4\21_20201025 (2718).JPG;1
\vacia\NOANIMAL_ZOO_5_6_7_9\36_20210618 (5778).JPG;0
\zorro\Zorro_Pepe_IREC\Zorro_Pepe_Irec_ME\IMAG0171_(6).JPG;1
\vacia\NOANIMAL_ZOO_1_4\41_20210114 (207).JPG;0
\cervidae\CERVIDREDORFALLOWDEER_ZOO_1_4\6_20201023 (3217).JPG;1
\leporido\conejo_WellingtonCameraTraps_SS\220916145238016b8834.JPG;1
\cervidae\CERVIDREDORFALLOWDEER_ZOO_5_6_7_9\33_20210615 (64).JPG;1
\vacia\Vacio__diego_2_rev_donana\24_20201019 (2117).JPG;0
\vacia\NOANIMAL_ZOO_1_4\40_20201024 (6028).JPG;0
\cervidae\deer_CaltechCameraTrap\58ec54f3-23d2-11e8-a6a3-ec086b02610b.jpg;1
\cervidae\ciervo_simone_2\35_20201021 (127).JPG;1
\cervidae\3ciervo_PNM_2013-I_ISAAC\e1490IMAG0081.JPG;1
\micromamiferos\rat_IslandConservationCameraTraps\micronesia_cam03april2019_20190411_194735_rcnx0079.jpg;1
\garduna\garduna_PNM_2013-O_ME\f11126IM000131.JPG;1
\humanovehiculo\HUMANORVEHICLE_ZOO_5_6_7_9\10_20210319 (2).JPG;1
\vacia\vacias_2_de_2_PNC_2012_ISAAC\a28610IM000054.JPG;0
\humanovehiculo\humanovehiculo_vacías_humanos_PNC_2012_ME\a28709IM000102.JPG;1
\vacia\SnampshotEnonkishu\ENO_S1_D03_R1_IMAG1916.JPG;0
\gato_domestico\cat_IslandConservationCameraTraps\palau_cam04a12132018_20180919_085028_rcnx1423.jpg;1
\leporido\rabbit_CaltechCameraTrap_ME\59da8b81-23d2-11e8-a6a3-ec086b02610b.jpg;1
\vacia\empty_SnapshotMountainZebra\MTZ_S1_D06_R1_IMAG2249.JPG;0
\vacia\empty_SnapshotKaroo\KAR_S1_C03_R1_IMAG0613.JPG;0
\vacia\NOANIMAL_ZOO_1_4\7_20210115 (709).JPG;0
\vacia\NOANIMAL_ZOO_5_6_7_9\25_20210319 (10110).JPG;0
\vaca\COW_ZOO_5_6_7_9\21_20210418 (2751).JPG;1
\vacia\NOANIMAL_ZOO_5_6_7_9\19_20210417 (69).JPG;0
\vaca\COW_ZOO_5_6_7_9\46_20210618 (831).JPG;1
\cervidae\deer_CaltechCameraTrap\59a7bc4d-23d2-11e8-a6a3-ec086b02610b.jpg;1
\humanovehiculo\humanovehiculo_Caltech\59ccd1ed-23d2-11e8-a6a3-ec086b02610b.jpg;1
\cervidae\CERVIDREDORFALLOWDEER_ZOO_5_6_7_9\22_20210219 (2270) (2021_04_15 06_16_22 UTC).JPG;1
\humanovehiculo\HUMANORVEHICLE_ZOO_5_6_7_9\39_20210417 (2133).JPG;1
\vacia\empty_IslandConservationCameraTraps\dominicanrepublic_cam0715marzo2016_20160313_182039_sunp0060.jpg;0
\cervidae\deer_CaltechCameraTrap\59d0e38e-23d2-11e8-a6a3-ec086b02610b.jpg;1
\humanovehiculo\humanovehiculo_vacías_humanos_PNC_2012_ME\a17808IM000008.JPG;1
\ave\ave_Soraya_Padilla_Alumno_1_TH\STC_0226_frame050.jpg;1
\vacia\empty_SnapshotMountainZebra\MTZ_S1_C06_R1_IMAG3275.JPG;0
\vacia\empty_IslandConservationCameraTraps\dominicanrepublic_cam0425abril2015_20130807_050612_sunp0650.jpg;0
\zorro\REDFOX_ZOO_5_6_7_9\11_20210418 (4725).JPG;1
\jabali\WILDBOAR_ZOO_1_4\31_20201218 (486).JPG;1
\vacia\NOANIMAL_ZOO_5_6_7_9\50_20210417 (23920).JPG;0
\vacia\Vacia_Leo_Otra_fauna_PASADA_POR_LA_RED_JC\Otrafauna (1124).JPG;0
\humanovehiculo\humano_vehiculo_PNM_2013-O_ISAAC\f26935IMAG0028.JPG;1
\cervidae\CERVIDREDORFALLOWDEER_ZOO_1_4\34_20201024 (887).JPG;1
\vaca\COW_ZOO_1_4\21_20201119 (2549).JPG;1
\vacia\NOANIMAL_ZOO_5_6_7_9\24_20210615 (9616).JPG;0
\gato_domestico\gato_WellingtonCameraTraps_SS\12101507125005496241.JPG;1
\vacia\NOANIMAL_ZOO_1_4\20_20201215 (174).JPG;0
\tejon\Tejon_PEPE_IREC_JC\IMAG0131_(5).JPG;1
\cervidae\CERVIDREDORFALLOWDEER_ZOO_5_6_7_9\47_20210404 (545).JPG;1
\vacia\NOANIMAL_ZOO_1_4\6_20201812 (11465).JPG;0
\jabali\WILDBOAR_ZOO_5_6_7_9\12_20210219 (167) (2021_04_15 06_16_22 UTC).JPG;1
\cervidae\CERVIDREDORFALLOWDEER_ZOO_1_4\28_20210115 (1065).JPG;1
\cervidae\CERVIDREDORFALLOWDEER_ZOO_5_6_7_9\38_20210319 (6580).JPG;1
\vacia\empty_SnapshotMountainZebra\MTZ_S1_D06_R1_IMAG2871.JPG;0
\caballo\HORSE_ZOO_5_6_7_9\46_20210618 (363).JPG;1
\vacia\empty_caltechCameraTraps\59ef8c87-23d2-11e8-a6a3-ec086b02610b.jpg;0
\jabali\WILDBOAR_ZOO_1_4\29_20201023 (549).JPG;1
\jabali\WILDBOAR_ZOO_1_4\37_20201116 (9976).JPG;1
\jabali\jabali_PNM_2012_ME\d10153IM000197.JPG;1
\leporido\LEPORIDRABBITORHARE_ZOO_5_6_7_9\46_20210418 (190).JPG;1
\zorro\Zorro_Pepe_IREC\Zorro_Pepe_Irec_ME\IMAG0089_(3).JPG;1
\lince\Lince_a_Linces2_Leo_JC\lince75 (101).JPG;1
\cervidae\gamo_buscar_cab_isaac_sin_contar\9_20201118 (230).JPG;1
\leporido\rabbit_IslandConservationCameraTraps\chile_vaqueria2013_0702201393539.jpg;1
\cervidae\CERVIDREDORFALLOWDEER_ZOO_1_4\21_20201025 (2030).JPG;1
\leporido\rabbit_CaltechCameraTrap_ME\59d27c9e-23d2-11e8-a6a3-ec086b02610b.jpg;1
\tejon\Tejon_PEPE_IREC_JC\IMAG0015_(6).JPG;1
\gineta\GINETA_PNM_2012_ISAAC\d11261IM000029.JPG;1
\vacia\NOANIMAL_ZOO_5_6_7_9\24_20210318 (6173).JPG;0
\ave\OTHERSPECIES_ZOO_1_4\15_20210117 (469).JPG;1
\cervidae\ciervo_PNC_2014_ISAAC\c22888IM000068.JPG;1
\vacia\SnampshotEnonkishu\ENO_S1_D06_R1_IMAG5268.JPG;0
\vacia\NOANIMAL_ZOO_5_6_7_9\24_20210615 (15163).JPG;0
\vacia\vacia_alumno_2_AM\Catcat 02_frame140.jpg;0
\cervidae\cervido_simone_2\34_20201024 (4049).JPG;1
\vacia\vacia_javi_2_JC\27_20201023 (7298).JPG;0
\vaca\COW_ZOO_5_6_7_9\21_20210318 (14393).JPG;1
\cervidae\CIERVO_PNM_2012_ISAAC\d13162IM000007.JPG;1
\vaca\COW_ZOO_1_4\21_20201119 (1909).JPG;1
\vacia\NOANIMAL_ZOO_5_6_7_9\2_20210417 (24957).JPG;0
\ave\shearwater_IslandConservationCameraTraps\chile_vaqueria2013_0601201331629.jpg;1
\ave\ave_ave_WellingtonCameraTraps_SS\070916065718005b7201.JPG;1
\vacia\NOANIMAL_ZOO_1_4\18_20210115 (711).JPG;0
\ave\bird_CaltechCameraTrap\5971f999-23d2-11e8-a6a3-ec086b02610b.jpg;1
\vacia\vacia_alumno_AM_2\26_20201020 (2717).JPG;0
\vacia\empty_SnapshotMountainZebra\MTZ_S1_D06_R1_IMAG1224.JPG;0
\humanovehiculo\HUMANORVEHICLE_ZOO_1_4\18_20201024 (7).JPG;1
\vacia\empty_IslandConservationCameraTraps\dominicanrepublic_cam1125abril2015_20150415_170201_img_1548.jpg;0
\lince\Lince_b_Linces2_Leo_JC\lince153 (116).JPG;1
\cervidae\CIERVO_PNM_2013-I_ISAAC\e1680IM000153.JPG;1
\cervidae\CERVIDREDORFALLOWDEER_ZOO_1_4\10_20210115 (2614).JPG;1
\vacia\NOANIMAL_ZOO_5_6_7_9\25_20210615 (7458).JPG;0
\jabali\jabali_PNC_2014_ISAAC\c11328IMAG0468.JPG;1
\vacia\NOANIMAL_ZOO_5_6_7_9\2_20210417 (17899).JPG;0
\gato_domestico\gato_WellingtonCameraTraps_SS\09101510521202201166.JPG;1
\cervidae\ciervo_Javi_3_JC\21_20201025 (2196).JPG;1
\vacia\empty_SnapshotMountainZebra\MTZ_S1_G04_R3_IMAG0254.JPG;0
\gato_domestico\cat_CaltechCameraTrap\5a0c9b8e-23d2-11e8-a6a3-ec086b02610b.jpg;1
\cervidae\ciervo_PNC_2013-I_RED_ME\2722IM000050.JPG;1
\vacia\NOANIMAL_ZOO_1_4\7_20210115 (2864).JPG;0
\meloncillo\Meloncillo_alumno_2_AM_JC\Herich 10_frame220.jpg;1
\cervidae\CERVIDREDORFALLOWDEER_ZOO_1_4\10_20201117 (613).JPG;1
\zorro\zorro_vacías_humanos_PNC_2012_ME\a40389IMAG0044.JPG;1
\cervidae\deer_CaltechCameraTrap\5976a1fd-23d2-11e8-a6a3-ec086b02610b.jpg;1
\cervidae\CERVIDREDORFALLOWDEER_ZOO_5_6_7_9\5_20210219 (1383) (2021_04_15 06_16_22 UTC).JPG;1
\cervidae\CERVIDREDORFALLOWDEER_ZOO_1_4\36_20201117 (379).JPG;1
\jabali\WILDBOAR_ZOO_1_4\37_20201116 (10254).JPG;1
\ave\Chicken_ena24\6244.jpg;1
\vacia\vacia_Soraya_Padilla_Alumno_1_TH\STC_0100_frame110.jpg;0
\vacia\SnampshotEnonkishu\ENO_S1_D06_R1_IMAG1736.JPG;0
\humanovehiculo\humano_vehiculo_PNM_2013-O_ISAAC\f4900IM000002.JPG;1
\vacia\empty_IslandConservationCameraTraps\ecuador1_cam1612_20150502_182026_img_0531.jpg;0
\lince\linces_fecha_Linces2_Leo_JC\2_Lince_flecha_Linces2_Leo_JC\lince90 (207).JPG;1
\garduna\Garduña_PNC_2014_JC\c27740IM000197.JPG;1
\tejon\Tejon_PEPE_IREC_JC\IMAG0201.JPG;1
\lince\Lince_b_Linces2_Leo_JC\lince141 (38).JPG;1
\gato_domestico\cat_CaltechCameraTrap\5979bb53-23d2-11e8-a6a3-ec086b02610b.jpg;1
\humanovehiculo\car_CaltechCameraTrap_ME\vehiculo\58ac0c7e-23d2-11e8-a6a3-ec086b02610b.jpg;1
\lince\linces_fecha_Linces2_Leo_JC\3_Lince_flecha_Linces2_Leo_JC\lince176 (46).JPG;1
\cervidae\Ciervo_PNC_2012_JC\a14865IM000789.JPG;1
\vaca\COW_ZOO_1_4\6_20201116 (1034).JPG;1
\vacia\vacias_PNC_2014_ISAAC\c6780IM000013.JPG;0
\ave\Chicken_ena24\5848.jpg;1
\leporido\rabbit_CaltechCameraTrap_ME\596d6642-23d2-11e8-a6a3-ec086b02610b.jpg;1
\humanovehiculo\humano_vehiculo_PNM_2013-O_ISAAC\f5574IMAG0004.JPG;1
\vacia\empty_SnapshotMountainZebra\MTZ_S1_D06_R1_IMAG2925.JPG;0
\vacia\empty_caltechCameraTraps\5a096a6e-23d2-11e8-a6a3-ec086b02610b.jpg;0
\leporido\conejo_Paco_Carro_JC\PICT0808 (2).JPG;1
\jabali\WILDBOAR_ZOO_1_4\29_20201117 (99).JPG;1
\vacia\NOANIMAL_ZOO_1_4\6_20201812 (12520).JPG;0
\vacia\NOANIMAL_ZOO_1_4\21_20201119 (2245).JPG;0
\cervidae\CERVIDREDORFALLOWDEER_ZOO_5_6_7_9\5_20210417 (3619).JPG;1
\vacia\vacia_Soraya_Padilla_Alumno_1_TH\DSCF0057_frame270.jpg;0
\vacia\Nothing_mammalWeb\8538.jpg;0
\vacia\NOANIMAL_ZOO_5_6_7_9\36_20210618 (13241).JPG;0
\vacia\NOANIMAL_ZOO_5_6_7_9\2_20210417 (3963).JPG;0
\cervidae\CERVIDREDORFALLOWDEER_ZOO_1_4\2_20201117 (2004).JPG;1
\micromamiferos\rat_IslandConservationCameraTraps\micronesia_cam06_cam06june2019_pig_20190629193112_11186.jpg;1
\humanovehiculo\humano_vehiculo_PNM_2012_ISAAC\d554IM000001.JPG;1
\vacia\NOANIMAL_ZOO_1_4\34_20210115 (1721).JPG;0
\cervidae\CERVIDREDORFALLOWDEER_ZOO_5_6_7_9\3_20210218 (134) (2021_04_15 06_16_22 UTC).JPG;1
\ave\2_ave_ave_WellingtonCameraTraps_SS\040116180152047a1113.JPG;1
\vacia\vacias_1_de_2_PNC_2012_ISAAC\a39043IMAG0793.JPG;0
\jabali\jabali_PNC_2014_manuel\c5864IM000064.JPG;1
\tejon\tejon_alumno_2_AM_JC\STC_0060_frame000.jpg;1
\vacia\NOANIMAL_ZOO_1_4\17_20210114 (502).JPG;0
\vacia\empty_IslandConservationCameraTraps\puertorico_19_20141128_094648_img_0071.jpg;0
\jabali\WILDBOAR_ZOO_5_6_7_9\31_20210318 (939).JPG;1
\cervidae\ciervo_vacías_humanos_PNC_2012_ME\a13962IM000161.JPG;1
\vacia\empty_IslandConservationCameraTraps\ecuador1_ic1611_20150101_000001_img_2394.jpg;0
\gato_domestico\cat_IslandConservationCameraTraps\puertorico_18_20150306_074014_img_0332.jpg;1
\gato_domestico\gato_WellingtonCameraTraps_SS\3003150859080237S061.JPG;1
\cervidae\CERVIDREDORFALLOWDEER_ZOO_5_6_7_9\1_20210319 (1069).JPG;1
\vacia\NOANIMAL_ZOO_1_4\4_20210117 (1328).JPG;0
\vacia\vacias_2_de_2_PNC_2012_ISAAC\a43823IM000720.JPG;0
\ave\OTHERSPECIES_ZOO_5_6_7_9\50_20210417 (79).JPG;1
\cervidae\CERVIDREDORFALLOWDEER_ZOO_5_6_7_9\35_20210218 (2186) (2021_04_15 06_16_22 UTC).JPG;1
\ave\birdother_SnapshotCamdeboo\CDB_S1_B06_R1_IMAG0156.JPG;1
\vacia\vacias_2_de_2_PNC_2012_ISAAC\a7820IM000138.JPG;0
\vacia\vacias_1_de_2_PNC_2012_ISAAC\a41149IM000429.JPG;0
\vacia\empty_SnapshotMountainZebra\MTZ_S1_D07_R1_IMAG0726.JPG;0
\micromamiferos\rat_IslandConservationCameraTraps\micronesia_cam03april2019_20190412_024151_rcnx0541.jpg;1
\vacia\NOANIMAL_ZOO_1_4\34_20210115 (8693).JPG;0
\vaca\cow_CaltechCameraTrap\593d67f9-23d2-11e8-a6a3-ec086b02610b.jpg;1
\vacia\NOANIMAL_ZOO_5_6_7_9\24_20210219 (477) (2021_04_15 06_16_22 UTC).JPG;0
\jabali\WILDBOAR_ZOO_1_4\29_20201023 (751).JPG;1
\vacia\empty_caltechCameraTraps\5a296322-23d2-11e8-a6a3-ec086b02610b.jpg;0
\vaca\cow_CaltechCameraTrap\585f4c99-23d2-11e8-a6a3-ec086b02610b.jpg;1
\cervidae\ciervo_PNC_2013-I_RED_ME\3140IMAG0046.JPG;1
\cervidae\CERVIDREDORFALLOWDEER_ZOO_1_4\18_20210115 (1888).JPG;1
\cervidae\CERVIDREDORFALLOWDEER_ZOO_5_6_7_9\50_20210616 (12063).JPG;1
\vacia\vacias_2_de_2_PNC_2012_ISAAC\a8158IM000102.JPG;0
\cervidae\ciervo_Javi_3_JC\25_20201024 (1147).JPG;1
\zorro\zorro_PNM_2013-O_ISAAC\f11816IM000102.JPG;1
\humanovehiculo\humano_vehiculo_PNM_2012_ISAAC\d3645IM000012.JPG;1
\vaca\COW_ZOO_1_4\2_20201215 (8218).JPG;1
\cervidae\cervidae_buscar_cab_isaac_sin_contar\4_20201220 (507).JPG;1
\perro\perros_ME_CASA\IMG_0327.JPG;1
\micromamiferos\rat_IslandConservationCameraTraps\dominicanrepublic_cam2418mayo2017_20170512_015742_img_0072.jpg;1
\vacia\SnampshotEnonkishu\ENO_S1_D03_R1_IMAG1815.JPG;0
\gato_domestico\gato_WellingtonCameraTraps_SS\22111504284602359703.JPG;1
\cervidae\cervidae_buscar_cab_isaac_sin_contar\2_20201215 (7612).JPG;1
\jabali\WILDBOAR_ZOO_5_6_7_9\35_20210218 (1095) (2021_04_15 06_16_22 UTC).JPG;1
\vacia\NOANIMAL_ZOO_1_4\43_20201217 (1014).JPG;0
\vacia\NOANIMAL_ZOO_1_4\34_20210115 (8118).JPG;0
\ave\4_Ave_Leo_Otra_fauna_PASADA_POR_LA_RED_JC\Otrafauna (780).JPG;1
\caballo\HORSE_ZOO_5_6_7_9\46_20210618 (246).JPG;1
\meloncillo\Meloncillo_PEPE_IREC_JC\IMAG0270_(3).JPG;1
\vaca\COW_ZOO_1_4\15_20201024 (7532).JPG;1
\zorro\REDFOX_ZOO_1_4\11_20201217 (303).JPG;1
\zorro\2_zorros_PNC_2014_JC\c3178IM000116.JPG;1
\cervidae\ciervo_PNM_2013-O_ISAAC\f5283IM000193.JPG;1
\cervidae\2_Ciervos_PNC2012_JC\a10880IM000030.JPG;1
\vacia\NOANIMAL_ZOO_5_6_7_9\32_20210615 (5982).JPG;0
\zorro\zorro_vacías_humanos_PNC_2012_ME\a34095IM000320.JPG;1
\leporido\rabbit_CaltechCameraTrap_ME\594211e9-23d2-11e8-a6a3-ec086b02610b.jpg;1
\jabali\WILDBOAR_ZOO_1_4\37_20201116 (540).JPG;1
\vaca\COW_ZOO_5_6_7_9\17_20210318 (997).JPG;1
\cervidae\deer_CaltechCameraTrap\598f784e-23d2-11e8-a6a3-ec086b02610b.jpg;1
\mapache\raccoon_CaltechCameraTrap_ME\58af767e-23d2-11e8-a6a3-ec086b02610b.jpg;1
\cervidae\CERVIDREDORFALLOWDEER_ZOO_5_6_7_9\49_20210418 (13126).JPG;1
\cervidae\CERVIDREDORFALLOWDEER_ZOO_5_6_7_9\28_20210417 (1743).JPG;1
\cervidae\cervidae_ME_rev_1_donana\37_20201024 (12370).JPG;1
\lince\Lince_a_Linces2_Leo_JC\lince124 (4).JPG;1
\ave\OTHERSPECIES_ZOO_1_4\26_20201117 (2827).JPG;1
\gato_domestico\gato_WellingtonCameraTraps_SS\181215013036043c1603.JPG;1
\vacia\NOANIMAL_ZOO_5_6_7_9\11_20210615 (1496).JPG;0
\leporido\rabbit_IslandConservationCameraTraps\chile_frances022013_2805201382924.jpg;1
\jabali\WILDBOAR_ZOO_1_4\37_20201024 (10685).JPG;1
\leporido\conejo_WellingtonCameraTraps_SS\22101512210804600053.JPG;1
\gato_domestico\gato_WellingtonCameraTraps_SS\240416191106031c5021.JPG;1
\jabali\WILDBOAR_ZOO_1_4\24_20201218 (1261).JPG;1
\humanovehiculo\HUMANORVEHICLE_ZOO_1_4\36_20201215 (530).JPG;1
\vaca\COW_ZOO_5_6_7_9\21_20210418 (382).JPG;1
\zorro\fox_CaltechCameraTrap_ME\586c89dc-23d2-11e8-a6a3-ec086b02610b.jpg;1
\cervidae\ciervo_simone_2\40_20201024 (8615).JPG;1
\vacia\empty_IslandConservationCameraTraps\dominicanrepublic_cam0425abril2015_20130822_043503_sunp4266.jpg;0
\vacia\empty_IslandConservationCameraTraps\dominicanrepublic_cam0425abril2015_20130826_045100_sunp6166.jpg;0
\vacia\empty_caltechCameraTraps\595adbb4-23d2-11e8-a6a3-ec086b02610b.jpg;0
\leporido\rabbit_CaltechCameraTrap_ME\59a17c7d-23d2-11e8-a6a3-ec086b02610b.jpg;1
\jabali\WILDBOAR_ZOO_1_4\37_20201116 (7305).JPG;1
\vacia\empty_SnapshotMountainZebra\MTZ_S1_D06_R1_IMAG2830.JPG;0
\cervidae\cervidae_buscar_cab_isaac_sin_contar\2_20201117 (4789).JPG;1
\vacia\empty_SnapshotMountainZebra\MTZ_S1_D07_R1_IMAG1988.JPG;0
\cervidae\deer_CaltechCameraTrap\585dab62-23d2-11e8-a6a3-ec086b02610b.jpg;1
\vacia\empty_caltechCameraTraps\5976a4bf-23d2-11e8-a6a3-ec086b02610b.jpg;0
\humanovehiculo\humano_vehiculo_PNM_2013-O_ME\f4210IM000280.JPG;1
\lince\Lince_b_Linces2_Leo_JC\lince154 (1).JPG;1
\ave\bird_CaltechCameraTrap\59ddc128-23d2-11e8-a6a3-ec086b02610b.jpg;1
\leporido\LEPORIDRABBITORHARE_ZOO_5_6_7_9\11_20210418 (674).JPG;1
\vacia\empty_IslandConservationCameraTraps\dominicanrepublic_cam11618mayo2017_20170512_091355_img_0276.jpg;0
\caballo\caballos_javier_JC\2_20201117 (3520).JPG;1
\micromamiferos\rat_IslandConservationCameraTraps\micronesia_cam06_cam06june2019_pig_20190629192215_11295.jpg;1
\zorro\zorro_alumno_2_AM_JC\cachorro de día explora_frame130.jpg;1
\leporido\rabbit_IslandConservationCameraTraps\chile_frances012013_07012013162811.jpg;1
\vacia\NOANIMAL_ZOO_1_4\6_20201812 (9022).JPG;0
\leporido\rabbit_IslandConservationCameraTraps\chile_frances012013_21122012184220.jpg;1
\vacia\NOANIMAL_ZOO_5_6_7_9\18_20210219 (5891) (2021_04_15 06_16_22 UTC).JPG;0
\cervidae\CERVIDREDORFALLOWDEER_ZOO_5_6_7_9\47_20210615 (1540).JPG;1
\ave\ave_Soraya_Padilla_Alumno_1_TH\DSCF0016_frame070.jpg;1
\vacia\NOANIMAL_ZOO_1_4\6_20201812 (13620).JPG;0
\vacia\empty_SnapshotMountainZebra\MTZ_S1_D06_R1_IMAG2682.JPG;0
\vacia\NOANIMAL_ZOO_1_4\6_20201812 (14623).JPG;0
\leporido\rabbit_IslandConservationCameraTraps\chile_piedra012013_27042013160803.jpg;1
\vacia\vacias_2_de_2_PNC_2012_ISAAC\a2214IM000007.JPG;0
\leporido\Rabbit_mammalWeb\117458.jpg;1
\jabali\WILDBOAR_ZOO_5_6_7_9\11_20210218 (589) (2021_04_15 06_16_22 UTC).JPG;1
\cervidae\CERVIDREDORFALLOWDEER_ZOO_5_6_7_9\15_20210219 (2420) (2021_04_15 06_16_22 UTC).JPG;1
\cervidae\CERVIDREDORFALLOWDEER_ZOO_1_4\2_20210115 (9939).JPG;1
\vacia\vacias_PNC_2014_ISAAC\c21326IM000046.JPG;0
\vacia\NOANIMAL_ZOO_1_4\6_20201116 (4190).JPG;0
\vacia\empty_IslandConservationCameraTraps\ecuador1_ic1611_20150101_000001_img_0513.jpg;0
\humanovehiculo\humanos_Paco_Carro_JC\01020004.JPG;1
\vaca\COW_ZOO_1_4\35_20210114 (351).JPG;1
\ave\raven_IslandConservationCameraTraps\dominicanrepublic_cam1218octubre2015_20151007_023040_img_0121.jpg;1
\gato_domestico\gato_WellingtonCameraTraps_SS\250416134032023c8283.JPG;1
\mapache\raccoon_CaltechCameraTrap_ME\58782b96-23d2-11e8-a6a3-ec086b02610b.jpg;1
\cervidae\CERVIDREDORFALLOWDEER_ZOO_5_6_7_9\39_20210417 (1705).JPG;1
\caballo\HORSE_ZOO_1_4\10_20201218 (759).JPG;1
\zorro\Zorro_Pepe_IREC\Zorro_Pepe_Irec_ME\IMAG0279_(2).JPG;1
\jabali\jabali_javi_JC\28_20201019 (1528).JPG;1
\ave\ave_PNC_2013-O_RED_ISAAC\b4351IMAG0220.JPG;1
\vacia\NOANIMAL_ZOO_5_6_7_9\25_20210319 (1587).JPG;0
\cervidae\CERVIDREDORFALLOWDEER_ZOO_5_6_7_9\18_20210219 (6710) (2021_04_15 06_16_22 UTC).JPG;1
\cervidae\CERVIDREDORFALLOWDEER_ZOO_5_6_7_9\19_20210319 (1887).JPG;1
\ave\ave_PNC_2012_ISAAC\a19190IM000322.JPG;1
\humanovehiculo\humanos_Paco_Carro_JC\PICT0021 (2).JPG;1
\cervidae\ciervo_Javi_3_JC\24_20201019 (1204).JPG;1
\cervidae\CERVIDREDORFALLOWDEER_ZOO_1_4\2_20210115 (5694).JPG;1
\ave\bird_CaltechCameraTrap\59da8ada-23d2-11e8-a6a3-ec086b02610b.jpg;1
\vacia\empty_caltechCameraTraps\59e104a2-23d2-11e8-a6a3-ec086b02610b.jpg;0
\zorro\zorro_PNC_2012_JC\a44100IMAG0047.JPG;1
\caballo\HORSE_ZOO_1_4\15_20210117 (15074).JPG;1
\humanovehiculo\car_CaltechCameraTrap_ME\vehiculo\5995afb9-23d2-11e8-a6a3-ec086b02610b.jpg;1
\zorro\Zorro_Pepe_IREC\Zorro_Pepe_Irec_ME\IMAG0036_(14).JPG;1
\vacia\NOANIMAL_ZOO_1_4\37_20201024 (9777).JPG;0
\vacia\NOANIMAL_ZOO_1_4\21_20210114 (2894).JPG;0
\leporido\rabbit_IslandConservationCameraTraps\chile_piedra012013_01042013131237.jpg;1
\jabali\WILDBOAR_ZOO_1_4\29_20201023 (464).JPG;1
\cervidae\ciervo_PNC_2014_ISAAC\c28394FILE0051.JPG;1
\vacia\NOANIMAL_ZOO_5_6_7_9\24_20210318 (6731).JPG;0
\jabali\WILDBOAR_ZOO_1_4\37_20201116 (5170).JPG;1
\gato_domestico\cat_IslandConservationCameraTraps\dominicanrepublic_cam1126junio2015_20150613_001939_img_0013.jpg;1
\vacia\vacias_2_de_2_PNC_2012_ISAAC\a878IM000224.JPG;0
\caballo\caballos_alumno_AM\caballos_alumno_AM\2_20201215 (3301).JPG;1
\mapache\raccoon_CaltechCameraTrap_ME\58aa59c0-23d2-11e8-a6a3-ec086b02610b.jpg;1
\cervidae\CERVIDREDORFALLOWDEER_ZOO_5_6_7_9\38_20210319 (6691).JPG;1
\vaca\COW_ZOO_1_4\35_20210114 (335).JPG;1
\zorro\zorro_PNC_2014_manuel\c13087IMAG0041.JPG;1
\ave\OTHERSPECIES_ZOO_1_4\15_20210117 (9351).JPG;1
\vacia\vacias_1_de_2_PNC_2012_ISAAC\a41446IM000727.JPG;0
\vacia\Vacia_Paco_Carro_camarasliron_4_2_PASADAS_POR_LA_RED_JC\MDGC0098.JPG;0
\ave\rooster_IslandConservationCameraTraps\palau_cam09a12132018_20181016_073508_rcnx0677.jpg;1
\vacia\NOANIMAL_ZOO_1_4\26_20201117 (2001).JPG;0
\vacia\NOANIMAL_ZOO_1_4\7_20210115 (2709).JPG;0
\lince\linces_fecha_Linces2_Leo_JC\2_Lince_flecha_Linces2_Leo_JC\Lince63 (1).jpg;1
\zorro\Zorro_Pepe_IREC\Zorro_Pepe_Irec_ME\IMAG0195.JPG;1
\cervidae\CERVIDREDORFALLOWDEER_ZOO_1_4\21_20201025 (293).JPG;1
\lince\Lince_a_Linces2_Leo_JC\lince94 (126).JPG;1
\vacia\empty_SnapshotKaroo\KAR_S1_C03_R1_IMAG0288.JPG;0
\cervidae\CERVIDREDORFALLOWDEER_ZOO_1_4\28_20201019 (1136).JPG;1
\vacia\vacia_alumno_1_AM\40_20201024 (6167).JPG;0
\ave\American Crow_ena24\7785.jpg;1
\lince\Lince_b_Linces2_Leo_JC\lince228 (94).JPG;1
\vacia\vacio_Saul Martin_FRAMES_SIN_REPETIDOS_REVISADOS_DIEGO\IMAG0033_frame340.jpg;0
\vacia\empty_IslandConservationCameraTraps\dominicanrepublic_cam1826julio2015_20150628_083059_img_0471.jpg;0
\cervidae\ciervo_vacías_humanos_PNC_2012_ME\a7089IM000123.JPG;1
\jabali\WILDBOAR_ZOO_1_4\37_20201116 (15567).JPG;1
\humanovehiculo\humanos_Paco_Carro_JC\IMG_0108.JPG;1
\lince\Lince_a_Linces2_Leo_JC\lince74 (186).JPG;1
\jabali\WILDBOAR_ZOO_5_6_7_9\31_20210318 (621).JPG;1
\vacia\NOANIMAL_ZOO_1_4\7_20210115 (2145).JPG;0
\cervidae\2_ciervo_Javi_3_JC\21_20201025 (1936).JPG;1
\vacia\Vacias_PNC_2013-O_ME\b7602IM000178.JPG;0
\vacia\vacias_PNM_2013-O_ISAAC\f20543IM000042.JPG;0
\jabali\WILDBOAR_ZOO_1_4\37_20201116 (11957).JPG;1
\leporido\rabbit_IslandConservationCameraTraps\chile_frances022013_23042013111849.jpg;1
\vacia\NOANIMAL_ZOO_5_6_7_9\20_20210319 (12363).JPG;0
\vacia\NOANIMAL_ZOO_5_6_7_9\36_20210618 (6000).JPG;0
\caballo\HORSE_ZOO_1_4\15_20210117 (10844).JPG;1
\vacia\empty_SnapshotMountainZebra\MTZ_S1_D07_R1_IMAG0813.JPG;0
\meloncillo\Meloncillo_PEPE_IREC_JC\IMAG0096_(6).JPG;1
\lince\Lince_a_Linces2_Leo_JC\lince74 (23).JPG;1
\zorro\zorro_PNC_2014_manuel\c26240IM000099.JPG;1
\lince\Lince_b_Linces2_Leo_JC\lince228 (519).JPG;1
\zorro\Zorro_PNC_2014_JC\c16829IM000101.JPG;1
\vacia\NOANIMAL_ZOO_5_6_7_9\47_20210418 (555).JPG;0
\zorro\zorro_PNC_2013-I_RED_ME\5614IM000039.JPG;1
\leporido\rabbit_CaltechCameraTrap_ME\5874d505-23d2-11e8-a6a3-ec086b02610b.jpg;1
\vacia\vacias_1_de_2_PNC_2012_ISAAC\a38500IMAG0235.JPG;0
\cervidae\5_ciervo_simone_2\34_20201024 (5680).JPG;1
\vacia\empty_SnapshotMountainZebra\MTZ_S1_D06_R1_IMAG2663.JPG;0
\lince\Lince_a_Linces2_Leo_JC\lince74 (157).JPG;1
\gato_domestico\cat_IslandConservationCameraTraps\palau_cam13a12132018_20180924_145402_rcnx0552.jpg;1
\vacia\empty_SnapshotMountainZebra\MTZ_S1_D06_R1_IMAG1952.JPG;0
\jabali\WILDBOAR_ZOO_1_4\29_20201023 (121).JPG;1
\cervidae\ciervo_ME_rev_3_donana\6_20201023 (1237).JPG;1
\ave\2_ave_alumno_1_TH\Ave (1)_frame000.jpg;1
\jabali\WILDBOAR_ZOO_1_4\37_20201116 (10899).JPG;1
\vacia\vacia_alumno_1_AM_2\26_20201020 (2606).JPG;0
\zorro\Zorro_PNC_2014_JC\c9810IM000060.JPG;1
\cervidae\CERVIDREDORFALLOWDEER_ZOO_5_6_7_9\5_20210417 (4615).JPG;1
\gineta\gineta_PNM_2012_ISAAC\d14639FILE0027.JPG;1
\vaca\cow_CaltechCameraTrap\586ae016-23d2-11e8-a6a3-ec086b02610b.jpg;1
\zorro\Zorro_Pepe_IREC\Zorro_Pepe_Irec_ME\IMAG0702.JPG;1
\cervidae\deer_CaltechCameraTrap\5a1b15a3-23d2-11e8-a6a3-ec086b02610b.jpg;1
\lince\linces_fecha_Linces2_Leo_JC\2_Lince_flecha_Linces2_Leo_JC\Lince62 (4).jpg;1
\vacia\vacias_PNM_2012_ME\d1142IM000606.JPG;0
\zorro\zorro_PNM_2012_ISAAC\d4218IM000495.JPG;1
\cervidae\deer_CaltechCameraTrap\59fae450-23d2-11e8-a6a3-ec086b02610b.jpg;1
\cervidae\ciervo_PNC_2014_ISAAC\c22871IM000050.JPG;1
\vacia\NOANIMAL_ZOO_5_6_7_9\32_20210615 (8054).JPG;0
\ave\ave_PNC_2013-O_RED_ISAAC\b5123IMAG0995.JPG;1
\cervidae\deer_CaltechCameraTrap\59751551-23d2-11e8-a6a3-ec086b02610b.jpg;1
\jabali\jabali_alumno_2_AM_JC\Susscr 1_frame380.jpg;1
\cervidae\deer_CaltechCameraTrap\58cfc921-23d2-11e8-a6a3-ec086b02610b.jpg;1
\humanovehiculo\car_CaltechCameraTrap_ME\vehiculo\586c8857-23d2-11e8-a6a3-ec086b02610b.jpg;1
\vacia\NOANIMAL_ZOO_1_4\7_20210115 (577).JPG;0
\vacia\vacia_alumno_2_AM\Musniv 02_frame320.jpg;0
\vacia\empty_SnapshotKaroo\KAR_S1_F02_R1_IMAG1555.JPG;0
\vacia\empty_IslandConservationCameraTraps\dominicanrepublic_cam1625septiembre2015_20150919_104641_img_0036.jpg;0
\leporido\rabbit_IslandConservationCameraTraps\chile_piedra012013_2403201351358.jpg;1
\vacia\empty_IslandConservationCameraTraps\dominicanrepublic_cam0425abril2015_20130827_043123_sunp6458.jpg;0
\vacia\vacias_2_de_2_PNC_2012_ISAAC\a5905IM000714.JPG;0
\jabali\WILDBOAR_ZOO_5_6_7_9\10_20210319 (9590).JPG;1
\leporido\Rabbit_mammalWeb\171271.jpg;1
\vacia\empty_IslandConservationCameraTraps\dominicanrepublic_cam1826junio2015_20150505_074337_img_1276.jpg;0
\zorro\zorro_PNC_2014_manuel\c2999IM000105.JPG;1
\leporido\conejo_Paco_Carro_JC\PICT0852.JPG;1
\jabali\WILDBOAR_ZOO_5_6_7_9\33_20210218 (103) (2021_04_15 06_16_22 UTC).JPG;1
\cervidae\2_ciervo_Paco_Carro_JC\PICT0240.JPG;1
\leporido\conejo_Paco_Carro_JC\PICT2004.JPG;1
\gato_domestico\gato_WellingtonCameraTraps_SS\2606151115261096S363.JPG;1
\vacia\vacias_1_de_2_PNC_2012_ISAAC\a39298IMAG1046.JPG;0
\vacia\vacia_alumno_2_2_TH_JC\27_20201023 (7166).JPG;0
\cervidae\ciervo_simone_2\37_20201024 (9412).JPG;1
\vacia\NOANIMAL_ZOO_5_6_7_9\50_20210417 (23620).JPG;0
\jabali\jabali_PNM_2013-O_ME\f10700IMAG0040.JPG;1
\caballo\HORSE_ZOO_1_4\15_20210117 (1834).JPG;1
\cervidae\ciervo_PNC_2014_ISAAC\c28387FILE0044.JPG;1
\vacia\Vacia_ME_rev_3_donana\37_20201024 (2116).JPG;0
\cervidae\CERVIDREDORFALLOWDEER_ZOO_5_6_7_9\39_20210318 (65).JPG;1
\vacia\NOANIMAL_ZOO_1_4\15_20201024 (3852).JPG;0
\caballo\caballos_alumno_AM\caballos_alumno_AM\9_20201712 (2222).JPG;1
\cervidae\CERVIDREDORFALLOWDEER_ZOO_1_4\34_20201024 (4623).JPG;1
\vacia\vacias_PNM_2013-O_ISAAC\f21165IM000657.JPG;0
\micromamiferos\Small rodent_mammalWeb\22832.jpg;1
\meloncillo\Meloncillo_PEPE_IREC_JC\IMAG0094_(8).JPG;1
\vacia\vacias_2_de_2_PNC_2012_ISAAC\a4774IM000414.JPG;0
\humanovehiculo\HUMANORVEHICLE_ZOO_5_6_7_9\8_20210318 (2).JPG;1
\ave\ave_PNC_2013-O_RED_ISAAC\b433IMAG0037.JPG;1
\cervidae\deer_CaltechCameraTrap\592c4c97-23d2-11e8-a6a3-ec086b02610b.jpg;1
\cervidae\corzo_alumno_1_TH\Capcap (9)_frame240.jpg;1
\cervidae\deer_CaltechCameraTrap\59b7a7d1-23d2-11e8-a6a3-ec086b02610b.jpg;1
\vacia\empty_SnapshotMountainZebra\MTZ_S1_G04_R3_IMAG2565.JPG;0
\vacia\vacia_javi_2_JC\27_20201023 (7090).JPG;0
\ave\Mirlo_PNC_2014_JC\c13929IMAG0024.JPG;1
\vacia\SnampshotEnonkishu\ENO_S1_D06_R1_IMAG4365.JPG;0
\humanovehiculo\humano_vehículo_alumno_2_AM_JC\Obreros (2)_frame100.jpg;1
\vacia\empty_SnapshotMountainZebra\MTZ_S1_D07_R1_IMAG0216.JPG;0
\zorro\zorro_Leo_Otra_fauna_PASADA_POR_LA_RED_JC\Otrafauna (412).JPG;1
\leporido\LEPORIDRABBITORHARE_ZOO_1_4\6_20201023 (678).JPG;1
\vacia\NOANIMAL_ZOO_5_6_7_9\28_20210318 (654).JPG;0
\vacia\NOANIMAL_ZOO_1_4\37_20201116 (9552).JPG;0
\micromamiferos\micromamiferos_Paco_Carro_JC\IMG_0213.JPG;1
\vacia\NOANIMAL_ZOO_1_4\26_20201020 (11138).JPG;0
\cervidae\2_ciervo_Javi_3_JC\21_20201025 (1953).JPG;1
\leporido\rabbit_IslandConservationCameraTraps\chile_frances022013_07052013120912.jpg;1
\leporido\rabbit_CaltechCameraTrap_ME\59ddc027-23d2-11e8-a6a3-ec086b02610b.jpg;1
\tejon\Badger_mammalWeb\29727.jpg;1
\cervidae\CERVIDREDORFALLOWDEER_ZOO_5_6_7_9\28_20210615 (2619).JPG;1
\vacia\empty_SnapshotMountainZebra\MTZ_S1_E06_R1_IMAG1303.JPG;0
\vacia\NOANIMAL_ZOO_1_4\34_20210115 (7840).JPG;0
\vacia\empty_caltechCameraTraps\59eaba89-23d2-11e8-a6a3-ec086b02610b.jpg;0
\lince\Lince_b_Linces2_Leo_JC\lince221 (2).jpg;1
\jabali\WILDBOAR_ZOO_1_4\20_20201117 (64).JPG;1
\jabali\jabali_javi_JC\41_20201025 (38).JPG;1
\vaca\cow_CaltechCameraTrap\587b7ee0-23d2-11e8-a6a3-ec086b02610b.jpg;1
\ave\ave_ave_WellingtonCameraTraps_SS\010216164016002c8231.JPG;1
\ave\OTHERSPECIES_ZOO_5_6_7_9\38_20210618 (787).JPG;1
\vaca\COW_ZOO_1_4\15_20201024 (8155).JPG;1
\cervidae\CERVIDREDORFALLOWDEER_ZOO_5_6_7_9\38_20210219 (1029) (2021_04_15 06_16_22 UTC).JPG;1
\cervidae\CERVIDREDORFALLOWDEER_ZOO_1_4\21_20201119 (1854).JPG;1
\vacia\empty_SnapshotMountainZebra\MTZ_S1_C06_R1_IMAG0376.JPG;0
\jabali\WILDBOAR_ZOO_1_4\15_20210117 (7996).JPG;1
\vacia\empty_SnapshotMountainZebra\MTZ_S1_G04_R3_IMAG3063.JPG;0
\ave\ave_ave_WellingtonCameraTraps_SS\070816083514035c7482.JPG;1
\jabali\WILDBOAR_ZOO_1_4\20_20201215 (563).JPG;1
\vacia\NOANIMAL_ZOO_1_4\26_20201020 (10848).JPG;0
\vacia\vacias_2_de_2_PNC_2012_ISAAC\a3974IM000339.JPG;0
\jabali\jabali_PNC_2014_manuel\c11622IMAG0398.JPG;1
\meloncillo\Meloncillo_PEPE_IREC_JC\IMAG0538_(4).JPG;1
\vacia\empty_caltechCameraTraps\595950d5-23d2-11e8-a6a3-ec086b02610b.jpg;0
\jabali\Jabali_PNC_2012_JC\a32986IM000002.JPG;1
\jabali\jabali_PNC_2013-O_RED_ISAAC\b17587IM000124.JPG;1
\vacia\vacia_Paco_Carro_JC\IMG_1559.JPG;0
\vacia\vacias_PNM_2012_ME\d11959IM000009.JPG;0
\leporido\conejo_Paco_Carro_JC\PICT1071.JPG;1
\vacia\NOANIMAL_ZOO_5_6_7_9\11_20210218 (61) (2021_04_15 06_16_22 UTC).JPG;0
\vacia\SnampshotEnonkishu\ENO_S1_D03_R1_IMAG2281.JPG;0
\leporido\rabbit_CaltechCameraTrap_ME\5975141f-23d2-11e8-a6a3-ec086b02610b.jpg;1
\leporido\conejo_alumno_1_TH\Conejo_alumno_2_AM_JC\Orycun (1)_frame100.jpg;1
\lince\Lince_b_Linces2_Leo_JC\lince144 (127).JPG;1
\leporido\rabbit_IslandConservationCameraTraps\chile_frances012013_24122012153051.jpg;1
\vacia\NOANIMAL_ZOO_5_6_7_9\35_20210218 (537) (2021_04_15 06_16_22 UTC).JPG;0
\vacia\vacio_Saul Martin_FRAMES_SIN_REPETIDOS_REVISADOS_DIEGO\IMAG0020_frame000.jpg;0
\ave\rooster_IslandConservationCameraTraps\palau_cam13a12132018_20181110_163856_rcnx1318.jpg;1
\mapache\raccoon_CaltechCameraTrap_ME\59a7bd78-23d2-11e8-a6a3-ec086b02610b.jpg;1
\vacia\empty_caltechCameraTraps\59817cec-23d2-11e8-a6a3-ec086b02610b.jpg;0
\lince\Lince_a_Linces2_Leo_JC\Lince60 (250).JPG;1
\cervidae\ciervo_Paco_Carro_JC\PICT0232.JPG;1
\lince\Lince_a_Linces2_Leo_JC\Lince53 (42).JPG;1
\vacia\NOANIMAL_ZOO_1_4\40_20201024 (6021).JPG;0
\vacia\empty_SnapshotMountainZebra\MTZ_S1_G04_R3_IMAG1069.JPG;0
\ave\2_ave_ave_WellingtonCameraTraps_SS\050416175512047a1163.JPG;1
\leporido\conejo_alumno_2_2_TH_JC\6_20201023 (3361).JPG;1
\tejon\Tejon_Leo_Otra_fauna_PASADA_POR_LA_RED_JC\Otrafauna (822).JPG;1
\vacia\NOANIMAL_ZOO_1_4\29_20201117 (183).JPG;0
\vacia\vacias_1_de_2_PNC_2012_ISAAC\a37478IM000605.JPG;0
\vaca\COW_ZOO_1_4\24_20201019 (1399).JPG;1
\vacia\NOANIMAL_ZOO_1_4\37_20201116 (2513).JPG;0
\gineta\gineta_Saul Martin_FRAMES_SIN_REPETIDOS_REVISADOS_DIEGO\IMAG0010_frame540.jpg;1
\cervidae\ciervo_vacías_humanos_PNC_2012_ME\a23668IM000113.JPG;1
\zorro\zorro_PNC_2012_JC\a44472IM000057.JPG;1
\gato_domestico\gato_WellingtonCameraTraps_SS\080516233310009c3102.JPG;1
\zorro\zorro_PNC_2012_JC\a24263IM000035.JPG;1
\cervidae\CERVIDREDORFALLOWDEER_ZOO_5_6_7_9\36_20210618 (3591).JPG;1
\garduna\garduna_PNM_2012_ME\d15832IMAG0009.JPG;1
\leporido\rabbit_CaltechCameraTrap_ME\58df6935-23d2-11e8-a6a3-ec086b02610b.jpg;1
\cervidae\CERVIDREDORFALLOWDEER_ZOO_1_4\40_20201024 (8649).JPG;1
\leporido\conejo_Paco_Carro_JC\PICT1727.JPG;1
\vacia\NOANIMAL_ZOO_5_6_7_9\22_20210417 (9167).JPG;0
\vacia\vacias_PNM_2013-O_ISAAC\f15615IMAG0392.JPG;0
\vacia\empty_IslandConservationCameraTraps\dominicanrepublic_cam1826junio2015_20150505_074613_img_1293.jpg;0
\gato_domestico\cat_IslandConservationCameraTraps\palau_cam02a12132018_20180924_154230_rcnx0613.jpg;1
\cervidae\cervidae_buscar_cab_isaac_sin_contar\28_20201117 (941).JPG;1
\humanovehiculo\humano_vehiculo_PNC_2013-I_ISAAC\1456IM000014.JPG;1
\ave\ave_ave_WellingtonCameraTraps_SS\100716115624043a7512.JPG;1
\vacia\empty_IslandConservationCameraTraps\ecuador1_ic1610_20180705_151157_img_0040.jpg;0
\vacia\NOANIMAL_ZOO_5_6_7_9\25_20210417 (11740).JPG;0
\vacia\empty_SnapshotMountainZebra\MTZ_S1_D06_R1_IMAG0524.JPG;0
\vacia\empty_SnapshotMountainZebra\MTZ_S1_D05_R1_IMAG1591.JPG;0
\vaca\COW_ZOO_5_6_7_9\46_20210618 (603).JPG;1
\ave\ave_Soraya_Padilla_Alumno_1_TH\STC_0226_frame040.jpg;1
\vacia\vacias_2_de_2_PNC_2012_ISAAC\a43976IM000784.JPG;0
\cervidae\CERVIDREDORFALLOWDEER_ZOO_5_6_7_9\35_20210418 (674).JPG;1
\cervidae\Ciervo_PNC_2014_JC\c788IM000199.JPG;1
\vacia\Nothing_mammalWeb\45847.jpg;0
\meloncillo\EGYPTIANMONGOOSE_ZOO_5_6_7_9\36_20210219 (1099) (2021_04_15 06_16_22 UTC).JPG;1
\gato_domestico\gato_WellingtonCameraTraps_SS\221016023802011b3101.JPG;1
\vacia\empty_SnapshotMountainZebra\MTZ_S1_E06_R3_IMAG0117.JPG;0
\zorro\zorro_PNC_2013-I_ME\7746IM000057.JPG;1
\cervidae\corzo_alumno_2_AM_JC\DSCF0008_frame440.jpg;1
\vacia\empty_caltechCameraTraps\59aad974-23d2-11e8-a6a3-ec086b02610b.jpg;0
\zorro\zorro_PNC_2013-O_RED_ISAAC\b686IMAG0172.JPG;1
\humanovehiculo\humanovehiculo_vacías_humanos_PNC_2012_ME\a1031IM000002.JPG;1
\vacia\NOANIMAL_ZOO_1_4\26_20201020 (11479).JPG;0
\jabali\JABALI_PNM_2012_ISAAC\d1350IM000035.JPG;1
\humanovehiculo\humanovehiculo_PNC_2014_manuel\c14983IMAG0449.JPG;1
\ave\American Crow_ena24\8277.jpg;1
\zorro\zorro_Saul Martin_FRAMES_SIN_REPETIDOS_REVISADOS_DIEGO\SY_00036_frame220.jpg;1
\zorro\zorro_PNC_2012_JC\a47336IM000090.JPG;1
\vaca\COW_ZOO_1_4\6_20201116 (1041).JPG;1
\cervidae\ciervo_PNM_2013-O_ISAAC\f28866IMAG0458.JPG;1
\caballo\HORSE_ZOO_5_6_7_9\44_20210618 (216).JPG;1
\cervidae\Ciervo_PNC_2014_JC\c6427IM000071.JPG;1
\humanovehiculo\humanovehiculo_PNC_2014_manuel\c14613IMAG0075.JPG;1
\zorro\Zorro_PNM_2013-0_ME\f12672IM000324.JPG;1
\lince\Lince_b_Linces2_Leo_JC\lince168 (11).JPG;1
\vacia\empty_IslandConservationCameraTraps\dominicanrepublic_cam1826julio2015_20150702_074352_img_0822.jpg;0
\cervidae\2_ciervo_alumno_1_AM_2\37_20201024 (9197).JPG;1
\gato_domestico\cat_IslandConservationCameraTraps\palau_cam04a12132018_20180919_084931_rcnx1404.jpg;1
\zorro\Zorro_PNC_2013-O_ME\b6086IM000041.JPG;1
\gato_domestico\cat_IslandConservationCameraTraps\palau_cam04a12132018_20180824_192738_rcnx0043.jpg;1
\ave\ave_ave_WellingtonCameraTraps_SS\071116052638027bs241.JPG;1
\caballo\HORSE_ZOO_1_4\2_20201117 (423).JPG;1
\ave\ave_PNC_2013-O_RED_ISAAC\b4377IMAG0247.JPG;1
\humanovehiculo\humanovehiculo_PNC_2014_manuel\c30596IM000004.JPG;1
\jabali\jabali_javi_JC\12_20201025 (107).JPG;1
\vacia\empty_IslandConservationCameraTraps\micronesia_cam04_cam04june2019_20190609062503_rcnx0254.jpg;0
\cervidae\ciervo_PNM_2012_ISAAC\d1245IM000693.JPG;1
\ave\Pheasant_mammalWeb\49668.jpg;1
\gato_domestico\cat_IslandConservationCameraTraps\puertorico_26_20141226_165110_ek000356.jpg;1
\jabali\WILDBOAR_ZOO_5_6_7_9\28_20210219 (2250) (2021_04_15 06_16_22 UTC).JPG;1
\micromamiferos\micromamifero_WellingtonCameraTraps_SS\070716025652038as241.JPG;1
\vacia\NOANIMAL_ZOO_1_4\34_20210115 (6836).JPG;0
\vacia\NOANIMAL_ZOO_1_4\13_20201219 (423).JPG;0
\vacia\vacia_alumno_1_AM_2\32_20201022 (341).JPG;0
\vacia\empty_IslandConservationCameraTraps\dominicanrepublic_cam0520octubre2015_20130826_115522_sunp0125.jpg;0
\leporido\conejo_Paco_Carro_JC\PICT0112.JPG;1
\vacia\NOANIMAL_ZOO_5_6_7_9\2_20210417 (16207).JPG;0
\vacia\NOANIMAL_ZOO_5_6_7_9\24_20210318 (13047).JPG;0
\caballo\HORSE_ZOO_1_4\15_20210117 (8875).JPG;1
\vacia\vacias_PNC_2014_ISAAC\c20084IM000034.JPG;0
\gato_domestico\gato_WellingtonCameraTraps_SS\1304151101000424S233.JPG;1
\cervidae\2CIERVO_PNM_2013-I_ISAAC\e4007IM000031.JPG;1
\lince\linces_fecha_Linces2_Leo_JC\3_Lince_flecha_Linces2_Leo_JC\lince197 (13).JPG;1
\vacia\NOANIMAL_ZOO_1_4\40_20201215 (2777).JPG;0
\gato_domestico\gato_WellingtonCameraTraps_SS\020416020316043cs373.JPG;1
\vacia\empty_SnapshotMountainZebra\MTZ_S1_D05_R1_IMAG0441.JPG;0
\jabali\WILDBOAR_ZOO_1_4\37_20201116 (2663).JPG;1
\humanovehiculo\humano_vehiculo_PNC_2013-I_ISAAC\6690IM000006.JPG;1
\cervidae\2_Ciervos_PNC_2014_JC\c28999IM000266.JPG;1
\lince\Lince_b_Linces2_Leo_JC\lince183 (22).JPG;1
\cervidae\CERVIDREDORFALLOWDEER_ZOO_1_4\15_20210117 (8976).JPG;1
\humanovehiculo\humanovehiculo_PNM_2013-I_ME\e497IM000022.JPG;1
\vacia\NOANIMAL_ZOO_1_4\34_20210115 (8222).JPG;0
\vacia\empty_IslandConservationCameraTraps\dominicanrepublic_cam0425abril2015_20130809_044834_sunp1724.jpg;0
\jabali\WILDBOAR_ZOO_5_6_7_9\28_20210219 (2209) (2021_04_15 06_16_22 UTC).JPG;1
\vacia\vacias_PNC_2013-O_RED_ME\b10577IMAG0120.JPG;0
\vacia\NOANIMAL_ZOO_1_4\7_20210115 (2214).JPG;0
\vacia\NOANIMAL_ZOO_1_4\20_20210115 (1227).JPG;0
\cervidae\2CIERVO_PNM_2012_ISAAC\d10661IM000061.JPG;1
\cervidae\ciervo_PNM_2012_ISAAC\d14313IMAG0094.JPG;1
\cervidae\CERVIDREDORFALLOWDEER_ZOO_5_6_7_9\5_20210417 (3183).JPG;1
\vacia\empty_IslandConservationCameraTraps\dominicanrepublic_cam1125abril2015_20150401_131200_img_0069.jpg;0
\garduna\garduna_vacías_humanos_PNC_2012_ME\a43103IMAG0017.JPG;1
\vacia\empty_SnapshotCamdeboo\CDB_S1_D05_R1_IMAG0016.JPG;0
\cervidae\ciervo_simone_2\34_20201024 (3565).JPG;1
\jabali\jabali_PNC_2013-I_RED_ME\9283IM000072.JPG;1
\ave\3_ave_Soraya_Padilla_Alumno_1_TH\DSCF0096_frame020.jpg;1
\zorro\zorro_vacías_humanos_PNC_2012_ME\a43126IM000007.JPG;1
\vacia\NOANIMAL_ZOO_1_4\26_20201020 (5319).JPG;0
\leporido\rabbit_CaltechCameraTrap_ME\599290e3-23d2-11e8-a6a3-ec086b02610b.jpg;1
\vacia\NOANIMAL_ZOO_1_4\7_20210115 (2024).JPG;0
\humanovehiculo\humanovehiculo_PNC_2013-O_RED_ISAAC\b7180IM000002.JPG;1
\vacia\vacias_1_de_2_PNC_2012_ISAAC\a38582IMAG0321.JPG;0
\leporido\rabbit_IslandConservationCameraTraps\chile_frances022013_23042013185724.jpg;1
\vacia\NOANIMAL_ZOO_1_4\29_20201117 (489).JPG;0
\cervidae\CERVIDREDORFALLOWDEER_ZOO_5_6_7_9\35_20210218 (2412) (2021_04_15 06_16_22 UTC).JPG;1
\vacia\empty_caltechCameraTraps\5968c046-23d2-11e8-a6a3-ec086b02610b.jpg;0
\vacia\vacias_2_de_2_PNC_2012_ISAAC\a8987IM000054.JPG;0
\zorro\zorro_vacías_humanos_PNC_2012_ME\a35381IM000032.JPG;1
\jabali\WILDBOAR_ZOO_1_4\43_20200101mal (30).JPG;1
\vacia\empty_IslandConservationCameraTraps\dominicanrepublic_cam0425abril2015_20130729_223514_sunp0365.jpg;0
\caballo\caballos_javier_JC\2_20201117 (3456).JPG;1
\cervidae\CERVIDREDORFALLOWDEER_ZOO_1_4\6_20201023 (3372).JPG;1
\vacia\vacia_alumno_1_TH\Nada (54)_frame140.jpg;0
\tejon\tejon_alumno_2_AM_JC\STC_0205_frame060.jpg;1
\vacia\NOANIMAL_ZOO_1_4\9_20201712 (2327).JPG;0
\humanovehiculo\humanovehiculo_leo_donana\0002473.JPG;1
\jabali\WILDBOAR_ZOO_1_4\29_20201023 (899).JPG;1
\cervidae\CERVIDREDORFALLOWDEER_ZOO_5_6_7_9\35_20210218 (2546) (2021_04_15 06_16_22 UTC).JPG;1
\cervidae\corzo_alumno_2_AM_JC\DSCF0023_frame150.jpg;1
\ave\rooster_IslandConservationCameraTraps\palau_cam09a12132018_20181027_074141_rcnx0812.jpg;1
\humanovehiculo\car_CaltechCameraTrap_ME\vehiculo\5a015beb-23d2-11e8-a6a3-ec086b02610b.jpg;1
\cervidae\CERVIDREDORFALLOWDEER_ZOO_5_6_7_9\21_20210318 (14020).JPG;1
\jabali\Jabali_alumno_2_AM_JC\Susscr 1_frame040.jpg;1
\vacia\empty_IslandConservationCameraTraps\ecuador1_cam1612_20150206_062038_img_1378.jpg;0
\vacia\NOANIMAL_ZOO_1_4\43_20201217 (404).JPG;0
\ave\OTHERSPECIES_ZOO_5_6_7_9\15_20210219 (4592) (2021_04_15 06_16_22 UTC).JPG;1
\vacia\empty_IslandConservationCameraTraps\dominicanrepublic_cam1826julio2015_20150709_104424_img_1815.jpg;0
\meloncillo\Meloncillo_PEPE_IREC_JC\IMAG0037_(15).JPG;1
\vacia\empty_IslandConservationCameraTraps\ecuador1_cam1612_20150217_004747_img_1647.jpg;0
\caballo\HORSE_ZOO_5_6_7_9\44_20210618 (845).JPG;1
\tejon\Tejon_PEPE_IREC_JC\IMAG0027_(2).JPG;1
\vacia\empty_caltechCameraTraps\5968c1f2-23d2-11e8-a6a3-ec086b02610b.jpg;0
\vacia\NOANIMAL_ZOO_1_4\25_20201024 (944).JPG;0
\vacia\NOANIMAL_ZOO_1_4\33_20201025 (57).JPG;0
\vacia\SnampshotEnonkishu\ENO_S1_D06_R1_IMAG4757.JPG;0
\vacia\vacia_alumno_1_TH\Nada (17)_frame040.jpg;0
\vaca\COW_ZOO_1_4\21_20201217 (1663).JPG;1
\ave\rooster_IslandConservationCameraTraps\palau_cam09a12132018_20181001_090015_rcnx0444.jpg;1
\zorro\zorro_PNM_2013-I_ISAAC\e4782IM000027.JPG;1
\leporido\rabbit_IslandConservationCameraTraps\chile_frances022013_11052013130438.jpg;1
\vacia\vacia_Soraya_Padilla_Alumno_1_TH\STC_0522_frame180.jpg;0
\vacia\NOANIMAL_ZOO_5_6_7_9\49_20210615 (2438).JPG;0
\lince\linces_Linces2_Leo_JC\2_Lince_Linces2_Leo_JC\lince158 (29).JPG;1
\vacia\NOANIMAL_ZOO_5_6_7_9\50_20210408 (1532).JPG;0
\cervidae\corzo_alumno_2_AM_JC\STC_0301_frame170.jpg;1
\vacia\empty_IslandConservationCameraTraps\dominicanrepublic_cam0327abril2016_20160321_153131_sunp0003.jpg;0
\vacia\empty_SnapshotMountainZebra\MTZ_S1_D06_R1_IMAG0637.JPG;0
\jabali\jabali_PNC_2014_manuel\c5580IM000163.JPG;1
\vacia\vacio_Saul Martin_FRAMES_SIN_REPETIDOS_REVISADOS_DIEGO\IMAG0026_frame600.jpg;0
\cervidae\ciervo_simone_2\37_20201024 (11179).JPG;1
\humanovehiculo\car_CaltechCameraTrap_ME\vehiculo\589461c9-23d2-11e8-a6a3-ec086b02610b.jpg;1
\vacia\NOANIMAL_ZOO_1_4\34_20210115 (5047).JPG;0
\vacia\empty_caltechCameraTraps\5971fa0c-23d2-11e8-a6a3-ec086b02610b.jpg;0
\vacia\vacias_PNM_2013-O_ISAAC\f1204IM001112.JPG;0
\vacia\NOANIMAL_ZOO_5_6_7_9\28_20210219 (41) (2021_04_15 06_16_22 UTC).JPG;0
\garduna\garduna_vacías_humanos_PNC_2012_ME\a52619IM000163.JPG;1
\gineta\gineta_Saul Martin_FRAMES_SIN_REPETIDOS_REVISADOS_DIEGO\IMAG0025_frame000.jpg;1
\vacia\empty_IslandConservationCameraTraps\micronesia_cam04_cam04june2019_20190612032503_rcnx1140.jpg;0
\vacia\Vacio__diego_2_rev_donana\33_20201025 (102).JPG;0
\cervidae\ciervo_vacías_humanos_PNC_2012_ME\a12662IM001085.JPG;1
\lince\Lince_a_Linces2_Leo_JC\lince50 (179).JPG;1
\vacia\empty_SnapshotCamdeboo\CDB_S1_D05_R2_IMAG0139.JPG;0
\lince\Lince_b_Linces2_Leo_JC\lince143 (39).JPG;1
\jabali\WILDBOAR_ZOO_1_4\20_20201215 (366).JPG;1
\cervidae\2ciervo_PNM_2013-I_ISAAC\e5649IMAG0070.JPG;1
\vacia\vacia_alumno_AM_2\11_20201027 (10).JPG;0
\cervidae\CERVIDREDORFALLOWDEER_ZOO_5_6_7_9\2_20210618 (22578).JPG;1
\vacia\empty_IslandConservationCameraTraps\ecuador1_ic1611_20150101_000005_img_0728.jpg;0
\cervidae\3_ciervo_simone_2\37_20201024 (8789).JPG;1
\tejon\Tejon_PNC_2014_JC\c30113IM000023.JPG;1
\lince\linces_fecha_Linces2_Leo_JC\2_Lince_flecha_Linces2_Leo_JC\lince91 (186).JPG;1
\vacia\empty_SnapshotMountainZebra\MTZ_S1_E05_R3_IMAG0272.JPG;0
\vacia\NOANIMAL_ZOO_1_4\26_20201020 (14493).JPG;0
\vacia\empty_caltechCameraTraps\59adfe37-23d2-11e8-a6a3-ec086b02610b.jpg;0
\cervidae\Ciervo_PNC_2014_JC\c5465IM000050.JPG;1
\caballo\HORSE_ZOO_1_4\2_20201117 (184).JPG;1
\lince\Lince_a_Linces2_Leo_JC\lince92 (11).JPG;1
\vacia\vacia_alumno_1_TH\Nada (29)_frame000.jpg;0
\gato_domestico\cat_IslandConservationCameraTraps\chile_frances022013_2105201361542.jpg;1
\vacia\empty_SnapshotMountainZebra\MTZ_S1_E06_R3_IMAG0027.JPG;0
\zorro\zorro_PNM_2013-I_ME\e3192IM000040.JPG;1
\cervidae\CERVIDREDORFALLOWDEER_ZOO_1_4\34_20201024 (2215).JPG;1
\vacia\empty_IslandConservationCameraTraps\dominicanrepublic_cam0425abril2015_20130828_024739_sunp6697.jpg;0
\vaca\COW_ZOO_1_4\21_20201025 (3573).JPG;1
\micromamiferos\micromamifero_IslandConservationCameraTraps\palau_cam04a12132018_20181012_035849_rcnx1737.jpg;1
\cervidae\deer_CaltechCameraTrap\5a0e3757-23d2-11e8-a6a3-ec086b02610b.jpg;1
\vacia\vacia_Paco_Carro_JC\01120045.JPG;0
\zorro\zorro_PNM_2012_ME\d13882IM000064.JPG;1
\cervidae\CERVIDREDORFALLOWDEER_ZOO_1_4\21_20201025 (5504).JPG;1
\cervidae\ciervo_PNM_2012_ISAAC\d16284IM000010.JPG;1
\vacia\vacia_Paco_Carro_JC\IMG_1953.JPG;0
\cervidae\deer_CaltechCameraTrap\5a116b62-23d2-11e8-a6a3-ec086b02610b.jpg;1
\cervidae\CERVIDREDORFALLOWDEER_ZOO_5_6_7_9\18_20210417 (3256).JPG;1
\cervidae\CERVIDREDORFALLOWDEER_ZOO_1_4\5_20210115 (1269).JPG;1
\vaca\COW_ZOO_5_6_7_9\2_20210319 (7729).JPG;1
\vacia\empty_caltechCameraTraps\5a06306e-23d2-11e8-a6a3-ec086b02610b.jpg;0
\humanovehiculo\humanovehiculo_leo_donana\0002524.JPG;1
\vacia\empty_IslandConservationCameraTraps\dominicanrepublic_cam1725abril2015_20150406_092308_img_0093.jpg;0
\vacia\NOANIMAL_ZOO_5_6_7_9\25_20210219 (265) (2021_04_15 06_16_22 UTC).JPG;0
\ave\OTHERSPECIES_ZOO_5_6_7_9\8_20210219 (1351) (2021_04_15 06_16_22 UTC).JPG;1
\vacia\NOANIMAL_ZOO_5_6_7_9\50_20210408 (2186).JPG;0
\cervidae\CERVIDREDORFALLOWDEER_ZOO_1_4\21_20201025 (3107).JPG;1
\vacia\vacia_Paco_Carro_JC\IMG_1550.JPG;0
\vacia\vacias_1_de_2_PNC_2012_ISAAC\a52874IM000222.JPG;0
\vacia\NOANIMAL_ZOO_5_6_7_9\25_20210319 (5770).JPG;0
\leporido\rabbit_CaltechCameraTrap_ME\5940820e-23d2-11e8-a6a3-ec086b02610b.jpg;1
\zorro\Zorro_Pepe_IREC\Zorro_Pepe_Irec_ME\IMAG0233_(11).JPG;1
\cervidae\ciervo_simone_2\34_20201024 (4700).JPG;1
\humanovehiculo\humanovehiculo_vacías_humanos_PNC_2012_ME\a7409IM000010.JPG;1
\vacia\vacia_Paco_Carro_JC\01130214.JPG;0
\jabali\jabali_PNC_2014_manuel\c7249IM000049.JPG;1
\vacia\NOANIMAL_ZOO_1_4\6_20201812 (14278).JPG;0
\ave\OTHERSPECIES_ZOO_5_6_7_9\50_20210417 (371).JPG;1
\vacia\empty_SnapshotMountainZebra\MTZ_S1_D05_R1_IMAG2132.JPG;0
\vacia\NOANIMAL_ZOO_5_6_7_9\19_20210219 (745) (2021_04_15 06_16_22 UTC).JPG;0
\gato_domestico\gato_WellingtonCameraTraps_SS\271016155852038as311.JPG;1
\zorro\Zorro_PNC_2014_JC\c26447IM000053.JPG;1
\vacia\NOANIMAL_ZOO_5_6_7_9\31_20210219 (123) (2021_04_15 06_16_22 UTC).JPG;0
\gato_domestico\cat_IslandConservationCameraTraps\chile_vaqueria2013_0712201250956.jpg;1
\cervidae\ciervo_PNC_2013-I_ME\10032IM000010.JPG;1
\humanovehiculo\humanovehiculo_ss\18_20201024 (9).JPG;1
\vacia\vacia_PNM_2013-O_ME\f20075IM000940.JPG;0
\ave\ave_Paco_Carro_JC\PICT0061.JPG;1
\cervidae\Ciervo_PNC_2013-O_ME\b7590IM000166.JPG;1
\vacia\empty_caltechCameraTraps\59641d1d-23d2-11e8-a6a3-ec086b02610b.jpg;0
\cervidae\CERVIDREDORFALLOWDEER_ZOO_5_6_7_9\39_20210318 (239).JPG;1
\lince\linces_Linces2_Leo_JC\2_Lince_Linces2_Leo_JC\lince185 (40).JPG;1
\cervidae\ciervo_simone_2\37_20201024 (746).JPG;1
\vacia\NOANIMAL_ZOO_1_4\6_20201812 (10621).JPG;0
\ave\ave_Soraya_Padilla_Alumno_1_TH\IMAG0120_frame020.jpg;1
\lince\linces_fecha_Linces2_Leo_JC\3_Lince_flecha_Linces2_Leo_JC\Lince69 (23).JPG;1
\vaca\Vaca_ME_rev_1_donana\15_20201024 (7631).JPG;1
\vacia\NOANIMAL_ZOO_5_6_7_9\32_20210218 (4021) (2021_04_15 06_16_22 UTC).JPG;0
\vacia\empty_IslandConservationCameraTraps\ecuador1_ic1611_20150101_000024_img_2270.jpg;0
\leporido\rabbit_CaltechCameraTrap_ME\59aad989-23d2-11e8-a6a3-ec086b02610b.jpg;1
\zorro\zorro_PNM_2013-O_ISAAC\f9451IM000615.JPG;1
\vacia\NOANIMAL_ZOO_5_6_7_9\10_20210618 (5128).JPG;0
\vacia\NOANIMAL_ZOO_1_4\41_20201025 (171).JPG;0
\vacia\NOANIMAL_ZOO_1_4\34_20210115 (5931).JPG;0
\vacia\NOANIMAL_ZOO_1_4\40_20201215 (240).JPG;0
\caballo\caballos_alumno_AM\caballos_alumno_AM\2_20201215 (10138).JPG;1
\humanovehiculo\humanovehiculo_Caltech\5954aacd-23d2-11e8-a6a3-ec086b02610b.jpg;1
\jabali\WILDBOAR_ZOO_1_4\11_20210114 (251).JPG;1
\vacia\Vacias_PNC_2013-O_ME\b17245IM000018.JPG;0
\ave\ave_PNC_2013-O_RED_ME\b11716IMAG0145.JPG;1
\vacia\empty_caltechCameraTraps\5965aa40-23d2-11e8-a6a3-ec086b02610b.jpg;0
\vaca\cow_CaltechCameraTrap\591cb276-23d2-11e8-a6a3-ec086b02610b.jpg;1
\zorro\zorro_PNC_2013-O_RED_ISAAC\b15339IMAG0262.JPG;1
\vaca\COW_ZOO_1_4\15_20201024 (7670).JPG;1
\jabali\jabali_PNM_2012_ISAAC\d15640IM000062.JPG;1
\cervidae\ciervo_PNC_2013-I_RED_ME\9882IM000069.JPG;1
\jabali\WILDBOAR_ZOO_1_4\7_20201025 (444).JPG;1
\lince\Lince_a_Linces2_Leo_JC\Lince60 (462).JPG;1
\humanovehiculo\humanovehiculo_Caltech\59da8c57-23d2-11e8-a6a3-ec086b02610b.jpg;1
\vacia\vacias_1_de_2_PNC_2012_ISAAC\a39691IMAG1427.JPG;0
\vacia\NOANIMAL_ZOO_1_4\14_20210114 (62).JPG;0
\ave\ave_Soraya_Padilla_Alumno_1_TH\DSCF0016_frame0102.jpg;1
\vacia\NOANIMAL_ZOO_5_6_7_9\11_20210615 (6617).JPG;0
\cervidae\deer_CaltechCameraTrap\59817ae3-23d2-11e8-a6a3-ec086b02610b.jpg;1
\humanovehiculo\car_CaltechCameraTrap_ME\vehiculo\59e2a55e-23d2-11e8-a6a3-ec086b02610b.jpg;1
\gato_domestico\gato_WellingtonCameraTraps_SS\0205151700040745L091.JPG;1
\vacia\SnampshotEnonkishu\ENO_S1_D03_R1_IMAG1692.JPG;0
\vacia\NOANIMAL_ZOO_1_4\15_20201117 (5714).JPG;0
\vacia\NOANIMAL_ZOO_1_4\34_20210115 (3496).JPG;0
\vacia\NOANIMAL_ZOO_5_6_7_9\47_20210418 (1777).JPG;0
\zorro\zorro_PNC_2014_manuel\c20008IM000013.JPG;1
\vacia\NOANIMAL_ZOO_5_6_7_9\12_20210219 (160) (2021_04_15 06_16_22 UTC).JPG;0
\vacia\empty_SnapshotMountainZebra\MTZ_S1_G04_R3_IMAG3715.JPG;0
\meloncillo\Meloncillo_PEPE_IREC_JC\IMAG0177_(2).JPG;1
\vacia\NOANIMAL_ZOO_5_6_7_9\49_20210418 (841).JPG;0
\cervidae\3_ciervo_Javi_3_JC\21_20201025 (507).JPG;1
\caballo\HORSE_ZOO_1_4\38_20210117 (941).JPG;1
\ave\ave_ave_WellingtonCameraTraps_SS\281016165500004c2392.JPG;1
\jabali\WILDBOAR_ZOO_1_4\28_20201019 (1855).JPG;1
\gato_domestico\cat_IslandConservationCameraTraps\dominicanrepublic_cam2019octubre2015_20151005_004330_img_0035.jpg;1
\cervidae\deer_CaltechCameraTrap\5a02fbeb-23d2-11e8-a6a3-ec086b02610b.jpg;1
\vacia\NOANIMAL_ZOO_5_6_7_9\36_20210618 (7074).JPG;0
\jabali\WILDBOAR_ZOO_1_4\37_20201116 (9626).JPG;1
\vacia\vacias_PNC_2014_ISAAC\c12733IMAG0259.JPG;0
\ave\Ave_Leo_Otra_fauna_PASADA_POR_LA_RED_JC\Otrafauna (1370).JPG;1
\vacia\empty_IslandConservationCameraTraps\ecuador1_ic1619_20181205_110430_img_4131.jpg;0
\cervidae\ciervo_vacías_humanos_PNC_2012_ME\a18453IM000068.JPG;1
\jabali\WILDBOAR_ZOO_1_4\4_20210117 (3978).JPG;1
\jabali\jabali_javi_JC\28_20201019 (1673).JPG;1
\vacia\NOANIMAL_ZOO_1_4\7_20210115 (3506).JPG;0
\tejon\tejon_alumno_2_AM_JC\STC_0071_frame040.jpg;1
\vacia\SnampshotEnonkishu\ENO_S1_D05_R1_IMAG1377.JPG;0
\vacia\NOANIMAL_ZOO_5_6_7_9\50_20210417 (23691).JPG;0
\zorro\Zorro_PNC_2014_JC\c25163IM000137.JPG;1
\humanovehiculo\HUMANORVEHICLE_ZOO_1_4\28_20201019 (6).JPG;1
\cervidae\Ciervo_PNC_2014_JC\c18853IMAG0041.JPG;1
\vacia\NOANIMAL_ZOO_5_6_7_9\21_20210615 (440).JPG;0
\ave\ave_PNC_2014_ISAAC\c3776IMAG0112.JPG;1
\gato_domestico\gato_WellingtonCameraTraps_SS\13111518355202359701.JPG;1
\cervidae\CERVIDREDORFALLOWDEER_ZOO_1_4\26_20201117 (1347).JPG;1
\zorro\zorro_PNM_2013-O_ISAAC\f1608IM000085.JPG;1
\vacia\NOANIMAL_ZOO_1_4\34_20210115 (1492).JPG;0
\vacia\empty_IslandConservationCameraTraps\palau_cam04a12132018_20180919_120000_rcnx1493.jpg;0
\ave\bird_CaltechCameraTrap\5869372d-23d2-11e8-a6a3-ec086b02610b.jpg;1
\jabali\WILDBOAR_ZOO_1_4\37_20201024 (922).JPG;1
\vacia\NOANIMAL_ZOO_1_4\15_20210117 (6199).JPG;0
\vacia\NOANIMAL_ZOO_1_4\34_20210115 (1682).JPG;0
\ave\ave_ave_WellingtonCameraTraps_SS\021116163856050a7513.JPG;1
\caballo\caballos_alumno_AM\caballos_alumno_AM\28_20201117 (636).JPG;1
\vacia\NOANIMAL_ZOO_5_6_7_9\49_20210418 (1074).JPG;0
\jabali\WILDBOAR_ZOO_1_4\40_20201024 (709).JPG;1
\vacia\NOANIMAL_ZOO_1_4\6_20201812 (11455).JPG;0
\cervidae\ciervo_simone_2\37_20201024 (2204).JPG;1
\vacia\empty_IslandConservationCameraTraps\dominicanrepublic_cam0425abril2015_20130815_054237_sunp2682.jpg;0
\vacia\NOANIMAL_ZOO_5_6_7_9\24_20210418 (9032).JPG;0
\caballo\caballos_javier_JC\35_20201218 (178).JPG;1
\ave\ave_ave_WellingtonCameraTraps_SS\060416115602025c7202.JPG;1
\jabali\jabali_Leo_Otra_fauna_PASADA_POR_LA_RED_JC\Otrafauna (1462).JPG;1
\vacia\vacia_ave_WellingtonCameraTraps_SS\170716124204005as133.JPG;0
\ave\bird_CaltechCameraTrap\594b5ced-23d2-11e8-a6a3-ec086b02610b.jpg;1
\leporido\rabbit_IslandConservationCameraTraps\chile_piedra012013_1603201362806.jpg;1
\vacia\empty_IslandConservationCameraTraps\dominicanrepublic_cam2015abril2015_20150403_135644_img_3212.jpg;0
\vacia\NOANIMAL_ZOO_5_6_7_9\20_20210319 (11840).JPG;0
\vacia\NOANIMAL_ZOO_1_4\6_20201812 (12495).JPG;0
\humanovehiculo\humano_vehiculo_PNM_2012_ISAAC\d9952IM000002.JPG;1
\ave\chicken_IslandConservationCameraTraps\palau_cam17a083118_20180827_073746_rcnx0015.jpg;1
\zorro\zorro_PNM_2012_ISAAC\d14866IMAG0026.JPG;1
\lince\Lince_a_Linces2_Leo_JC\lince122 (32).JPG;1
\vacia\NOANIMAL_ZOO_1_4\34_20210115 (2843).JPG;0
\vacia\NOANIMAL_ZOO_1_4\34_20210115 (2445).JPG;0
\jabali\WILDBOAR_ZOO_1_4\7_20201118 (564).JPG;1
\vacia\NOANIMAL_ZOO_5_6_7_9\15_20210219 (6978) (2021_04_15 06_16_22 UTC).JPG;0
\cervidae\ciervo_PNC_2013-I_RED_ME\7820IM000124.JPG;1
\cervidae\CERVIDREDORFALLOWDEER_ZOO_5_6_7_9\10_20210219 (1955) (2021_04_15 06_16_22 UTC).JPG;1
\ave\ave_PNC_2013-O_RED_ISAAC\b4783IMAG0660.JPG;1
\humanovehiculo\HUMANORVEHICLE_ZOO_1_4\9_20201025 (6).JPG;1
\lince\linces_Linces2_Leo_JC\2_Lince_Linces2_Leo_JC\lince148 (29).jpg;1
\cervidae\CERVIDREDORFALLOWDEER_ZOO_5_6_7_9\36_20210219 (1898) (2021_04_15 06_16_22 UTC).JPG;1
\humanovehiculo\humano_vehiculo_PNC_2013-I_ISAAC\10075IM000055.JPG;1
\cervidae\Ciervo_PNC_2012_JC\a14276IM000199.JPG;1
\jabali\WILDBOAR_ZOO_1_4\29_20201023 (679).JPG;1
\jabali\Jabali_PNC_2012_JC\a18968IM000396.JPG;1
\vacia\NOANIMAL_ZOO_1_4\34_20210115 (3992).JPG;0
\ave\OTHERSPECIES_ZOO_5_6_7_9\38_20210618 (1193).JPG;1
\cervidae\cervidae_javi_2_JC\40_20201024 (6527).JPG;1
\jabali\3jabali_PNC_2013-O_RED_ISAAC\b19610IMAG0185.JPG;1
\gato_domestico\gato_WellingtonCameraTraps_SS\270716032544003cs072.JPG;1
\jabali\WILDBOAR_ZOO_5_6_7_9\20_20210219 (1036) (2021_04_15 06_16_22 UTC).JPG;1
\vacia\Nothing_mammalWeb\11460.jpg;0
\vacia\NOANIMAL_ZOO_5_6_7_9\24_20210318 (6688).JPG;0
\cervidae\ciervo_PNC_2013-O_RED_ISAAC\b16279IM000534.JPG;1
\zorro\zorro_PNC_2013-O_RED_ISAAC\b15014IMAG0309.JPG;1
\cervidae\Ciervo_PNC_2013-O_ME\b11430IMAG0167.JPG;1
\caballo\HORSE_ZOO_1_4\2_20201117 (3262).JPG;1
\ave\shearwater_IslandConservationCameraTraps\chile_vaqueria2013_0501201334601.jpg;1
\jabali\WILDBOAR_ZOO_1_4\37_20201024 (8649).JPG;1
\zorro\fox_CaltechCameraTrap_ME\5a14a51d-23d2-11e8-a6a3-ec086b02610b.jpg;1
\cervidae\cervidae_alumno_1_AM_2\30_20201021 (12191).JPG;1
\vaca\COW_ZOO_5_6_7_9\9_20210615 (2295).JPG;1
\lince\Lince_a_Linces2_Leo_JC\lince102 (181).JPG;1
\humanovehiculo\humanovehiculo_PNC_2013-O_RED_ISAAC\b16678IM000045.JPG;1
\vaca\cow_CaltechCameraTrap\58e0f677-23d2-11e8-a6a3-ec086b02610b.jpg;1
\mapache\raccoon_CaltechCameraTrap_ME\587d42ea-23d2-11e8-a6a3-ec086b02610b.jpg;1
\ave\Ave_alumno_2_AM_JC\STC_0005 (2)_frame140.jpg;1
\zorro\zorro_PNC_2014_manuel\c25990IM000045.JPG;1
\humanovehiculo\HUMANORVEHICLE_ZOO_5_6_7_9\44_20210618 (1).JPG;1
\zorro\zorro_PNC_2014_manuel\c18151IMAG0019.JPG;1
\vacia\NOANIMAL_ZOO_1_4\6_20201812 (8251).JPG;0
\cervidae\ciervo_simone_2\34_20201024 (4402).JPG;1
\cervidae\CERVIDREDORFALLOWDEER_ZOO_5_6_7_9\35_20210218 (2678) (2021_04_15 06_16_22 UTC).JPG;1
\mapache\raccoon_CaltechCameraTrap_ME\59aadca5-23d2-11e8-a6a3-ec086b02610b.jpg;1
\meloncillo\Meloncillo_PEPE_IREC_JC\IMAG0951_(4).JPG;1
\cervidae\CERVIDREDORFALLOWDEER_ZOO_5_6_7_9\22_20210219 (721) (2021_04_15 06_16_22 UTC).JPG;1
\cervidae\5_ciervo_Javi_3_JC\21_20201025 (1147).JPG;1
\vacia\empty_SnapshotMountainZebra\MTZ_S1_E06_R3_IMAG1018.JPG;0
\vacia\vacia_WellingtonCameraTraps_SS\230816043400004a5755.JPG;0
\vacia\vacia_alumno_AM_2\13_20201025 (134).JPG;0
\vacia\NOANIMAL_ZOO_1_4\43_20201217 (1574).JPG;0
\vacia\empty_IslandConservationCameraTraps\dominicanrepublic_cam0425abril2015_20130815_020529_sunp2373.jpg;0
\caballo\caballos_simone\9_20201118 (898).JPG;1
\leporido\conejo_Paco_Carro_JC\PICT1557.JPG;1
\cervidae\Ciervo_PNC_2014_JC\c5830IM000028.JPG;1
\vacia\empty_SnapshotMountainZebra\MTZ_S1_D07_R1_IMAG2477.JPG;0
\jabali\WILDBOAR_ZOO_1_4\37_20201116 (15627).JPG;1
\vaca\COW_ZOO_1_4\6_20201116 (986).JPG;1
\caballo\caballos_javier_JC\2_20201117 (3589).JPG;1
\micromamiferos\rat_IslandConservationCameraTraps\micronesia_cam03april2019_20190415_181916_rcnx0002.jpg;1
\vacia\NOANIMAL_ZOO_5_6_7_9\21_20210418 (3882).JPG;0
\zorro\Zorro_alumno_2_AM\Vulvul Castronuevo TM81 (2)_frame070.jpg;1
\vacia\NOANIMAL_ZOO_1_4\26_20201020 (1026).JPG;0
\vacia\NOANIMAL_ZOO_5_6_7_9\20_20210319 (478).JPG;0
\vacia\empty_IslandConservationCameraTraps\palau_cam02a12132018_20180928_120000_rcnx0690.jpg;0
\vacia\NOANIMAL_ZOO_5_6_7_9\32_20210615 (7741).JPG;0
\zorro\Zorro_PNM_2013-0_ME\f10208IM000500.JPG;1
\vacia\vacia_Paco_Carro_JC\PICT0003.JPG;0
\vacia\NOANIMAL_ZOO_1_4\34_20210115 (6505).JPG;0
\leporido\conejo_WellingtonCameraTraps_SS\170816004136040c5172.JPG;1
\vaca\COW_ZOO_1_4\15_20201024 (3626).JPG;1
\vacia\NOANIMAL_ZOO_5_6_7_9\2_20210417 (8063).JPG;0
\vacia\empty_IslandConservationCameraTraps\dominicanrepublic_cam0425abril2015_20130823_082507_sunp4951.jpg;0
\cervidae\CERVIDREDORFALLOWDEER_ZOO_5_6_7_9\36_20210319 (618).JPG;1
\cervidae\ciervo_PNC_2014_ISAAC\c24260IMAG0254.JPG;1
\vacia\vacia_alumno_AM_2\30_20201021 (4552).JPG;0
\vacia\NOANIMAL_ZOO_5_6_7_9\24_20210418 (6252).JPG;0
\jabali\jabali_PNC_2014_manuel\c29151IM000053.JPG;1
\vacia\NOANIMAL_ZOO_5_6_7_9\25_20210417 (4256).JPG;0
\leporido\conejo_Paco_Carro_JC\PICT0380.JPG;1
\cervidae\CERVIDREDORFALLOWDEER_ZOO_1_4\34_20201024 (4600).JPG;1
\vacia\empty_IslandConservationCameraTraps\ecuador1_ic1611_20150101_000003_img_1117.jpg;0
\humanovehiculo\humanovehiculo_PNC_2014_manuel\c27543IM000175.JPG;1
\vacia\empty_caltechCameraTraps\597fecdf-23d2-11e8-a6a3-ec086b02610b.jpg;0
\vacia\NOANIMAL_ZOO_5_6_7_9\20_20210319 (11958).JPG;0
\cervidae\ciervo_alumno_2_TH\26_20201020 (1807).JPG;1
\zorro\zorro_PNC_2014_manuel\c28787IM000058.JPG;1
\tejon\Badger_mammalWeb\29577.jpg;1
\humanovehiculo\humano_vehiculo_PNC_2013-I_ISAAC\1206IMAG0031.JPG;1
\vacia\empty_SnapshotMountainZebra\MTZ_S1_G04_R3_IMAG2080.JPG;0
\vacia\NOANIMAL_ZOO_5_6_7_9\36_20210319 (11183).JPG;0
\leporido\rabbit_CaltechCameraTrap_ME\58d47e7f-23d2-11e8-a6a3-ec086b02610b.jpg;1
\vacia\NOANIMAL_ZOO_5_6_7_9\24_20210318 (17077).JPG;0
\vacia\NOANIMAL_ZOO_1_4\6_20210115 (18191).JPG;0
\vaca\COW_ZOO_5_6_7_9\39_20210417 (1850).JPG;1
\vacia\NOANIMAL_ZOO_1_4\6_20201812 (9435).JPG;0
\vacia\empty_SnapshotKaroo\KAR_S1_C04_R1_IMAG0016.JPG;0
\ave\bird_CaltechCameraTrap\59b7a98d-23d2-11e8-a6a3-ec086b02610b.jpg;1
\gato_domestico\gato_WellingtonCameraTraps_SS\220116043146015b5021.JPG;1
\humanovehiculo\humanovehiculo_ss\24_20201019 (9061).JPG;1
\ave\ave_alumno_1_TH\Ave (2)_frame090.jpg;1
\cervidae\CERVIDREDORFALLOWDEER_ZOO_5_6_7_9\19_20210219 (1398) (2021_04_15 06_16_22 UTC).JPG;1
\lince\Lince_b_Linces2_Leo_JC\lince151 (44).JPG;1
\vacia\NOANIMAL_ZOO_1_4\34_20210115 (7849).JPG;0
\vacia\Vacia_ME_rev_2_donana\34_20201024 (5913).JPG;0
\humanovehiculo\humano_vehiculo_PNC_2013-I_ISAAC\1395IM000010.JPG;1
\leporido\conejo_alumno_1_TH\Conejo_alumno_2_AM_JC\Orycun (1)_frame050.jpg;1
\jabali\WILDBOAR_ZOO_1_4\20_20210115 (1244).JPG;1
\vacia\NOANIMAL_ZOO_5_6_7_9\50_20210408 (23121).JPG;0
\cervidae\Ciervo_PNC_2012_JC\a3798IM000153.JPG;1
\micromamiferos\micromamiferos_Paco_Carro_JC\IMG_0123.JPG;1
\zorro\REDFOX_ZOO_1_4\42_20201026 (170).JPG;1
\vaca\COW_ZOO_5_6_7_9\17_20210218 (523) (2021_04_15 06_16_22 UTC).JPG;1
\zorro\zorro_PNM_2012_ISAAC\d337IM000093.JPG;1
\cervidae\ciervo_simone_2\37_20201024 (1227).JPG;1
\vacia\empty_IslandConservationCameraTraps\dominicanrepublic_cam1826julio2015_20150702_124955_img_0985.jpg;0
\vaca\cow_CaltechCameraTrap\58c1c0aa-23d2-11e8-a6a3-ec086b02610b.jpg;1
\humanovehiculo\humanovehiculo_PNC_2013-O_RED_ISAAC\b14502IM000002.JPG;1
\zorro\REDFOX_ZOO_5_6_7_9\48_20210418 (519).JPG;1
\mapache\raccoon_CaltechCameraTrap_ME\59d5b55a-23d2-11e8-a6a3-ec086b02610b.jpg;1
\vacia\vacias_1_de_2_PNC_2012_ISAAC\a39694IMAG1430.JPG;0
\caballo\HORSE_ZOO_1_4\15_20201117 (4047).JPG;1
\vacia\NOANIMAL_ZOO_5_6_7_9\36_20210618 (14790).JPG;0
\leporido\conejo_Paco_Carro_JC\PICT0559.JPG;1
\vaca\COW_ZOO_1_4\21_20201217 (2380).JPG;1
\humanovehiculo\humanovehiculo_PNC_2014_manuel\c14207IMAG0297.JPG;1
\cervidae\ciervo_simone_2\40_20201024 (8667).JPG;1
\garduna\Garduna_PNM_2013-0_ME\f9048IM000188.JPG;1
\cervidae\ciervo_PNC_2014_ISAAC\c12431IMAG0182.JPG;1
\cervidae\ciervo_2_ME_rev_1_donana\18_20201024 (492).JPG;1
\vacia\NOANIMAL_ZOO_5_6_7_9\2_20210417 (23891).JPG;0
\vaca\cow_CaltechCameraTrap\586436ef-23d2-11e8-a6a3-ec086b02610b.jpg;1
\garduna\GARDUÑA_PNM_2012_ISAAC\d12023IM000026.JPG;1
\vacia\NOANIMAL_ZOO_5_6_7_9\36_20210219 (1613) (2021_04_15 06_16_22 UTC).JPG;0
\leporido\rabbit_IslandConservationCameraTraps\chile_frances012013_0401201311743.jpg;1
\zorro\Zorro_PNM_2013-0_ME\f3958IM000029.JPG;1
\vaca\COW_ZOO_1_4\21_20201119 (29).JPG;1
\cervidae\ciervo_PNC_2014_ISAAC\c21570IM000124.JPG;1
\vaca\COW_ZOO_1_4\2_20201215 (4272).JPG;1
\vaca\COW_ZOO_5_6_7_9\9_20210615 (2184).JPG;1
\vacia\empty_SnapshotMountainZebra\MTZ_S1_D05_R1_IMAG2600.JPG;0
\lince\Lince_a_Linces2_Leo_JC\Lince58 (22).JPG;1
\caballo\HORSE_ZOO_5_6_7_9\46_20210618 (204).JPG;1
\leporido\rabbit_IslandConservationCameraTraps\chile_piedra012013_1405201335007.jpg;1
\ave\ave_Soraya_Padilla_Alumno_1_TH\STC_0228_frame020.jpg;1
\zorro\zorro_PNC_2013-I_ME\9715IM000032.JPG;1
\vacia\NOANIMAL_ZOO_5_6_7_9\48_20210418 (635).JPG;0
\ave\aves_fotosManuelEmilio20200912\IMG_0501.JPG;1
\humanovehiculo\humanovehiculo_PNC_2013-O_RED_ISAAC\b13818IM000036.JPG;1
\ave\ave_ave_WellingtonCameraTraps_SS\060716122808007a7201.JPG;1
\cervidae\CERVIDREDORFALLOWDEER_ZOO_1_4\28_20201019 (2314).JPG;1
\vacia\NOANIMAL_ZOO_1_4\6_20201812 (12275).JPG;0
\vacia\vacias_PNC_2014_ISAAC\c6099IM000051.JPG;0
\cervidae\CERVIDREDORFALLOWDEER_ZOO_5_6_7_9\2_20210417 (579).JPG;1
\zorro\REDFOX_ZOO_5_6_7_9\11_20210318 (1157).JPG;1
\vacia\Vacias_PNC_2012_JC\a30725IM000041.JPG;0
\cervidae\ciervo_vacías_humanos_PNC_2012_ME\a2503IM000148.JPG;1
\zorro\Zorro_Pepe_IREC\Zorro_Pepe_Irec_ME\IMAG1818.JPG;1
\gineta\gineta_Saul Martin_FRAMES_SIN_REPETIDOS_REVISADOS_DIEGO\IMAG0008_frame160.jpg;1
\jabali\WILDBOAR_ZOO_1_4\21_20201025 (4946).JPG;1
\cervidae\CERVIDREDORFALLOWDEER_ZOO_1_4\25_20201024 (900).JPG;1
\cervidae\CERVIDREDORFALLOWDEER_ZOO_1_4\21_20201025 (5003).JPG;1
\perro\dog_caltechCameraTraps\5a24a87d-23d2-11e8-a6a3-ec086b02610b.jpg;1
\humanovehiculo\humanovehiculo_PNC_2013-I_RED_ME\2826IM000152.JPG;1
\zorro\zorro_vacías_humanos_PNC_2012_ME\a40465IMAG0114.JPG;1
\vacia\empty_IslandConservationCameraTraps\micronesia_cam02april2019_20190411_183444_rcnx0007.jpg;0
\cervidae\Ciervo_PNC_2013-O_ME\b1270IMAG0115.JPG;1
\humanovehiculo\humano_vehiculo_PNM_2012_ISAAC\d6466IMAG0089.JPG;1
\cervidae\CERVIDREDORFALLOWDEER_ZOO_1_4\11_20201217 (169).JPG;1
\jabali\WILDBOAR_ZOO_1_4\20_20201024 (1275).JPG;1
\zorro\zorro_PNC_2014_ISAAC\c21211IM000032.JPG;1
\vacia\vacia_Paco_Carro_JC\01130800.JPG;0
\vacia\vacia_ave_WellingtonCameraTraps_SS\3004151628000244S411.JPG;0
\meloncillo\EGYPTIANMONGOOSE_ZOO_1_4\32_20201117 (264).JPG;1
\vacia\NOANIMAL_ZOO_5_6_7_9\50_20210408 (18484).JPG;0
\vacia\vacia_alumno_2_AM_JC\STC_0007_frame430.jpg;0
\leporido\conejo_Paco_Carro_JC\PICT1306.JPG;1
\humanovehiculo\humanovehiculo_PNC_2014_manuel\c12246IMAG0178.JPG;1
\jabali\Jabali_PNC_2014_JC\c9943IM000042.JPG;1
\leporido\rabbit_IslandConservationCameraTraps\chile_frances022013_23042013135020.jpg;1
\ave\ave_Soraya_Padilla_Alumno_1_TH\STC_0426_frame170.jpg;1
\lince\Lince_a_Linces2_Leo_JC\lince130 (494).JPG;1
\cervidae\ciervo_simone_2\40_20201024 (5808).JPG;1
\vaca\cow_CaltechCameraTrap\58b666fd-23d2-11e8-a6a3-ec086b02610b.jpg;1
\vacia\vacia_Paco_Carro_JC\01130647 (2).JPG;0
\ave\shearwater_IslandConservationCameraTraps\chile_vaqueria2013_2312201233228.jpg;1
\jabali\WILDBOAR_ZOO_5_6_7_9\42_20210218 (327) (2021_04_15 06_16_22 UTC).JPG;1
\cervidae\CERVIDREDORFALLOWDEER_ZOO_1_4\39_20201019 (279).JPG;1
\vacia\NOANIMAL_ZOO_1_4\37_20201215 (2676).JPG;0
\vacia\NOANIMAL_ZOO_5_6_7_9\24_20210318 (14962).JPG;0
\vacia\empty_IslandConservationCameraTraps\dominicanrepublic_cam0425abril2015_20130727_015536_sunp0046.jpg;0
\lince\Lince_b_Linces2_Leo_JC\lince216 (45).jpg;1
\zorro\zorro_PNC_2012_JC\a6746IM000027.JPG;1
\cervidae\3_ciervo_simone_2\34_20201024 (5260).JPG;1
\vacia\vacia_Paco_Carro_JC\01130348.JPG;0
\lince\Lince_a_Linces2_Leo_JC\lince94 (186).JPG;1
\gato_domestico\cat_CaltechCameraTrap\59d27ea4-23d2-11e8-a6a3-ec086b02610b.jpg;1
\humanovehiculo\HUMANORVEHICLE_ZOO_1_4\4_20210117 (4909).JPG;1
\vacia\Vacia_ME_rev_2_donana\27_20201023 (5617).JPG;0
\jabali\WILDBOAR_ZOO_5_6_7_9\12_20210219 (141) (2021_04_15 06_16_22 UTC).JPG;1
\vacia\vacias_2_de_2_PNC_2012_ISAAC\a2349IM000142.JPG;0
\vacia\NOANIMAL_ZOO_1_4\34_20210115 (1887).JPG;0
\cervidae\CERVIDREDORFALLOWDEER_ZOO_5_6_7_9\2_20210219 (1766) (2021_04_15 06_16_22 UTC).JPG;1
\vacia\NOANIMAL_ZOO_1_4\15_20210117 (5194).JPG;0
\lince\Lince_b_Linces2_Leo_JC\lince144 (77).JPG;1
\mapache\raccoon_CaltechCameraTrap_ME\59b7a6bd-23d2-11e8-a6a3-ec086b02610b.jpg;1
\vacia\empty_SnapshotMountainZebra\MTZ_S1_D04_R3_IMAG0167.JPG;0
\gineta\gineta_PNM_2013-O_ISAAC\f4559IM000225.JPG;1
\leporido\rabbit_IslandConservationCameraTraps\chile_piedra012013_28012013181848.jpg;1
\vacia\empty_SnapshotMountainZebra\MTZ_S1_D06_R1_IMAG1707.JPG;0
\vacia\empty_SnapshotMountainZebra\MTZ_S1_D05_R1_IMAG0457.JPG;0
\vacia\empty_IslandConservationCameraTraps\dominicanrepublic_cam1826julio2015_20150707_095359_img_1308.jpg;0
\vacia\vacia_alumno_1_AM\32_20201022 (86).JPG;0
\vaca\cow_CaltechCameraTrap\5916786f-23d2-11e8-a6a3-ec086b02610b.jpg;1
\humanovehiculo\HUMANORVEHICLE_ZOO_1_4\13_20201118 (83).JPG;1
\vaca\COW_ZOO_5_6_7_9\9_20210615 (2740).JPG;1
\vacia\empty_IslandConservationCameraTraps\ecuador1_ic1611_20150101_000019_img_0563.jpg;0
\cervidae\deer_CaltechCameraTrap\59b93a77-23d2-11e8-a6a3-ec086b02610b.jpg;1
\vacia\empty_caltechCameraTraps\598307c9-23d2-11e8-a6a3-ec086b02610b.jpg;0
\cervidae\CERVIDREDORFALLOWDEER_ZOO_5_6_7_9\9_20210218 (1727) (2021_04_15 06_16_22 UTC).JPG;1
\cervidae\Ciervo_PNC_2012_JC\a18966IM000360.JPG;1
\caballo\caballo_Paco_Carro_JC\PICT0391.JPG;1
\humanovehiculo\Vehicle_ena24\2819.jpg;1
\zorro\REDFOX_ZOO_5_6_7_9\48_20210418 (396).JPG;1
\vacia\empty_SnapshotMountainZebra\MTZ_S1_D05_R1_IMAG1289.JPG;0
\humanovehiculo\humanovehiculo_PNC_2014_manuel\c13912IMAG0006.JPG;1
\cervidae\CERVIDREDORFALLOWDEER_ZOO_5_6_7_9\19_20210219 (587) (2021_04_15 06_16_22 UTC).JPG;1
\vacia\NOANIMAL_ZOO_1_4\26_20201020 (7133).JPG;0
\vacia\empty_SnapshotMountainZebra\MTZ_S1_D06_R1_IMAG1275.JPG;0
\humanovehiculo\humanovehiculo_Caltech\59a94e88-23d2-11e8-a6a3-ec086b02610b.jpg;1
\zorro\Zorro_PNC_2013-O_ME\b5614IM000270.JPG;1
\vacia\empty_SnapshotKaroo\KAR_S1_E02_R1_IMAG0368.JPG;0
\vacia\empty_IslandConservationCameraTraps\micronesia_cam04_cam04june2019_20190624013003_rcnx0062.jpg;0
\caballo\caballo_Paco_Carro_JC\PICT0393.JPG;1
\jabali\jabali_buscar_cab_isaac_sin_contar\2_20201215 (8303).JPG;1
\zorro\zorro_PNM_2012_ME\d13401IM000031.JPG;1
\leporido\rabbit_CaltechCameraTrap_ME\58fbee1f-23d2-11e8-a6a3-ec086b02610b.jpg;1
\humanovehiculo\humano_vehiculo_PNM_2012_ISAAC\d16110IMAG0007.JPG;1
\jabali\WILDBOAR_ZOO_1_4\33_20201025 (6).JPG;1
\zorro\zorro_vacías_humanos_PNC_2012_ME\a2146IM000134.JPG;1
\tejon\EUROPEANBADGER_ZOO_1_4\42_20201026 (149).JPG;1
\vacia\NOANIMAL_ZOO_5_6_7_9\39_20210318 (1254).JPG;0
\vaca\cow_CaltechCameraTrap\5903cd72-23d2-11e8-a6a3-ec086b02610b.jpg;1
\vacia\vacias_2_de_2_PNC_2012_ISAAC\a26585IM000067.JPG;0
\leporido\rabbit_CaltechCameraTrap_ME\5911d75d-23d2-11e8-a6a3-ec086b02610b.jpg;1
\caballo\HORSE_ZOO_1_4\17_20210114 (2700).JPG;1
\cervidae\Ciervo_PNC_2012_JC\a18913IM000055.JPG;1
\jabali\jabali_alumno_2_2_TH_JC\28_20201019 (1935).JPG;1
\vacia\vacia_alumno_AM_2\37_20201024 (6434).JPG;0
\vacia\NOANIMAL_ZOO_5_6_7_9\24_20210318 (5337).JPG;0
\caballo\HORSE_ZOO_1_4\2_20201117 (3248).JPG;1
\vacia\empty_SnapshotKruger\KRU_S1_8_R1_IMAG1051.JPG;0
\zorro\Zorro_Pepe_IREC\Zorro_Pepe_Irec_ME\IMAG0603_(7).JPG;1
\caballo\HORSE_ZOO_1_4\9_20210114 (818).JPG;1
\vacia\NOANIMAL_ZOO_1_4\24_20201019 (8334).JPG;0
\micromamiferos\Small rodent_mammalWeb\21321.jpg;1
\leporido\conejo_alumno_1_TH\Conejo_alumno_2_AM_JC\Orycun (21)_frame080.jpg;1
\cervidae\ciervo_PNC_2013-I_RED_ME\7103IM000089.JPG;1
\vacia\NOANIMAL_ZOO_1_4\39_20210115 (961).JPG;0
\leporido\conejo_WellingtonCameraTraps_SS\061116084818002cs381.JPG;1
\caballo\HORSE_ZOO_1_4\10_20201218 (2896).JPG;1
\cervidae\CERVIDREDORFALLOWDEER_ZOO_5_6_7_9\20_20210319 (15064).JPG;1
\vaca\cow_CaltechCameraTrap\58910d3e-23d2-11e8-a6a3-ec086b02610b.jpg;1
\cervidae\Ciervo_PNC_2012_JC\a19565IM000224.JPG;1
\caballo\HORSE_ZOO_1_4\10_20201117 (1148).JPG;1
\cervidae\ciervo_vacías_humanos_PNC_2012_ME\a302IM000163.JPG;1
\cervidae\CERVIDREDORFALLOWDEER_ZOO_5_6_7_9\28_20210615 (241).JPG;1
\zorro\zorro_PNM_2013-I_ME\e2697IM000039.JPG;1
\cervidae\ciervo_PNC_2014_ISAAC\c22102IM000016.JPG;1
\jabali\jabali_alumno_2_2_TH_JC\28_20201019 (1973).JPG;1
\humanovehiculo\humano_vehiculo_PNM_2013-O_ISAAC\f8533IM000011.JPG;1
\vaca\COW_ZOO_1_4\15_20201024 (7695).JPG;1
\vaca\COW_ZOO_5_6_7_9\17_20210318 (874).JPG;1
\vacia\NOANIMAL_ZOO_1_4\35_20210114 (1489).JPG;0
\gato_domestico\cat_IslandConservationCameraTraps\chile_frances022013_07062013212700.jpg;1
\cervidae\Ciervo_PNC_2013-O_ME\b7611IM000188.JPG;1
\leporido\Rabbit_mammalWeb\43123.jpg;1
\lince\linces_fecha_Linces2_Leo_JC\3_Lince_flecha_Linces2_Leo_JC\lince145 (13).jpg;1
\ave\aves_ME_CASA\IMG_0709.JPG;1
\gato_domestico\gato_WellingtonCameraTraps_SS\190816082154023cs521.JPG;1
\cervidae\CERVIDREDORFALLOWDEER_ZOO_5_6_7_9\2_20210319 (852).JPG;1
\vacia\NOANIMAL_ZOO_1_4\7_20210115 (3567).JPG;0
\cervidae\CERVIDREDORFALLOWDEER_ZOO_1_4\37_20201215 (2402).JPG;1
\vaca\COW_ZOO_1_4\35_20210114 (1195).JPG;1
\vacia\vacias_PNM_2013-O_ISAAC\f21125IM000504.JPG;0
\vacia\vacia_Paco_Carro_JC\PICT0351.JPG;0
\vacia\vacia_alumno_AM_2\30_20201021 (13424).JPG;0
\gato_domestico\gato_WellingtonCameraTraps_SS\200916115556046bs523.JPG;1
\vacia\empty_SnapshotKaroo\KAR_S1_C02_R1_IMAG1838.JPG;0
\cervidae\deer_CaltechCameraTrap\59973fdb-23d2-11e8-a6a3-ec086b02610b.jpg;1
\jabali\jabali_PNC_2014_manuel\c15934IM000111.JPG;1
\ave\shearwater_IslandConservationCameraTraps\chile_piedra012013_2212201233101.jpg;1
\zorro\zorro_vacías_humanos_PNC_2012_ME\a36341IM000290.JPG;1
\jabali\WILDBOAR_ZOO_1_4\7_20201118 (228).JPG;1
\cervidae\ciervo_alumno_2_TH\21_20201025 (3833).JPG;1
\perro\dog_caltechCameraTraps\5998cd14-23d2-11e8-a6a3-ec086b02610b.jpg;1
\leporido\Rabbit_mammalWeb\33361.jpg;1
\gineta\gineta_Saul Martin_FRAMES_SIN_REPETIDOS_REVISADOS_DIEGO\IMAG0017_frame060_2.jpg;1
\vacia\empty_IslandConservationCameraTraps\dominicanrepublic_cam1826junio2015_20150505_063900_img_0942.jpg;0
\cervidae\3_ciervo_simone_2\34_20201024 (3362).JPG;1
\zorro\zorro_PNC_2013-O_RED_ISAAC\b15020IMAG0315.JPG;1
\gato_domestico\cat_IslandConservationCameraTraps\palau_cam05a083118_20180824_135855_rcnx0082.jpg;1
\ave\ave_ave_WellingtonCameraTraps_SS\280116172252039bs023.JPG;1
\leporido\rabbit_CaltechCameraTrap_ME\59edf111-23d2-11e8-a6a3-ec086b02610b.jpg;1
\vacia\vacia_alumno_1_AM\6_20201023 (856).JPG;0
\leporido\conejo_WellingtonCameraTraps_SS\051116060348020bl254.JPG;1
\ave\ave_Soraya_Padilla_Alumno_1_TH\DSCF0069_frame100.jpg;1
\vacia\NOANIMAL_ZOO_1_4\6_20201116 (4177).JPG;0
\cervidae\CERVIDREDORFALLOWDEER_ZOO_1_4\26_20201020 (446).JPG;1
\cervidae\cervidae_ME_rev_3_donana\26_20201020 (4160).JPG;1
\gato_domestico\cat_IslandConservationCameraTraps\palau_cam04a12132018_20180824_193159_rcnx0251.jpg;1
\jabali\jabali_Saul Martin_FRAMES_SIN_REPETIDOS_REVISADOS_DIEGO\IMAG0023_frame480.jpg;1
\cervidae\CERVIDREDORFALLOWDEER_ZOO_5_6_7_9\36_20210319 (4177).JPG;1
\vacia\empty_IslandConservationCameraTraps\dominicanrepublic_cam1430octubre2015_20151021_173110_img_0039.jpg;0
\garduna\garduna_PNC_2013-O_RED_ISAAC\b7468IM000059.JPG;1
\vaca\COW_ZOO_1_4\21_20201217 (1618).JPG;1
\ave\ave_PNC_2013-O_RED_ISAAC\b5112IMAG0983.JPG;1
\vacia\NOANIMAL_ZOO_5_6_7_9\25_20210417 (12576).JPG;0
\zorro\zorro_PNM_2013-I_ISAAC\e3539IM000074.JPG;1
\vacia\vacias_2_de_2_PNC_2012_ISAAC\a5581IM000388.JPG;0
\zorro\zorro_PNC_2014_manuel\c18288IMAG0015.JPG;1
\micromamiferos\rat_IslandConservationCameraTraps\palau_cam02a12132018_20181009_045047_rcnx0824.jpg;1
\gato_domestico\cat_CaltechCameraTrap\59e2a5b5-23d2-11e8-a6a3-ec086b02610b.jpg;1
\cervidae\2_cervidae_Javi_3__JC\6_20201023 (1201).JPG;1
\cervidae\CERVIDREDORFALLOWDEER_ZOO_5_6_7_9\2_20210219 (4517) (2021_04_15 06_16_22 UTC).JPG;1
\tejon\Tejon_PEPE_IREC_JC\IMAG0048_(4).JPG;1
\cervidae\ciervo_simone_2\37_20201024 (1500).JPG;1
\leporido\conejo_Paco_Carro_JC\PICT0791 (2).JPG;1
\vacia\empty_SnapshotMountainZebra\MTZ_S1_E04_R1_IMAG0124.JPG;0
\vacia\NOANIMAL_ZOO_1_4\26_20201020 (13188).JPG;0
\ave\ave_Soraya_Padilla_Alumno_1_TH\DSCF0004_frame020.jpg;1
\vacia\NOANIMAL_ZOO_5_6_7_9\25_20210219 (2531) (2021_04_15 06_16_22 UTC).JPG;0
\cervidae\CERVIDREDORFALLOWDEER_ZOO_1_4\15_20201117 (6146).JPG;1
\gato_domestico\cat_CaltechCameraTrap\597cd6e0-23d2-11e8-a6a3-ec086b02610b.jpg;1
\tejon\tejon_PNC_2014_manuel\c30745IM000044.JPG;1
\lince\linces_fecha_Linces2_Leo_JC\4_Lince_flecha_Linces2_Leo_JC\lince228 (292).jpg;1
\jabali\WILDBOAR_ZOO_1_4\7_20201118 (823).JPG;1
\vacia\empty_caltechCameraTraps\5a02f979-23d2-11e8-a6a3-ec086b02610b.jpg;0
\zorro\ZORRO_PNM_2012_ISAAC\d14509FILE0005.JPG;1
\vacia\vacias_PNC_2014_ISAAC\c12720IMAG0245.JPG;0
\cervidae\CERVIDREDORFALLOWDEER_ZOO_1_4\21_20201119 (3375).JPG;1
\humanovehiculo\humanovehiculo_PNC_2014_manuel\c24680IMAG0003.JPG;1
\ave\OTHERSPECIES_ZOO_5_6_7_9\15_20210219 (2857) (2021_04_15 06_16_22 UTC).JPG;1
\cervidae\CERVIDREDORFALLOWDEER_ZOO_5_6_7_9\17_20210318 (540).JPG;1
\zorro\zorro_PNC_2012_JC\a44669IM000040.JPG;1
\mapache\raccoon_CaltechCameraTrap_ME\5971f87c-23d2-11e8-a6a3-ec086b02610b.jpg;1
\micromamiferos\rat_IslandConservationCameraTraps\micronesia_cam14_june2019_20190621202827_rcnx0407.jpg;1
\vacia\empty_SnapshotMountainZebra\MTZ_S1_D07_R1_IMAG0457.JPG;0
\vacia\NOANIMAL_ZOO_5_6_7_9\20_20210319 (11996).JPG;0
\ave\Woodpigeon_mammalWeb\17770.jpg;1
\vacia\empty_SnapshotMountainZebra\MTZ_S1_D07_R1_IMAG1026.JPG;0
\leporido\rabbit_IslandConservationCameraTraps\chile_vaqueria2013_30012013183602.jpg;1
\zorro\REDFOX_ZOO_5_6_7_9\11_20210418 (615).JPG;1
\zorro\zorro_PNC_2014_manuel\c30563IM000102.JPG;1
\lince\Lince_a_Linces2_Leo_JC\lince125 (11).JPG;1
\leporido\rabbit_CaltechCameraTrap_ME\59ec55f8-23d2-11e8-a6a3-ec086b02610b.jpg;1
\lince\Lince_b_Linces2_Leo_JC\lince228 (684).JPG;1
\zorro\fox_CaltechCameraTrap_ME\58e723a2-23d2-11e8-a6a3-ec086b02610b.jpg;1
\vacia\NOANIMAL_ZOO_5_6_7_9\32_20210615 (933).JPG;0
\cervidae\deer_CaltechCameraTrap\59292e78-23d2-11e8-a6a3-ec086b02610b.jpg;1
\ave\ave_PNC_2013-O_RED_ISAAC\b4496IMAG0373.JPG;1
\caballo\HORSE_ZOO_5_6_7_9\46_20210618 (221).JPG;1
\humanovehiculo\HUMANORVEHICLE_ZOO_5_6_7_9\35_20210615 (3241).JPG;1
\vacia\NOANIMAL_ZOO_1_4\13_20201219 (183).JPG;0
\vacia\Nothing_mammalWeb\39401.jpg;0
\cervidae\Ciervo_PNC_2014_JC\c21712IM000089.JPG;1
\cervidae\CERVIDREDORFALLOWDEER_ZOO_1_4\21_20210114 (1099).JPG;1
\vacia\empty_SnapshotKruger\KRU_S1_21_R1_IMAG0145.JPG;0
\jabali\WILDBOAR_ZOO_1_4\37_20210115 (3357).JPG;1
\vacia\NOANIMAL_ZOO_5_6_7_9\24_20210219 (348) (2021_04_15 06_16_22 UTC).JPG;0
\zorro\zorro_PNC_2013-I_RED_ME\1880IM000041.JPG;1
\vacia\vacia_alumno_AM_2\7_20201025 (80).JPG;0
\jabali\WILDBOAR_ZOO_1_4\31_20201117 (83).JPG;1
\cervidae\CERVIDREDORFALLOWDEER_ZOO_1_4\37_20201024 (79).JPG;1
\leporido\LEPORIDRABBITORHARE_ZOO_5_6_7_9\11_20210418 (1600).JPG;1
\vacia\empty_IslandConservationCameraTraps\micronesia_cam14april2019_20190415_120000_rcnx0137.jpg;0
\ave\ave_ave_WellingtonCameraTraps_SS\091116105330044c5353.JPG;1
\cervidae\ciervo_PNC_2014_ISAAC\c19359IMAG0119.JPG;1
\cervidae\CERVIDREDORFALLOWDEER_ZOO_5_6_7_9\28_20210615 (3871).JPG;1
\cervidae\CERVIDREDORFALLOWDEER_ZOO_5_6_7_9\38_20210219 (494) (2021_04_15 06_16_22 UTC).JPG;1
\vacia\NOANIMAL_ZOO_5_6_7_9\32_20210615 (1758).JPG;0
\cervidae\CERVIDREDORFALLOWDEER_ZOO_1_4\26_20201117 (1883).JPG;1
\vacia\vacias_2_de_2_PNC_2012_ISAAC\a5487IM000289.JPG;0
\vacia\NOANIMAL_ZOO_1_4\21_20201119 (3134).JPG;0
\vaca\COW_ZOO_1_4\21_20201217 (2161).JPG;1
\cervidae\deer_CaltechCameraTrap\597830a8-23d2-11e8-a6a3-ec086b02610b.jpg;1
\leporido\conejo_Paco_Carro_JC\PICT2408.JPG;1
\meloncillo\Meloncillo_PEPE_IREC_JC\IMAG0271_(3).JPG;1
\vacia\vacias_1_de_2_PNC_2012_ISAAC\a40747IM000021.JPG;0
\cervidae\CERVIDREDORFALLOWDEER_ZOO_1_4\21_20201025 (4088).JPG;1
\jabali\WILDBOAR_ZOO_5_6_7_9\33_20210318 (31).JPG;1
\caballo\HORSE_ZOO_1_4\10_20201117 (1275).JPG;1
\cervidae\CERVIDREDORFALLOWDEER_ZOO_5_6_7_9\1_20210417 (522).JPG;1
\caballo\caballos_simone\4_20201220 (2284).JPG;1
\vacia\NOANIMAL_ZOO_5_6_7_9\25_20210417 (6295).JPG;0
\ave\ave_ave_WellingtonCameraTraps_SS\040516162526009c3101.JPG;1
\cervidae\ciervo_PNC_2013-O_RED_ISAAC\b17592IM000130.JPG;1
\vacia\NOANIMAL_ZOO_1_4\6_20201812 (14818).JPG;0
\leporido\rabbit_IslandConservationCameraTraps\chile_frances012013_11012013155536.jpg;1
\vacia\vacia_Paco_Carro_JC\01130210.JPG;0
\jabali\WILDBOAR_ZOO_5_6_7_9\28_20210318 (15485).JPG;1
\jabali\WILDBOAR_ZOO_5_6_7_9\19_20210319 (2003).JPG;1
\vacia\NOANIMAL_ZOO_5_6_7_9\20_20210219 (1237) (2021_04_15 06_16_22 UTC).JPG;0
\vaca\COW_ZOO_5_6_7_9\17_20210318 (948).JPG;1
\caballo\caballos_alumno_AM\caballos_alumno_AM\2_20201215 (5844).JPG;1
\cervidae\2_ciervo_simone_2\34_20201024 (5330).JPG;1
\vacia\NOANIMAL_ZOO_5_6_7_9\50_20210417 (21529).JPG;0
\jabali\WILDBOAR_ZOO_5_6_7_9\42_20210218 (138) (2021_04_15 06_16_22 UTC).JPG;1
\vacia\NOANIMAL_ZOO_1_4\14_20201218 (1365).JPG;0
\humanovehiculo\HUMANORVEHICLE_ZOO_5_6_7_9\1_20210319 (6).JPG;1
\vacia\empty_IslandConservationCameraTraps\dominicanrepublic_cam0526junio2015_20150623_113407_sunp2464.jpg;0
\humanovehiculo\HUMANORVEHICLE_ZOO_5_6_7_9\1_20210319 (5).JPG;1
\ave\ave_Soraya_Padilla_Alumno_1_TH\STC_0227_frame010.jpg;1
\cervidae\ciervo_PNC_2013-I_RED_ME\6044IM000103.JPG;1
\zorro\Zorro_PNC_2014_JC\c7057IM000029.JPG;1
\cervidae\CIERVO_PNM_2012_ISAAC\d774IM000217.JPG;1
\humanovehiculo\humanovehiculo_PNC_2014_manuel\c28500IM000001.JPG;1
\cervidae\ciervo_ME_rev_1_donana\9_20201025 (823).JPG;1
\caballo\caballos_javier_JC\35_20201218 (177).JPG;1
\cervidae\cervidae_Javi_3_JC\21_20201025 (2057).JPG;1
\cervidae\deer_CaltechCameraTrap\599d7df8-23d2-11e8-a6a3-ec086b02610b.jpg;1
\jabali\jabali_alumno_1_AM_2\41_20201025 (155).JPG;1
\vacia\empty_SnapshotMountainZebra\MTZ_S1_D06_R1_IMAG1132.JPG;0
\vaca\COW_ZOO_5_6_7_9\9_20210615 (175).JPG;1
\vacia\vacia_alumno_2_AM\Neovis 30_frame080.jpg;0
\vacia\NOANIMAL_ZOO_5_6_7_9\10_20210219 (1465) (2021_04_15 06_16_22 UTC).JPG;0
\zorro\Zorro_Pepe_IREC\Zorro_Pepe_Irec_ME\IMAG0712_(3).JPG;1
\cervidae\CERVIDREDORFALLOWDEER_ZOO_5_6_7_9\28_20210615 (278).JPG;1
\jabali\jabali_PNC_2014_manuel\c6008IM000204.JPG;1
\zorro\Zorro_Pepe_IREC\Zorro_Pepe_Irec_ME\IMAG2069.JPG;1
\vacia\vacias_1_de_2_PNC_2012_ISAAC\a39693IMAG1429.JPG;0
\cervidae\ciervo_PNC_2013-O_RED_ISAAC\b16368IM000628.JPG;1
\vacia\empty_SnapshotMountainZebra\MTZ_S1_D06_R1_IMAG0164.JPG;0
\leporido\conejo_leo_donana\0006633.JPG;1
\jabali\WILDBOAR_ZOO_1_4\12_20210116 (243).JPG;1
\cervidae\CERVIDREDORFALLOWDEER_ZOO_1_4\15_20201117 (5281).JPG;1
\gineta\gineta_PNC_2014_manuel\c5409IM000087.JPG;1
\jabali\3_jabali_javi_JC\37_20201024 (8245).JPG;1
\jabali\jabali_PNC_2013-O_RED_ISAAC\b6188IMAG0012.JPG;1
\ave\ave_Soraya_Padilla_Alumno_1_TH\STC_0344_frame130.jpg;1
\gato_domestico\cat_IslandConservationCameraTraps\palau_cam04a12132018_20180824_193547_rcnx0318.jpg;1
\jabali\jabali_alumno_2_2_TH_JC\41_20201025 (59).JPG;1
\zorro\ZORRO_PNM_2012_ISAAC\d14581FILE0026.JPG;1
\tejon\tejon_alumno_2_AM_JC\STC_0290_frame030.jpg;1
\humanovehiculo\HUMANORVEHICLE_ZOO_1_4\28_20201019 (12).JPG;1
\cervidae\ciervo_simone_2\37_20201024 (1124).JPG;1
\jabali\WILDBOAR_ZOO_5_6_7_9\20_20210219 (2427) (2021_04_15 06_16_22 UTC).JPG;1
\humanovehiculo\humanovehiculo_vacías_humanos_PNC_2012_ME\a17690IM000201.JPG;1
\cervidae\CERVIDREDORFALLOWDEER_ZOO_1_4\33_20201217 (351).JPG;1
\vacia\vacia_ss\27_20201023 (194).JPG;0
\jabali\Jabali1_diego_1_rev_donana\33_20201025 (271).JPG;1
\cervidae\Ciervo_PNC_2014_JC\c26208IM000066.JPG;1
\jabali\2_jabali_javi_JC\40_20201024 (6002).JPG;1
\gato_domestico\gatomontes_Leo_Otra_fauna_PASADA_POR_LA_RED_JC\Otrafauna (1914).JPG;1
\leporido\rabbit_IslandConservationCameraTraps\chile_frances012013_2112201283753.jpg;1
\vacia\empty_IslandConservationCameraTraps\ecuador1_ic1611_20150101_000002_img_1348.jpg;0
\caballo\HORSE_ZOO_1_4\38_20210117 (840).JPG;1
\cervidae\CERVIDREDORFALLOWDEER_ZOO_1_4\8_20201117 (66).JPG;1
\gato_domestico\cat_IslandConservationCameraTraps\palau_cam02a12132018_20180917_112035_rcnx0521.jpg;1
\vaca\COW_ZOO_5_6_7_9\46_20210618 (856).JPG;1
\vacia\empty_caltechCameraTraps\597e63a4-23d2-11e8-a6a3-ec086b02610b.jpg;0
\vacia\NOANIMAL_ZOO_1_4\7_20210115 (4217).JPG;0
\ave\ave_Soraya_Padilla_Alumno_1_TH\DSCF0100_frame140.jpg;1
\vacia\empty_SnapshotMountainZebra\MTZ_S1_C06_R1_IMAG2259.JPG;0
\lince\Lince_b_Linces2_Leo_JC\lince169 (12).JPG;1
\zorro\zorro_PNC_2014_manuel\c11257IMAG0042.JPG;1
\vacia\vacia_Paco_Carro_JC\01060164.JPG;0
\vaca\COW_ZOO_1_4\6_20201116 (1398).JPG;1
\cervidae\CERVIDREDORFALLOWDEER_ZOO_5_6_7_9\24_20210219 (254) (2021_04_15 06_16_22 UTC).JPG;1
\vacia\NOANIMAL_ZOO_1_4\26_20201020 (15428).JPG;0
\vacia\empty_caltechCameraTraps\59642053-23d2-11e8-a6a3-ec086b02610b.jpg;0
\cervidae\2_Ciervo_PNC_2013-O_ME\b16275IM000530.JPG;1
\cervidae\CERVIDREDORFALLOWDEER_ZOO_5_6_7_9\22_20210417 (8237).JPG;1
\vaca\cow_CaltechCameraTrap\58ac0ea7-23d2-11e8-a6a3-ec086b02610b.jpg;1
\vacia\empty_IslandConservationCameraTraps\dominicanrepublic_cam1826julio2015_20150626_115036_img_0232.jpg;0
\cervidae\deer_CaltechCameraTrap\598de74b-23d2-11e8-a6a3-ec086b02610b.jpg;1
\zorro\zorro_vacías_humanos_PNC_2012_ME\a44349IM000028.JPG;1
\cervidae\ciervo_PNC_2013-I_RED_ME\7816IM000120.JPG;1
\vacia\vacias_2_de_2_PNC_2012_ISAAC\a28046IM000043.JPG;0
\jabali\jabali_PNC_2014_manuel\c23962IMAG0297.JPG;1
\vacia\vacia_javi_2_JC\11_20201027 (152).JPG;0
\micromamiferos\micromamiferos_fotosManuelEmilio20200912\IMG_1393_x1.JPG;1
\zorro\fox_CaltechCameraTrap_ME\590880c0-23d2-11e8-a6a3-ec086b02610b.jpg;1
\cervidae\Ciervo_PNC_2013-O_ME\b16126IM000372.JPG;1
\vacia\vacias_2_de_2_PNC_2012_ISAAC\a41456IM000737.JPG;0
\lince\Lince_a_Linces2_Leo_JC\Lince51 (179).JPG;1
\leporido\rabbit_IslandConservationCameraTraps\chile_frances022013_20042013162144.jpg;1
\vacia\vacias_PNM_2013-I_ISAAC\e4073IM000009.JPG;0
\vacia\NOANIMAL_ZOO_1_4\26_20201117 (1446).JPG;0
\vacia\NOANIMAL_ZOO_1_4\6_20201812 (8906).JPG;0
\vacia\Nothing_mammalWeb\157329.jpg;0
\vacia\vacia_alumno_AM_2\24_20201019 (1011).JPG;0
\vacia\Vacia_Paco_Carro_camarasliron_4_2_PASADAS_POR_LA_RED_JC\MDGC0782.JPG;0
\cervidae\CERVIDREDORFALLOWDEER_ZOO_1_4\16_20201221 (307).JPG;1
\vacia\NOANIMAL_ZOO_1_4\6_20201812 (13977).JPG;0
\vacia\empty_IslandConservationCameraTraps\dominicanrepublic_cam0513abril2016_20160327_205311_sunp0036.jpg;0
\vacia\NOANIMAL_ZOO_5_6_7_9\36_20210319 (10890).JPG;0
\lince\linces_fecha_Linces2_Leo_JC\2_Lince_flecha_Linces2_Leo_JC\Lince45 (26).jpg;1
\jabali\WILDBOAR_ZOO_1_4\4_20210117 (3404).JPG;1
\cervidae\2_Ciervo_PNC_2013-O_ME\b7151FILE0301.JPG;1
\vacia\empty_IslandConservationCameraTraps\palau_cam04a12132018_20181119_120000_rcnx2210.jpg;0
\cervidae\cervidae_alumno_1_AM_2\30_20201021 (11905).JPG;1
\vacia\NOANIMAL_ZOO_1_4\6_20201812 (12702).JPG;0
\zorro\REDFOX_ZOO_1_4\31_20201218 (331).JPG;1
\vacia\NOANIMAL_ZOO_5_6_7_9\15_20210219 (7107) (2021_04_15 06_16_22 UTC).JPG;0
\vacia\NOANIMAL_ZOO_5_6_7_9\2_20210618 (19075).JPG;0
\vaca\COW_ZOO_1_4\2_20201215 (8250).JPG;1
\vacia\NOANIMAL_ZOO_1_4\26_20201020 (3599).JPG;0
\humanovehiculo\humanovehiculo_PNM_2013-I_ME\e3135IM000009.JPG;1
\micromamiferos\micromamiferos_Paco_Carro_JC\IMG_0060.JPG;1
\jabali\WILDBOAR_ZOO_1_4\37_20201116 (7330).JPG;1
\vacia\Nothing_mammalWeb\1025.jpg;0
\cervidae\CERVIDREDORFALLOWDEER_ZOO_1_4\15_20201117 (5315).JPG;1
\humanovehiculo\humanovehiculo_vacías_humanos_PNC_2012_ME\a10862IM000011.JPG;1
\jabali\jabali_PNC_2014_manuel\c8827IM000123.JPG;1
\zorro\zorro_PNC_2014_manuel\c17790IMAG0007.JPG;1
\vacia\NOANIMAL_ZOO_5_6_7_9\5_20210219 (1271) (2021_04_15 06_16_22 UTC).JPG;0
\vacia\NOANIMAL_ZOO_1_4\15_20201024 (3332).JPG;0
\cervidae\ciervo_vacías_humanos_PNC_2012_ME\a31599IM000932.JPG;1
\jabali\Jabalí_PNC_2013-O_ME\b1585IMAG0107.JPG;1
\leporido\rabbit_IslandConservationCameraTraps\chile_piedra012013_23032013181146.jpg;1
\cervidae\CERVIDREDORFALLOWDEER_ZOO_1_4\9_20201025 (397).JPG;1
\cervidae\ciervo_PNC_2013-I_RED_ME\8426IMAG0052.JPG;1
\vacia\empty_IslandConservationCameraTraps\dominicanrepublic_cam1826junio2015_20150504_131542_img_0336.jpg;0
\gato_domestico\gato_WellingtonCameraTraps_SS\1305151427060235S131.JPG;1
\cervidae\3_ciervo_Javi_3_JC\34_20201024 (903).JPG;1
\leporido\conejo_Paco_Carro_JC\PICT0447.JPG;1
\gato_domestico\gato_WellingtonCameraTraps_SS\15091510081210965021.JPG;1
\leporido\rabbit_IslandConservationCameraTraps\chile_frances012013_19122012165918.jpg;1
\ave\ave_ave_WellingtonCameraTraps_SS\050216052820002c8232.JPG;1
\cervidae\ciervo_PNM_2013-O_ISAAC\f4999IM000097.JPG;1
\humanovehiculo\humanovehiculo_leo_donana\0002523.JPG;1
\jabali\WILDBOAR_ZOO_5_6_7_9\20_20210219 (1056) (2021_04_15 06_16_22 UTC).JPG;1
\ave\aves_fotosManuelEmilio20200912\IMG_0760.JPG;1
\zorro\zorro_PNM_2012_ISAAC\d13558IM000052.JPG;1
\vacia\vacias_PNM_2013-O_ISAAC\f5648IMAG0059.JPG;0
\tejon\EUROPEANBADGER_ZOO_1_4\42_20201026 (47).JPG;1
\vaca\COW_ZOO_5_6_7_9\21_20210418 (4088).JPG;1
\cervidae\corzo_alumno_2_AM_JC\STC_0097_frame140.jpg;1
\vacia\NOANIMAL_ZOO_1_4\26_20201020 (16227).JPG;0
\cervidae\CERVIDREDORFALLOWDEER_ZOO_1_4\26_20201020 (9706).JPG;1
\cervidae\CERVIDREDORFALLOWDEER_ZOO_1_4\21_20201025 (2294).JPG;1
\vacia\empty_IslandConservationCameraTraps\dominicanrepublic_cam1826julio2015_20150702_143422_img_1011.jpg;0
\vacia\empty_IslandConservationCameraTraps\ecuador1_cam1612_20150608_210847_img_1012.jpg;0
\cervidae\CERVIDREDORFALLOWDEER_ZOO_5_6_7_9\8_20210219 (329) (2021_04_15 06_16_22 UTC).JPG;1
\vacia\NOANIMAL_ZOO_1_4\7_20210115 (1995).JPG;0
\cervidae\cervidae_alumno_2_TH\22_20201022 (953).JPG;1
\vacia\NOANIMAL_ZOO_1_4\34_20210115 (1952).JPG;0
\humanovehiculo\humanovehiculo_vacías_humanos_PNC_2012_ME\a23306IM000007.JPG;1
\cervidae\ciervo_PNC_2014_ISAAC\c22131IM000047.JPG;1
\vacia\vacia_WellingtonCameraTraps_SS\050716025658038bs233.JPG;0
\micromamiferos\rat_IslandConservationCameraTraps\micronesia_cam08_cam08june2019_20190628175810_rcnx0056.jpg;1
\cervidae\CERVIDREDORFALLOWDEER_ZOO_5_6_7_9\19_20210319 (692).JPG;1
\cervidae\CERVIDREDORFALLOWDEER_ZOO_5_6_7_9\18_20210219 (2305) (2021_04_15 06_16_22 UTC).JPG;1
\ave\ave_Soraya_Padilla_Alumno_1_TH\STC_0080_frame170.jpg;1
\cervidae\Ciervo_PNC_2012_JC\a35971IM000098.JPG;1
\cervidae\CERVIDREDORFALLOWDEER_ZOO_1_4\14_20210114 (2257).JPG;1
\vacia\NOANIMAL_ZOO_5_6_7_9\2_20210417 (15020).JPG;0
\cervidae\deer_CaltechCameraTrap\59fe2193-23d2-11e8-a6a3-ec086b02610b.jpg;1
\leporido\conejo_WellingtonCameraTraps_SS\081116172200020bl252.JPG;1
\zorro\Zorro_PNC_2014_JC\c23546IM000169.JPG;1
\cervidae\CERVIDREDORFALLOWDEER_ZOO_5_6_7_9\5_20210417 (916).JPG;1
\cervidae\CERVIDREDORFALLOWDEER_ZOO_5_6_7_9\38_20210618 (214).JPG;1
\vacia\empty_IslandConservationCameraTraps\micronesia_cam04_cam04june2019_20190613063503_rcnx1538.jpg;0
\vacia\vacia_PNM_2013-O_ME\f3782IM000111.JPG;0
\leporido\Conejo_PNC_2012_JC\a39973IM000235.JPG;1
\vacia\NOANIMAL_ZOO_1_4\26_20201020 (14185).JPG;0
\cervidae\CERVIDREDORFALLOWDEER_ZOO_5_6_7_9\5_20210219 (107) (2021_04_15 06_16_22 UTC).JPG;1
\ave\petrel_IslandConservationCameraTraps\chile_filipiananbek2013_27102013130221.jpg;1
\cervidae\CERVIDREDORFALLOWDEER_ZOO_5_6_7_9\35_20210318 (54).JPG;1
\jabali\WILDBOAR_ZOO_5_6_7_9\48_20210418 (183).JPG;1
\zorro\REDFOX_ZOO_5_6_7_9\41_20210615 (4).JPG;1
\vacia\NOANIMAL_ZOO_1_4\34_20210115 (3259).JPG;0
\gato_domestico\cat_CaltechCameraTrap\59104bac-23d2-11e8-a6a3-ec086b02610b.jpg;1
\vacia\NOANIMAL_ZOO_1_4\26_20201117 (2769).JPG;0
\vacia\NOANIMAL_ZOO_5_6_7_9\32_20210615 (8736).JPG;0
\cervidae\CERVIDREDORFALLOWDEER_ZOO_5_6_7_9\2_20210417 (838).JPG;1
\gato_domestico\cat_IslandConservationCameraTraps\chile_vaqueria2013_1401201354218.jpg;1
\cervidae\CERVIDREDORFALLOWDEER_ZOO_5_6_7_9\2_20210219 (4410) (2021_04_15 06_16_22 UTC).JPG;1
\ave\OTHERSPECIES_ZOO_1_4\15_20210117 (7426).JPG;1
\cervidae\gamo_WellingtonCameraTraps_SS\2706150345401266L201.JPG;1
\leporido\2_conejo_Paco_Carro_JC\PICT0176.JPG;1
\jabali\Jabalí_PNC_2013-O_ME\b6078IM000032.JPG;1
\mapache\raccoon_CaltechCameraTrap_ME\59aada22-23d2-11e8-a6a3-ec086b02610b.jpg;1
\jabali\WILDBOAR_ZOO_1_4\7_20201118 (282).JPG;1
\jabali\Jabali_PNC_2014_JC\c5557IM000139.JPG;1
\humanovehiculo\HUMANORVEHICLE_ZOO_1_4\18_20210115 (583).JPG;1
\cervidae\2_Ciervos_PNC_2014_JC\c7109IM000041.JPG;1
\lince\Lince_b_Linces2_Leo_JC\lince176 (1).JPG;1
\vacia\NOANIMAL_ZOO_5_6_7_9\2_20210417 (15679).JPG;0
\vacia\NOANIMAL_ZOO_1_4\6_20201023 (1947).JPG;0
\vacia\empty_SnapshotMountainZebra\MTZ_S1_D06_R1_IMAG2259.JPG;0
\micromamiferos\rat_IslandConservationCameraTraps\puertorico_7a_20141111_192745_img_0032.jpg;1
\vacia\NOANIMAL_ZOO_5_6_7_9\20_20210319 (620).JPG;0
\vacia\vacia_ss\27_20201023 (52).JPG;0
\vacia\NOANIMAL_ZOO_1_4\34_20210115 (6840).JPG;0
\vacia\empty_SnapshotMountainZebra\MTZ_S1_D05_R1_IMAG1819.JPG;0
\garduna\garduna_PNC_2013-O_RED_ISAAC\b996IM000037.JPG;1
\zorro\Zorro_Pepe_IREC\Zorro_Pepe_Irec_ME\IMAG0222.JPG;1
\leporido\3_conejo_alumno_1_AM_2\6_20201023 (2223).JPG;1
\jabali\WILDBOAR_ZOO_5_6_7_9\5_20210219 (1502) (2021_04_15 06_16_22 UTC).JPG;1
\gineta\gineta_Saul Martin_FRAMES_SIN_REPETIDOS_REVISADOS_DIEGO\IMAG0010_frame340.jpg;1
\ave\rooster_IslandConservationCameraTraps\palau_cam02a12132018_20180916_093405_rcnx0507.jpg;1
\vacia\NOANIMAL_ZOO_5_6_7_9\28_20210318 (11488).JPG;0
\cervidae\CERVIDREDORFALLOWDEER_ZOO_1_4\19_20210115 (130).JPG;1
\vacia\NOANIMAL_ZOO_1_4\7_20210115 (1172).JPG;0
\vacia\empty_IslandConservationCameraTraps\dominicanrepublic_cam0425abril2015_20130808_031129_sunp0895.jpg;0
\zorro\zorro_PNM_2012_ME\d3915IM000174.JPG;1
\vacia\NOANIMAL_ZOO_1_4\6_20201812 (13026).JPG;0
\caballo\HORSE_ZOO_5_6_7_9\15_20210219 (3147) (2021_04_15 06_16_22 UTC).JPG;1
\ave\shearwater_IslandConservationCameraTraps\chile_vaqueria2013_1512201232412.jpg;1
\vacia\NOANIMAL_ZOO_5_6_7_9\2_20210417 (23381).JPG;0
\cervidae\CERVIDREDORFALLOWDEER_ZOO_1_4\34_20201215 (1170).JPG;1
\vacia\NOANIMAL_ZOO_5_6_7_9\25_20210417 (6351).JPG;0
\vaca\COW_ZOO_5_6_7_9\21_20210615 (1746).JPG;1
\gato_domestico\gato_WellingtonCameraTraps_SS\1805151447120745L091.JPG;1
\cervidae\CERVIDREDORFALLOWDEER_ZOO_5_6_7_9\10_20210219 (1704) (2021_04_15 06_16_22 UTC).JPG;1
\humanovehiculo\HUMANORVEHICLE_ZOO_5_6_7_9\1_20210618 (5651).JPG;1
\vacia\NOANIMAL_ZOO_1_4\7_20210115 (3593).JPG;0
\lince\Lince_b_Linces2_Leo_JC\lince216 (406).JPG;1
\humanovehiculo\HUMANORVEHICLE_ZOO_5_6_7_9\19_20210219 (43) (2021_04_15 06_16_22 UTC).JPG;1
\vacia\empty_IslandConservationCameraTraps\dominicanrepublic_cam0526julio2015_20150717_125458_sunp2919.jpg;0
\zorro\zorro_PNC_2012_JC\a23751IM000201.JPG;1
\meloncillo\Meloncillo_PEPE_IREC_JC\IMAG0549.JPG;1
\ave\Ave_Leo_Otra_fauna_PASADA_POR_LA_RED_JC\Otrafauna (1910).JPG;1
\cervidae\ciervo_ME_rev_1_donana\37_20201024 (9271).JPG;1
\jabali\jabali_PNC_2013-O_RED_ISAAC\b4987IMAG0876.JPG;1
\cervidae\ciervo_PNM_2013-O_ME\f11573FILE0027.JPG;1
\ave\ave_Soraya_Padilla_Alumno_1_TH\STC_0172_frame120.jpg;1
\cervidae\CERVIDREDORFALLOWDEER_ZOO_5_6_7_9\38_20210618 (2487).JPG;1
\humanovehiculo\humanovehiculo_vacías_humanos_PNC_2012_ME\a28883IM000006.JPG;1
\gato_domestico\cat_CaltechCameraTrap\58732c1b-23d2-11e8-a6a3-ec086b02610b.jpg;1
\vacia\empty_IslandConservationCameraTraps\puertorico_20_20150603_161349_img_0498.jpg;0
\humanovehiculo\car_CaltechCameraTrap_ME\vehiculo\590ebe2f-23d2-11e8-a6a3-ec086b02610b.jpg;1
\zorro\zorro_PNC_2014_manuel\c5519IM000099.JPG;1
\cervidae\cervicidae_alumno_TH_3_TH_JC\34_20201024 (4502).JPG;1
\cervidae\CERVIDREDORFALLOWDEER_ZOO_1_4\21_20201025 (606).JPG;1
\jabali\WILDBOAR_ZOO_1_4\12_20210116 (27).JPG;1
\humanovehiculo\HUMANORVEHICLE_ZOO_1_4\31_20201117 (622).JPG;1
\zorro\zorro_PNC_2013-O_RED_ISAAC\b8023IM000191.JPG;1
\vacia\Nothing_mammalWeb\24926.jpg;0
\micromamiferos\micromamiferos_Paco_Carro_JC\IMG_0933.JPG;1
\vacia\NOANIMAL_ZOO_1_4\34_20210115 (2105).JPG;0
\ave\OTHERSPECIES_ZOO_5_6_7_9\50_20210417 (484).JPG;1
\vacia\empty_IslandConservationCameraTraps\dominicanrepublic_cam0425abril2015_20130808_030357_sunp0864.jpg;0
\jabali\WILDBOAR_ZOO_1_4\15_20210117 (6919).JPG;1
\zorro\Zorro_Pepe_IREC\Zorro_Pepe_Irec_ME\IMAG0753.JPG;1
\vaca\COW_ZOO_1_4\6_20201116 (1047).JPG;1
\vacia\NOANIMAL_ZOO_1_4\25_20201117 (158).JPG;0
\vacia\NOANIMAL_ZOO_1_4\26_20201020 (17121).JPG;0
\gato_domestico\gato_WellingtonCameraTraps_SS\0106152256560460L051.JPG;1
\gato_domestico\cat_IslandConservationCameraTraps\palau_cam04a12132018_20180824_210924_rcnx0496.jpg;1
\vacia\empty_IslandConservationCameraTraps\dominicanrepublic_cam0425abril2015_20130821_044319_sunp3988.jpg;0
\zorro\zorro_PNC_2013-I_RED_ME\4600IM000040.JPG;1
\tejon\Tejon_PEPE_IREC_JC\IMAG0584.JPG;1
\jabali\WILDBOAR_ZOO_5_6_7_9\10_20210219 (1049) (2021_04_15 06_16_22 UTC).JPG;1
\vacia\NOANIMAL_ZOO_5_6_7_9\24_20210418 (5031).JPG;0
\zorro\Zorro_PNC_2014_JC\c3048IM000157.JPG;1
\cervidae\deer_CaltechCameraTrap\59cf456b-23d2-11e8-a6a3-ec086b02610b.jpg;1
\jabali\WILDBOAR_ZOO_1_4\37_20201116 (6008).JPG;1
\jabali\WILDBOAR_ZOO_5_6_7_9\19_20210417 (335).JPG;1
\zorro\Red Fox_ena24\3553.jpg;1
\cervidae\CERVIDREDORFALLOWDEER_ZOO_1_4\38_20210117 (1245).JPG;1
\vacia\NOANIMAL_ZOO_1_4\4_20201220 (1102).JPG;0
\vaca\COW_ZOO_1_4\21_20210114 (570).JPG;1
\zorro\zorro_PNC_2013-O_RED_ISAAC\b1070IM000105.JPG;1
\vaca\COW_ZOO_5_6_7_9\17_20210318 (177).JPG;1
\vaca\COW_ZOO_1_4\21_20201119 (1741).JPG;1
\leporido\rabbit_IslandConservationCameraTraps\chile_frances012013_13012013154520.jpg;1
\humanovehiculo\humano_vehiculo_PNM_2013-O_ISAAC\f5IM000005.JPG;1
\vaca\COW_ZOO_1_4\21_20201119 (2502).JPG;1
\cervidae\CERVIDREDORFALLOWDEER_ZOO_1_4\18_20201024 (120).JPG;1
\ave\bird_CaltechCameraTrap\588a668f-23d2-11e8-a6a3-ec086b02610b.jpg;1
\jabali\WILDBOAR_ZOO_5_6_7_9\28_20210318 (16237).JPG;1
\cervidae\CERVIDREDORFALLOWDEER_ZOO_5_6_7_9\49_20210418 (13431).JPG;1
\cervidae\ciervo_simone_2\37_20201024 (8663).JPG;1
\humanovehiculo\car_CaltechCameraTrap_ME\vehiculo\59862551-23d2-11e8-a6a3-ec086b02610b.jpg;1
\cervidae\CERVIDREDORFALLOWDEER_ZOO_1_4\28_20201019 (1034).JPG;1
\humanovehiculo\HUMANORVEHICLE_ZOO_5_6_7_9\50_20210616 (28).JPG;1
\vacia\Vacia_ME_rev_2_donana\27_20201023 (3502).JPG;0
\lince\Lince_a_Linces2_Leo_JC\Lince51 (111).JPG;1
\cervidae\CERVIDREDORFALLOWDEER_ZOO_5_6_7_9\49_20210615 (20661).JPG;1
\vacia\empty_caltechCameraTraps\59fae6e3-23d2-11e8-a6a3-ec086b02610b.jpg;0
\vacia\NOANIMAL_ZOO_1_4\41_20201025 (185).JPG;0
\cervidae\3_ciervo_Javi_3_JC\34_20201024 (843).JPG;1
\cervidae\Ciervo_PNC_2012_JC\a601IM000024.JPG;1
\vacia\vacias_PNC_2014_ISAAC\c3617IMAG0067.JPG;0
\leporido\LEPORIDRABBITORHARE_ZOO_5_6_7_9\2_20210319 (3255).JPG;1
\vacia\NOANIMAL_ZOO_5_6_7_9\24_20210318 (5580).JPG;0
\zorro\zorro_PNC_2013-I_ME\9246IM000037.JPG;1
\vaca\COW_ZOO_1_4\21_20201217 (1751).JPG;1
\leporido\rabbit_IslandConservationCameraTraps\chile_frances012013_0801201360448.jpg;1
\vaca\COW_ZOO_5_6_7_9\9_20210615 (1641).JPG;1
\caballo\HORSE_ZOO_1_4\17_20210114 (3064).JPG;1
\caballo\HORSE_ZOO_1_4\15_20201117 (2655).JPG;1
\leporido\rabbit_IslandConservationCameraTraps\chile_frances012013_2112201272534.jpg;1
\ave\ave_ave_WellingtonCameraTraps_SS\100416163218049c5351.JPG;1
\caballo\domesticanimal_SnapshotCamdeboo\CDB_S1_B04_R2_IMAG0048.JPG;1
\lince\Lince_a_Linces2_Leo_JC\lince90 (136).JPG;1
\ave\Petirrojo_PNM_2013-0_ME\f27136IMAG0123.JPG;1
\micromamiferos\micromamiferos_Paco_Carro_JC\IMG_0042.JPG;1
\tejon\Tejon_Leo_Otra_fauna_PASADA_POR_LA_RED_JC\Otrafauna (665).JPG;1
\lince\Lince_a_Linces2_Leo_JC\lince94 (92).JPG;1
\vacia\vacia_Paco_Carro_JC\01070262.JPG;0
\gato_domestico\gato_WellingtonCameraTraps_SS\100416145032025c7201.JPG;1
\humanovehiculo\humanovehiculo_PNC_2014_manuel\c8551IM000010.JPG;1
\vacia\empty_SnapshotMountainZebra\MTZ_S1_G04_R3_IMAG1571.JPG;0
\cervidae\CERVIDREDORFALLOWDEER_ZOO_1_4\21_20201025 (137).JPG;1
\caballo\HORSE_ZOO_5_6_7_9\17_20210615 (61).JPG;1
\zorro\zorro_PNC_2012_JC\a33370IMAG0044.JPG;1
\vacia\empty_IslandConservationCameraTraps\dominicanrepublic_cam1125abril2015_20150403_153550_img_0280.jpg;0
\ave\ave_Soraya_Padilla_Alumno_1_TH\DSCF0049_frame110.jpg;1
\vacia\empty_SnapshotMountainZebra\MTZ_S1_D05_R1_IMAG2490.JPG;0
\vacia\empty_IslandConservationCameraTraps\dominicanrepublic_cam1826julio2015_20150628_104730_img_0596.jpg;0
\vaca\COW_ZOO_5_6_7_9\9_20210615 (2752).JPG;1
\gato_domestico\gato_WellingtonCameraTraps_SS\3006150619540359L101.JPG;1
\cervidae\CERVIDREDORFALLOWDEER_ZOO_1_4\33_20201120 (130).JPG;1
\perro\perro_WellingtonCameraTraps_SS\031016085234014c9711.JPG;1
\cervidae\cervidae_buscar_cab_isaac_sin_contar\35_20201123 (229).JPG;1
\vacia\empty_IslandConservationCameraTraps\ecuador1_ic1619_20181129_090528_img_0519.jpg;0
\vacia\empty_SnapshotMountainZebra\MTZ_S1_D06_R1_IMAG0151.JPG;0
\humanovehiculo\car_CaltechCameraTrap_ME\vehiculo\58c97a39-23d2-11e8-a6a3-ec086b02610b.jpg;1
\vacia\NOANIMAL_ZOO_1_4\6_20201812 (14668).JPG;0
\vacia\vacias_PNM_2013-O_ISAAC\f15897IMAG0663.JPG;0
\leporido\rabbit_IslandConservationCameraTraps\chile_frances012013_27122012155624.jpg;1
\cervidae\CERVIDREDORFALLOWDEER_ZOO_1_4\21_20201025 (4888).JPG;1
\vacia\empty_SnapshotMountainZebra\MTZ_S1_D06_R1_IMAG0991.JPG;0
\vacia\vacia_alumno_1_AM\40_20201024 (5464).JPG;0
\cervidae\ciervo_simone_2\34_20201024 (2772).JPG;1
\cervidae\ciervo_Paco_Carro_JC\PICT0444.JPG;1
\jabali\jabali_PNC_2013-O_RED_ISAAC\b7093FILE0240.JPG;1
\lince\Lince_a_Linces2_Leo_JC\lince50 (72).JPG;1
\lince\Lince_a_Linces2_Leo_JC\lince93 (5).JPG;1
\zorro\ZORRO_PNM_2013-I_ISAAC\e2701IM000043.JPG;1
\ave\Blackbird_mammalWeb\126341.jpg;1
\vacia\NOANIMAL_ZOO_1_4\6_20201023 (2275).JPG;0
\mapache\raccoon_CaltechCameraTrap_ME\59c66ac5-23d2-11e8-a6a3-ec086b02610b.jpg;1
\leporido\rabbit_CaltechCameraTrap_ME\59c1786a-23d2-11e8-a6a3-ec086b02610b.jpg;1
\humanovehiculo\humanovehiculo_PNC_2014_manuel\c29575IM000206.JPG;1
\vacia\NOANIMAL_ZOO_5_6_7_9\24_20210418 (8644).JPG;0
\vacia\vacia_javi_2_JC\27_20201023 (6039).JPG;0
\vacia\NOANIMAL_ZOO_5_6_7_9\5_20210319 (1048).JPG;0
\caballo\HORSE_ZOO_1_4\15_20210117 (1592).JPG;1
\cervidae\CERVIDREDORFALLOWDEER_ZOO_1_4\10_20201117 (5053).JPG;1
\zorro\REDFOX_ZOO_1_4\31_20201023 (365).JPG;1
\cervidae\CERVIDREDORFALLOWDEER_ZOO_1_4\29_20201117 (1117).JPG;1
\cervidae\CERVIDREDORFALLOWDEER_ZOO_1_4\40_20201215 (1499).JPG;1
\gato_domestico\gato_WellingtonCameraTraps_SS\16091514071402201161.JPG;1
\cervidae\CERVIDREDORFALLOWDEER_ZOO_5_6_7_9\39_20210218 (1423) (2021_04_15 06_16_22 UTC).JPG;1
\humanovehiculo\car_CaltechCameraTrap_ME\vehiculo\58f42439-23d2-11e8-a6a3-ec086b02610b.jpg;1
\tejon\Tejon_PEPE_IREC_JC\IMAG0039_(2).JPG;1
\vacia\empty_IslandConservationCameraTraps\dominicanrepublic_cam1125abril2015_20150418_172154_img_1838.jpg;0
\vacia\NOANIMAL_ZOO_5_6_7_9\31_20210615 (7670).JPG;0
\cervidae\ciervo_PNC_2013-I_RED_ME\8013IM000047.JPG;1
\vacia\empty_caltechCameraTraps\59af9894-23d2-11e8-a6a3-ec086b02610b.jpg;0
\jabali\WILDBOAR_ZOO_5_6_7_9\33_20210218 (117) (2021_04_15 06_16_22 UTC).JPG;1
\meloncillo\Meloncillo_PEPE_IREC_JC\IMAG0557.JPG;1
\leporido\rabbit_CaltechCameraTrap_ME\59bfdd71-23d2-11e8-a6a3-ec086b02610b.jpg;1
\vacia\empty_SnapshotMountainZebra\MTZ_S1_D05_R1_IMAG0114.JPG;0
\vacia\NOANIMAL_ZOO_5_6_7_9\50_20210417 (19157).JPG;0
\vacia\NOANIMAL_ZOO_1_4\6_20201812 (12014).JPG;0
\vacia\empty_IslandConservationCameraTraps\palau_cam08a12132018_20181127_120000_rcnx0422.jpg;0
\jabali\jabali_javi_JC\17_20201026 (589).JPG;1
\vacia\NOANIMAL_ZOO_5_6_7_9\17_20210418 (838).JPG;0
\vacia\NOANIMAL_ZOO_1_4\6_20201116 (4153).JPG;0
\jabali\WILDBOAR_ZOO_1_4\37_20201116 (16488).JPG;1
\vacia\vacia_Paco_Carro_JC\01130707 (2).JPG;0
\vacia\vacia_Paco_Carro_JC\IMG_0784 (2).JPG;0
\cervidae\CERVIDREDORFALLOWDEER_ZOO_1_4\34_20201024 (4470).JPG;1
\vacia\NOANIMAL_ZOO_5_6_7_9\19_20210417 (2200).JPG;0
\ave\bird_CaltechCameraTrap\586fdd67-23d2-11e8-a6a3-ec086b02610b.jpg;1
\vaca\cow_CaltechCameraTrap\591cb1b6-23d2-11e8-a6a3-ec086b02610b.jpg;1
\zorro\zorro_alumno_2_AM_JC\cachorro de día cola_frame020.jpg;1
\caballo\HORSE_ZOO_5_6_7_9\28_20210318 (15642).JPG;1
\vacia\NOANIMAL_ZOO_1_4\7_20210115 (1606).JPG;0
\cervidae\2_ciervo_simone_2\37_20201024 (10690).JPG;1
\gato_domestico\gato_WellingtonCameraTraps_SS\021116224348009c1161.JPG;1
\lince\Lince_b_Linces2_Leo_JC\lince146 (139).JPG;1
\tejon\EUROPEANBADGER_ZOO_1_4\11_20201027 (13).JPG;1
\vacia\empty_IslandConservationCameraTraps\dominicanrepublic_cam0526julio2015_20150701_105551_sunp2095.jpg;0
\vacia\NOANIMAL_ZOO_5_6_7_9\24_20210219 (18) (2021_04_15 06_16_22 UTC).JPG;0
\vacia\NOANIMAL_ZOO_1_4\34_20210115 (5637).JPG;0
\cervidae\CERVIDREDORFALLOWDEER_ZOO_5_6_7_9\32_20210218 (1000) (2021_04_15 06_16_22 UTC).JPG;1
\micromamiferos\Small rodent_mammalWeb\32444.jpg;1
\cervidae\corzo_alumno_2_AM_JC\STC_0295_frame060.jpg;1
\cervidae\Ciervo_PNC_2014_JC\c16004IM000184.JPG;1
\zorro\Zorro_PNC_2014_JC\c6063IM000013.JPG;1
\vacia\Vacio__diego_2_rev_donana\37_20201024 (2243).JPG;0
\cervidae\2_ciervo_Javi_3_JC\21_20201025 (407).JPG;1
\vacia\NOANIMAL_ZOO_1_4\10_20201117 (793).JPG;0
\vacia\NOANIMAL_ZOO_5_6_7_9\25_20210417 (2006).JPG;0
\ave\ave_Soraya_Padilla_Alumno_1_TH\DSCF0121_frame051.jpg;1
\cervidae\CERVIDREDORFALLOWDEER_ZOO_1_4\21_20210114 (1548).JPG;1
\zorro\Zorro_PNM_2013-0_ME\f4384IM000059.JPG;1
\garduna\garduna_PNM_2012_ME\d13609IM000037.JPG;1
\cervidae\ciervo_PNC_2014_ISAAC\c28962IM000234.JPG;1
\ave\short-eared_owl_IslandConservationCameraTraps\chile_piedra012013_1903201362441.jpg;1
\vacia\NOANIMAL_ZOO_5_6_7_9\2_20210618 (17818).JPG;0
\zorro\zorro_PNC_2014_manuel\c11310IMAG0144.JPG;1
\jabali\jabali_PNM_2012_ISAAC\d15322IM000084.JPG;1
\lince\Lince_b_Linces2_Leo_JC\lince144 (50).JPG;1
\vacia\NOANIMAL_ZOO_1_4\7_20210115 (1743).JPG;0
\tejon\Tejon_PEPE_IREC_JC\IMAG0055_(5).JPG;1
\tejon\tejon_alumno_2_AM_JC\SUNP0231_frame300.jpg;1
\vacia\NOANIMAL_ZOO_5_6_7_9\3_20210615 (307).JPG;0
\vacia\NOANIMAL_ZOO_5_6_7_9\20_20210417 (14611).JPG;0
\vacia\NOANIMAL_ZOO_5_6_7_9\39_20210417 (1325).JPG;0
\tejon\EUROPEANBADGER_ZOO_5_6_7_9\47_20210615 (18).JPG;1
\vaca\COW_ZOO_5_6_7_9\21_20210418 (2250).JPG;1
\gato_domestico\cat_IslandConservationCameraTraps\palau_cam13a12132018_20181125_154417_rcnx1574.jpg;1
\vacia\NOANIMAL_ZOO_5_6_7_9\22_20210417 (4797).JPG;0
\lince\Lince_a_Linces2_Leo_JC\lince70 (22).JPG;1
\cervidae\deer_CaltechCameraTrap\59af9616-23d2-11e8-a6a3-ec086b02610b.jpg;1
\cervidae\deer_CaltechCameraTrap\59f5fde3-23d2-11e8-a6a3-ec086b02610b.jpg;1
\vacia\NOANIMAL_ZOO_5_6_7_9\50_20210408 (3531).JPG;0
\micromamiferos\micromamiferos_Paco_Carro_JC\IMG_0767.JPG;1
\ave\yellow-crowned_night_heron_IslandConservationCameraTraps\puertorico_17b_20150526_095811_img_0431.jpg;1
\lince\Lince_b_Linces2_Leo_JC\lince228 (537).JPG;1
\lince\Lince_a_Linces2_Leo_JC\lince90 (65).JPG;1
\cervidae\ciervo_PNC_2014_ISAAC\c11644IMAG0421.JPG;1
\vacia\vacia_ss\34_20201024 (5184).JPG;0
\zorro\zorro_PNC_2014_manuel\c10629IM000019.JPG;1
\vacia\NOANIMAL_ZOO_5_6_7_9\38_20210219 (218) (2021_04_15 06_16_22 UTC).JPG;0
\vaca\COW_ZOO_5_6_7_9\49_20210418 (2287).JPG;1
\meloncillo\meloncillo_Leo_Otra_fauna_PASADA_POR_LA_RED_JC\Otrafauna (1680).JPG;1
\vacia\empty_IslandConservationCameraTraps\dominicanrepublic_cam11223mayo2017_20170521_141930_img_0006.jpg;0
\vacia\NOANIMAL_ZOO_5_6_7_9\25_20210417 (6484).JPG;0
\zorro\zorro_ME_rev_2_donana\10_20201019 (543).JPG;1
\cervidae\CERVIDREDORFALLOWDEER_ZOO_1_4\6_20201023 (3220).JPG;1
\vacia\SnampshotEnonkishu\ENO_S1_D01_R1_IMAG1551.JPG;0
\vacia\empty_SnapshotMountainZebra\MTZ_S1_D07_R1_IMAG1851.JPG;0
\vacia\empty_SnapshotMountainZebra\MTZ_S1_G04_R3_IMAG2472.JPG;0
\vacia\NOANIMAL_ZOO_5_6_7_9\50_20210408 (8106).JPG;0
\vacia\vacias_PNC_2014_ISAAC\c9612IM000366.JPG;0
\vacia\vacia_alumno_1_TH\Nada (53)_frame130.jpg;0
\perro\dog_IslandConservationCameraTraps\dominicanrepublic_cam278noviembre2015_20151106_035141_img_0022.jpg;1
\vacia\empty_IslandConservationCameraTraps\dominicanrepublic_cam0425abril2015_20130828_032940_sunp6757.jpg;0
\humanovehiculo\humanovehiculo_alumno_1_AM_2\26_20201020 (18841).JPG;1
\humanovehiculo\HUMANORVEHICLE_ZOO_5_6_7_9\21_20210318 (14040).JPG;1
\vacia\NOANIMAL_ZOO_1_4\37_20201024 (7808).JPG;0
\zorro\REDFOX_ZOO_1_4\12_20201025 (63).JPG;1
\vacia\NOANIMAL_ZOO_1_4\6_20201116 (4709).JPG;0
\micromamiferos\micromamiferos_Paco_Carro_JC\IMG_0090.JPG;1
\vacia\empty_caltechCameraTraps\5a0fceb6-23d2-11e8-a6a3-ec086b02610b.jpg;0
\ave\petrel_IslandConservationCameraTraps\chile_filipiananbek2013_27102013131832.jpg;1
\vacia\empty_IslandConservationCameraTraps\dominicanrepublic_cam1826julio2015_20150717_083705_img_2610.jpg;0
\vacia\NOANIMAL_ZOO_5_6_7_9\28_20210417 (117).JPG;0
\vacia\vacia_Paco_Carro_JC\IMG_1001.JPG;0
\zorro\fox_CaltechCameraTrap_ME\59974017-23d2-11e8-a6a3-ec086b02610b.jpg;1
\cervidae\ciervo_PNC_2013-I_RED_ME\8031IM000066.JPG;1
\vaca\COW_ZOO_5_6_7_9\9_20210615 (2079).JPG;1
\lince\Lince_a_Linces2_Leo_JC\lince75 (9).JPG;1
\gato_domestico\gato_WellingtonCameraTraps_SS\23091507235802359703.JPG;1
\caballo\HORSE_ZOO_5_6_7_9\15_20210219 (8589) (2021_04_15 06_16_22 UTC).JPG;1
\cervidae\ciervo_PNC_2013-O_RED_ISAAC\b16895IMAG0064.JPG;1
\zorro\zorro_PNC_2014_manuel\c6176IM000116.JPG;1
\lince\Lince_a_Linces2_Leo_JC\lince90 (202).JPG;1
\jabali\WILDBOAR_ZOO_1_4\37_20201116 (8098).JPG;1
\zorro\zorro_ME_rev_1_donana\31_20201023 (456).JPG;1
\cervidae\ciervo_PNM_2013-O_ISAAC\f11225IM000236.JPG;1
\vacia\empty_caltechCameraTraps\5971f807-23d2-11e8-a6a3-ec086b02610b.jpg;0
\cervidae\ciervo_PNC_2013-I_RED_ME\1524IM000074.JPG;1
\vacia\vacias_PNM_2013-O_ISAAC\f6579IMAG0994.JPG;0
\humanovehiculo\humanos_Paco_Carro_JC\IMG_0952.JPG;1
\vacia\vacia_alumno_TH_3_TH_JC\10_20201019 (1449).JPG;0
\leporido\conejo_Paco_Carro_JC\PICT0349.JPG;1
\cervidae\3_ciervo_Javi_3_JC\34_20201024 (2223).JPG;1
\ave\Blackbird_mammalWeb\24554.jpg;1
\cervidae\CERVIDREDORFALLOWDEER_ZOO_5_6_7_9\5_20210417 (2471).JPG;1
\caballo\Horse_mammalWeb\42875.jpg;1
\vacia\NOANIMAL_ZOO_1_4\9_20201118 (482).JPG;0
\caballo\HORSE_ZOO_1_4\15_20201215 (136).JPG;1
\humanovehiculo\car_CaltechCameraTrap_ME\vehiculo\59e5e0e4-23d2-11e8-a6a3-ec086b02610b.jpg;1
\humanovehiculo\humanovehiculo_Caltech\596d6338-23d2-11e8-a6a3-ec086b02610b.jpg;1
\vaca\COW_ZOO_1_4\4_20210117 (1660).JPG;1
\humanovehiculo\HUMANORVEHICLE_ZOO_1_4\8_20201117 (5).JPG;1
\vacia\NOANIMAL_ZOO_1_4\26_20201020 (16623).JPG;0
\cervidae\CERVIDREDORFALLOWDEER_ZOO_1_4\37_20210115 (98).JPG;1
\caballo\HORSE_ZOO_1_4\2_20201117 (259).JPG;1
\cervidae\CERVIDREDORFALLOWDEER_ZOO_5_6_7_9\2_20210319 (7966).JPG;1
\cervidae\ciervo_PNC_2013-I_RED_ME\8659IMAG0201.JPG;1
\vacia\NOANIMAL_ZOO_1_4\7_20210115 (4097).JPG;0
\leporido\rabbit_IslandConservationCameraTraps\chile_piedra012013_19012013233832.jpg;1
\jabali\jabali_alumno_1_AM_2\31_20201023 (343).JPG;1
\vacia\empty_SnapshotKruger\KRU_S1_8_R1_IMAG0409.JPG;0
\vacia\empty_SnapshotMountainZebra\MTZ_S1_D05_R1_IMAG1559.JPG;0
\vacia\NOANIMAL_ZOO_1_4\9_20210114 (1042).JPG;0
\gato_domestico\cat_IslandConservationCameraTraps\palau_cam02a12132018_20181119_054652_rcnx1426.jpg;1
\cervidae\CERVIDREDORFALLOWDEER_ZOO_1_4\40_20201117 (1475).JPG;1
\cervidae\ciervo_Paco_Carro_JC\MDGC0322.JPG;1
\humanovehiculo\humanos_fotosManuelEmilio20200912\IMG_0730.JPG;1
\vacia\NOANIMAL_ZOO_5_6_7_9\20_20210319 (6988).JPG;0
\vacia\NOANIMAL_ZOO_1_4\13_20201219 (5).JPG;0
\vacia\NOANIMAL_ZOO_5_6_7_9\24_20210318 (6990).JPG;0
\vacia\NOANIMAL_ZOO_1_4\37_20201024 (9782).JPG;0
\jabali\WILDBOAR_ZOO_5_6_7_9\28_20210219 (2704) (2021_04_15 06_16_22 UTC).JPG;1
\vaca\COW_ZOO_5_6_7_9\21_20210418 (1134).JPG;1
\zorro\zorro_PNC_2013-O_RED_ISAAC\b16415IM000021.JPG;1
\caballo\caballos_javier_JC\35_20201218 (497).JPG;1
\leporido\2_conejo_Paco_Carro_JC\PICT0941 (3).JPG;1
\vacia\NOANIMAL_ZOO_5_6_7_9\1_20210618 (731).JPG;0
\lince\linces_Linces2_Leo_JC\2_Lince_Linces2_Leo_JC\lince174 (33).JPG;1
\jabali\jabali_PNM_2013-O_ME\f11471IM000110.JPG;1
\ave\ave_ave_WellingtonCameraTraps_SS\050216150340023b3301.JPG;1
\lince\Lince_a_Linces2_Leo_JC\Lince61 (31).JPG;1
\jabali\jabali_PNC_2013-O_RED_ISAAC\b1379IMAG0230.JPG;1
\ave\birdother_SnapshotKaroo\KAR_S1_C04_R1_IMAG4747.JPG;1
\vacia\empty_IslandConservationCameraTraps\dominicanrepublic_cam1125abril2015_20150416_165547_img_1677.jpg;0
\ave\bird_CaltechCameraTrap\594e77e8-23d2-11e8-a6a3-ec086b02610b.jpg;1
\vacia\empty_IslandConservationCameraTraps\dominicanrepublic_cam0425abril2015_20130808_041044_sunp1012.jpg;0
\lince\Lince_a_Linces2_Leo_JC\lince122 (51).JPG;1
\vacia\vacia_Paco_Carro_JC\IMG_1297.JPG;0
\cervidae\cervidae_alumno_1_AM_2\28_20201019 (2574).JPG;1
\humanovehiculo\HUMANORVEHICLE_ZOO_1_4\38_20201019 (17).JPG;1
\vacia\NOANIMAL_ZOO_5_6_7_9\20_20210319 (6050).JPG;0
\vacia\empty_SnapshotMountainZebra\MTZ_S1_C06_R1_IMAG1239.JPG;0
\cervidae\ciervo_vacías_humanos_PNC_2012_ME\a30809IM000113.JPG;1
\vaca\COW_ZOO_1_4\24_20201019 (1311).JPG;1
\cervidae\cervido_simone_2\34_20201024 (4584).JPG;1
\vacia\empty_caltechCameraTraps\5a27dae7-23d2-11e8-a6a3-ec086b02610b.jpg;0
\ave\OTHERSPECIES_ZOO_5_6_7_9\50_20210417 (355).JPG;1
\lince\Lince_a_Linces2_Leo_JC\lince101 (20).jpg;1
\vacia\empty_SnapshotMountainZebra\MTZ_S1_E06_R3_IMAG0162.JPG;0
\jabali\2_jabali_javi_JC\37_20201024 (762).JPG;1
\jabali\WILDBOAR_ZOO_1_4\37_20210115 (40).JPG;1
\cervidae\CERVIDREDORFALLOWDEER_ZOO_5_6_7_9\15_20210219 (5707) (2021_04_15 06_16_22 UTC).JPG;1
\vacia\NOANIMAL_ZOO_1_4\6_20201812 (8938).JPG;0
\vacia\empty_IslandConservationCameraTraps\dominicanrepublic_cam1826julio2015_20150627_132142_img_0442.jpg;0
\micromamiferos\rodent_CaltechCameraTrap_JC\Roedor_ rodent_CaltechCameraTrap_JC\58fbed68-23d2-11e8-a6a3-ec086b02610b.jpg;1
\vacia\NOANIMAL_ZOO_1_4\6_20201812 (15467).JPG;0
\meloncillo\Meloncillo_PEPE_IREC_JC\IMAG0099.JPG;1
\caballo\HORSE_ZOO_1_4\28_20201117 (678).JPG;1
\zorro\zorro_PNM_2013-I_ME\e1555IM000056.JPG;1
\cervidae\deer_CaltechCameraTrap\59e2a425-23d2-11e8-a6a3-ec086b02610b.jpg;1
\cervidae\ciervo_PNC_2014_ISAAC\c22046IM000103.JPG;1
\zorro\zorro_PNC_2014_manuel\c2478IM000022.JPG;1
\vacia\NOANIMAL_ZOO_1_4\6_20201116 (4572).JPG;0
\vaca\cow_CaltechCameraTrap\593735af-23d2-11e8-a6a3-ec086b02610b.jpg;1
\jabali\WILDBOAR_ZOO_5_6_7_9\31_20210219 (533) (2021_04_15 06_16_22 UTC).JPG;1
\cervidae\ciervo_PNC_2013-I_RED_ME\6709IM000026.JPG;1
\ave\ave_ave_WellingtonCameraTraps_SS\190416083216045a1163.JPG;1
\vacia\empty_IslandConservationCameraTraps\dominicanrepublic_cam1826julio2015_20150709_130655_img_1893.jpg;0
\vacia\empty_SnapshotMountainZebra\MTZ_S1_C06_R3_IMAG0372.JPG;0
\gato_domestico\gato_WellingtonCameraTraps_SS\2506151844320424S231.JPG;1
\vacia\NOANIMAL_ZOO_5_6_7_9\20_20210219 (1132) (2021_04_15 06_16_22 UTC).JPG;0
\vacia\empty_IslandConservationCameraTraps\ecuador1_cam1612_20150526_220029_img_0889.jpg;0
\zorro\Zorro_PNC_2014_JC\c28156IM000046.JPG;1
\jabali\jabali_buscar_cab_isaac_sin_contar\9_20201118 (404).JPG;1
\leporido\rabbit_IslandConservationCameraTraps\chile_frances022013_0305201380312.jpg;1
\meloncillo\Meloncillo_PEPE_IREC_JC\IMAG0008_(8).JPG;1
\zorro\zorro_PNM_2013-I_ME\e2154IM000028.JPG;1
\vaca\COW_ZOO_5_6_7_9\2_20210319 (2325).JPG;1
\vacia\vacia_alumno_2_2_TH_JC\27_20201023 (8084).JPG;0
\vacia\NOANIMAL_ZOO_5_6_7_9\25_20210417 (20273).JPG;0
\ave\ave_ave_WellingtonCameraTraps_SS\010116101932043c1601.JPG;1
\vacia\NOANIMAL_ZOO_5_6_7_9\2_20210618 (19907).JPG;0
\ave\ave_ave_WellingtonCameraTraps_SS\060216065824015b5021.JPG;1
\vacia\NOANIMAL_ZOO_1_4\34_20210115 (3625).JPG;0
\tejon\Tejon_PEPE_IREC_JC\IMAG0056_(6).JPG;1
\lince\Lince_a_Linces2_Leo_JC\Lince61 (44).JPG;1
\vacia\NOANIMAL_ZOO_1_4\26_20201020 (2388).JPG;0
\lince\Lince_a_Linces2_Leo_JC\Lince48 (90).JPG;1
\vaca\COW_ZOO_5_6_7_9\9_20210615 (2012).JPG;1
\vaca\COW_ZOO_1_4\35_20210114 (372).JPG;1
\leporido\rabbit_CaltechCameraTrap_ME\5954aafb-23d2-11e8-a6a3-ec086b02610b.jpg;1
\vacia\empty_caltechCameraTraps\59d752fa-23d2-11e8-a6a3-ec086b02610b.jpg;0
\cervidae\Ciervo_PNC_2014_javier\f11334IM000351.JPG;1
\cervidae\CIERVO_PNM_2013-I_ISAAC\e689IMAG0021.JPG;1
\vacia\empty_IslandConservationCameraTraps\dominicanrepublic_cam0425abril2015_20130808_031919_sunp0925.jpg;0
\zorro\REDFOX_ZOO_1_4\2_20210115 (2721).JPG;1
\vacia\Nothing_mammalWeb\88539.jpg;0
\ave\ave_alumno_1_TH\Erirub 04_frame180.jpg;1
\cervidae\CERVIDREDORFALLOWDEER_ZOO_1_4\34_20201024 (4397).JPG;1
\leporido\rabbit_IslandConservationCameraTraps\chile_piedra012013_10052013175831.jpg;1
\cervidae\CERVIDREDORFALLOWDEER_ZOO_5_6_7_9\28_20210615 (232).JPG;1
\vaca\COW_ZOO_5_6_7_9\2_20210319 (6188).JPG;1
\cervidae\ciervo_PNC_2014_ISAAC\c30576IM000116.JPG;1
\vacia\NOANIMAL_ZOO_5_6_7_9\10_20210219 (9112) (2021_04_15 06_16_22 UTC).JPG;0
\cervidae\CERVIDREDORFALLOWDEER_ZOO_1_4\2_20210115 (7821).JPG;1
\vaca\cow_CaltechCameraTrap\58a8a203-23d2-11e8-a6a3-ec086b02610b.jpg;1
\cervidae\CERVIDREDORFALLOWDEER_ZOO_1_4\21_20201025 (5124).JPG;1
\cervidae\CERVIDREDORFALLOWDEER_ZOO_5_6_7_9\28_20210615 (3304).JPG;1
\vacia\empty_IslandConservationCameraTraps\ecuador1_ic1611_20150101_000002_img_2931.jpg;0
\jabali\WILDBOAR_ZOO_5_6_7_9\11_20210218 (836) (2021_04_15 06_16_22 UTC).JPG;1
\cervidae\CERVIDREDORFALLOWDEER_ZOO_1_4\29_20201117 (660).JPG;1
\cervidae\CERVIDREDORFALLOWDEER_ZOO_5_6_7_9\18_20210417 (3181).JPG;1
\vacia\NOANIMAL_ZOO_1_4\6_20201812 (13924).JPG;0
\humanovehiculo\humano_vehiculo_PNM_2013-O_ISAAC\f1810IM000023.JPG;1
\tejon\tejon_alumno_2_AM_JC\DSCF0247_frame020.jpg;1
\jabali\WILDBOAR_ZOO_1_4\11_20210114 (418).JPG;1
\cervidae\CERVIDREDORFALLOWDEER_ZOO_5_6_7_9\10_20210417 (246).JPG;1
\vacia\NOANIMAL_ZOO_1_4\7_20210115 (1331).JPG;0
\vacia\vacia_revGinetasJC_REV1_4_donana\42_20201118 (86).JPG;0
\cervidae\3_ciervo_simone_2\34_20201024 (6784).JPG;1
\vacia\NOANIMAL_ZOO_5_6_7_9\50_20210417 (22056).JPG;0
\leporido\conejo_WellingtonCameraTraps_SS\01121510234209853303.JPG;1
\gato_domestico\gato_WellingtonCameraTraps_SS\14111508383202359701.JPG;1
\vacia\NOANIMAL_ZOO_1_4\6_20201812 (8354).JPG;0
\vacia\vacia_alumno_1_TH\Nada (58)_frame100.jpg;0
\vacia\vacia_javi_2_JC\27_20201023 (8246).JPG;0
\leporido\rabbit_CaltechCameraTrap_ME\58dc4d18-23d2-11e8-a6a3-ec086b02610b.jpg;1
\lince\Lince_b_Linces2_Leo_JC\lince204 (38).JPG;1
\cervidae\5_ciervo_simone_2\34_20201024 (4133).JPG;1
\cervidae\CERVIDREDORFALLOWDEER_ZOO_1_4\28_20210115 (1202).JPG;1
\cervidae\deer_CaltechCameraTrap\599bea5a-23d2-11e8-a6a3-ec086b02610b.jpg;1
\vaca\COW_ZOO_5_6_7_9\17_20210418 (244).JPG;1
\gato_domestico\Gato_domestico_alumno_2_AM_JC\Felcat 17_frame280.jpg;1
\micromamiferos\rat_IslandConservationCameraTraps\micronesia_cam06_cam06june2019_pig_20190629202600_1633.jpg;1
\humanovehiculo\humanovehiculo_PNC_2013-O_RED_ISAAC\b963IM000002.JPG;1
\perro\dog_caltechCameraTraps\59e43f51-23d2-11e8-a6a3-ec086b02610b.jpg;1
\cervidae\2_ciervo_Javi_3_JC\21_20201025 (1943).JPG;1
\vacia\NOANIMAL_ZOO_5_6_7_9\32_20210615 (7679).JPG;0
\lince\Lince_a_Linces2_Leo_JC\lince124 (5).JPG;1
\leporido\rabbit_IslandConservationCameraTraps\chile_frances012013_01012013152850.jpg;1
\garduna\Garduna_PNM_2013-0_ME\f14844IM000051.JPG;1
\cervidae\CERVIDREDORFALLOWDEER_ZOO_1_4\15_20201117 (6067).JPG;1
\caballo\HORSE_ZOO_1_4\15_20210117 (14884).JPG;1
\vacia\vacia_buscar_cab_isaac_sin_contar\28_20201218 (1450).JPG;0
\cervidae\ciervo_PNC_2014_ISAAC\c26563IM000032.JPG;1
\vacia\NOANIMAL_ZOO_5_6_7_9\50_20210408 (19082).JPG;0
\leporido\rabbit_CaltechCameraTrap_ME\59fe207c-23d2-11e8-a6a3-ec086b02610b.jpg;1
\mapache\raccoon_CaltechCameraTrap_ME\5874d3a6-23d2-11e8-a6a3-ec086b02610b.jpg;1
\vacia\vacias_PNC_2014_ISAAC\c4462IM000004.JPG;0
\vacia\empty_IslandConservationCameraTraps\dominicanrepublic_cam0725abril2015a_20130813_080336_sunp5322.jpg;0
\vacia\NOANIMAL_ZOO_1_4\26_20201020 (16984).JPG;0
\cervidae\ciervo_PNC_2013-I_RED_ME\1518IM000144.JPG;1
\lince\Lince_b_Linces2_Leo_JC\lince187 (55).JPG;1
\vacia\NOANIMAL_ZOO_5_6_7_9\25_20210417 (8937).JPG;0
\jabali\WILDBOAR_ZOO_1_4\37_20201024 (12332).JPG;1
\vaca\COW_ZOO_1_4\6_20201116 (994).JPG;1
\vacia\NOANIMAL_ZOO_1_4\9_20201712 (1752).JPG;0
\vacia\vacia_ss\36_20201019 (993).JPG;0
\vacia\empty_caltechCameraTraps\594cea8d-23d2-11e8-a6a3-ec086b02610b.jpg;0
\zorro\zorro_Leo_Otra_fauna_PASADA_POR_LA_RED_JC\Otrafauna (115).jpg;1
\cervidae\ciervo_PNM_2013-O_ISAAC\f29315IMAG0916.JPG;1
\caballo\HORSE_ZOO_1_4\28_20201218 (258).JPG;1
\vacia\NOANIMAL_ZOO_1_4\25_20201218 (5100).JPG;0
\vacia\NOANIMAL_ZOO_1_4\7_20210115 (1533).JPG;0
\cervidae\CERVIDREDORFALLOWDEER_ZOO_5_6_7_9\35_20210218 (1528) (2021_04_15 06_16_22 UTC).JPG;1
\humanovehiculo\humano_vehiculo_PNM_2012_ISAAC\d11514IM000003.JPG;1
\leporido\rabbit_CaltechCameraTrap_ME\59849753-23d2-11e8-a6a3-ec086b02610b.jpg;1
\vacia\NOANIMAL_ZOO_1_4\26_20201020 (13394).JPG;0
\leporido\rabbit_IslandConservationCameraTraps\chile_frances012013_24122012115315.jpg;1
\caballo\HORSE_ZOO_1_4\2_20201117 (453).JPG;1
\vacia\empty_SnapshotMountainZebra\MTZ_S1_C06_R1_IMAG3709.JPG;0
\cervidae\CERVIDREDORFALLOWDEER_ZOO_5_6_7_9\36_20210219 (1071) (2021_04_15 06_16_22 UTC).JPG;1
\cervidae\ciervo_PNM_2012_ME\d14279IMAG0064.JPG;1
\humanovehiculo\humanovehiculo_PNC_2014_manuel\c10669IM000006.JPG;1
\cervidae\CERVIDREDORFALLOWDEER_ZOO_5_6_7_9\8_20210219 (774) (2021_04_15 06_16_22 UTC).JPG;1
\leporido\rabbit_CaltechCameraTrap_ME\59056092-23d2-11e8-a6a3-ec086b02610b.jpg;1
\vacia\empty_IslandConservationCameraTraps\dominicanrepublic_cam1826julio2015_20150708_094819_img_1569.jpg;0
\meloncillo\Meloncillo_PEPE_IREC_JC\IMAG0043_(10).JPG;1
\vacia\vacia_alumno_1_AM_2\24_20201019 (8294).JPG;0
\cervidae\CERVIDREDORFALLOWDEER_ZOO_5_6_7_9\35_20210218 (2134) (2021_04_15 06_16_22 UTC).JPG;1
\gineta\COMMONGENET_ZOO_1_4\11_20210114 (744).JPG;1
\humanovehiculo\humanovehiculo_vacías_humanos_PNC_2012_ME\a52637IM000001.JPG;1
\cervidae\CERVIDREDORFALLOWDEER_ZOO_5_6_7_9\15_20210219 (7072) (2021_04_15 06_16_22 UTC).JPG;1
\gineta\gineta_Saul Martin_FRAMES_SIN_REPETIDOS_REVISADOS_DIEGO\IMAG0017_frame260 - copia.jpg;1
\cervidae\CERVIDREDORFALLOWDEER_ZOO_1_4\16_20201025 (95).JPG;1
\caballo\HORSE_ZOO_1_4\15_20201117 (2753).JPG;1
\cervidae\2CIERVO_PNM_2012_ISAAC\d13167IM000012.JPG;1
\vacia\NOANIMAL_ZOO_1_4\7_20210115 (4218).JPG;0
\cervidae\deer_CaltechCameraTrap\5979be46-23d2-11e8-a6a3-ec086b02610b.jpg;1
\cervidae\CERVIDREDORFALLOWDEER_ZOO_1_4\21_20201025 (1714).JPG;1
\cervidae\cervidae_buscar_cab_isaac_sin_contar\2_20201117 (1969).JPG;1
\vacia\empty_IslandConservationCameraTraps\dominicanrepublic_cam0425abril2015_20130825_055124_sunp5742.jpg;0
\vacia\NOANIMAL_ZOO_5_6_7_9\5_20210618 (5425).JPG;0
\jabali\Jabali1_diego_2_rev_donana\37_20201024 (346).JPG;1
\leporido\conejo_PNC_2014_manuel\c24240IMAG0233.JPG;1
\humanovehiculo\HUMANORVEHICLE_ZOO_5_6_7_9\24_20210318 (34).JPG;1
\cervidae\CERVIDREDORFALLOWDEER_ZOO_1_4\21_20201025 (2196).JPG;1
\caballo\HORSE_ZOO_1_4\2_20201117 (3564).JPG;1
\vacia\NOANIMAL_ZOO_5_6_7_9\39_20210615 (1551).JPG;0
\cervidae\Ciervo_PNC_2014_JC\c21880IM000047.JPG;1
\cervidae\CERVIDREDORFALLOWDEER_ZOO_1_4\33_20210115 (105).JPG;1
\vacia\NOANIMAL_ZOO_5_6_7_9\39_20210417 (157).JPG;0
\vacia\vacia_alumno_2_2_TH_JC\37_20201024 (572).JPG;0
\jabali\WILDBOAR_ZOO_1_4\20_20210115 (11).JPG;1
\ave\OTHERSPECIES_ZOO_5_6_7_9\37_20210220 (611) (2021_04_15 06_16_22 UTC).JPG;1
\vacia\NOANIMAL_ZOO_5_6_7_9\5_20210319 (3159).JPG;0
\zorro\REDFOX_ZOO_5_6_7_9\48_20210615 (111).JPG;1
\vaca\COW_ZOO_1_4\21_20201025 (967).JPG;1
\ave\bird_CaltechCameraTrap\5a07cc7c-23d2-11e8-a6a3-ec086b02610b.jpg;1
\cervidae\Ciervo_PNC_2014_JC\c26310IM000062.JPG;1
\vacia\NOANIMAL_ZOO_1_4\15_20210117 (11268).JPG;0
\vacia\NOANIMAL_ZOO_1_4\34_20210115 (8201).JPG;0
\vacia\vacia_alumno_AM_2\20_20201024 (1234).JPG;0
\zorro\zorro_PNC_2013-I_RED_ME\1473IM000032.JPG;1
\leporido\Conejo_Leo_Otra_fauna_PASADA_POR_LA_RED_JC\Otrafauna (1265).JPG;1
\vacia\NOANIMAL_ZOO_5_6_7_9\25_20210319 (9248).JPG;0
\zorro\Zorro_PNM_2013-0_ME\f28979IMAG0578.JPG;1
\humanovehiculo\humanovehiculo_vacías_humanos_PNC_2012_ME\a33506IM000005.JPG;1
\cervidae\CERVIDREDORFALLOWDEER_ZOO_5_6_7_9\9_20210615 (533).JPG;1
\micromamiferos\rat_IslandConservationCameraTraps\micronesia_cam06_cam06june2019_pig_20190629193526_11132.jpg;1
\vacia\vacias_PNC_2014_ISAAC\c814IM000001.JPG;0
\vacia\NOANIMAL_ZOO_5_6_7_9\2_20210618 (17583).JPG;0
\vacia\vacia_Soraya_Padilla_Alumno_1_TH\STC_0568_frame120.jpg;0
\vacia\NOANIMAL_ZOO_1_4\26_20201020 (15582).JPG;0
\zorro\Zorro_PNC_2014_JC\c5404IM000082.JPG;1
\micromamiferos\rat_IslandConservationCameraTraps\micronesia_cam14_june2019_20190619020902_rcnx0293.jpg;1
\cervidae\ciervo_simone_2\34_20201024 (4705).JPG;1
\cervidae\ciervo_alumno_2_TH\21_20201025 (4280).JPG;1
\vacia\NOANIMAL_ZOO_1_4\34_20210115 (3249).JPG;0
\jabali\WILDBOAR_ZOO_5_6_7_9\1_20210319 (7).JPG;1
\caballo\HORSE_ZOO_5_6_7_9\15_20210219 (4840) (2021_04_15 06_16_22 UTC).JPG;1
\vaca\cow_CaltechCameraTrap\5911d937-23d2-11e8-a6a3-ec086b02610b.jpg;1
\ave\Mirlo_PNC_2014_JC\c14715IMAG0166.JPG;1
\micromamiferos\rat_IslandConservationCameraTraps\palau_cam6a12132018_20181003_222459_rcnx0704.jpg;1
\vacia\NOANIMAL_ZOO_5_6_7_9\2_20210319 (5565).JPG;0
\jabali\WILDBOAR_ZOO_1_4\28_20201019 (1561).JPG;1
\vacia\empty_SnapshotMountainZebra\MTZ_S1_G04_R3_IMAG2989.JPG;0
\vacia\NOANIMAL_ZOO_5_6_7_9\9_20210218 (339) (2021_04_15 06_16_22 UTC).JPG;0
\lince\Lince_b_Linces2_Leo_JC\lince228 (675).JPG;1
\vacia\NOANIMAL_ZOO_1_4\11_20201118 (183).JPG;0
\zorro\zorro_PNC_2013-O_RED_ISAAC\b597IMAG0078.JPG;1
\cervidae\CERVIDREDORFALLOWDEER_ZOO_5_6_7_9\24_20210219 (921) (2021_04_15 06_16_22 UTC).JPG;1
\cervidae\ciervo_PNC_2014_ISAAC\c21764IM000134.JPG;1
\vacia\vacias_PNM_2013-O_ISAAC\f2936IMAG0696.JPG;0
\humanovehiculo\humanovehiculo_PNM_2013-I_ME\e4125IM000010.JPG;1
\jabali\jabali_alumno_AM_2\40_20201024 (1512).JPG;1
\vacia\vacia_alumno_2_AM\Orycun (10)_frame030.jpg;0
\vacia\SnampshotEnonkishu\ENO_S1_D06_R1_IMAG0244.JPG;0
\zorro\zorro_PNC_2013-O_RED_ISAAC\b5797IM000256.JPG;1
\caballo\HORSE_ZOO_1_4\2_20201117 (3659).JPG;1
\leporido\rabbit_CaltechCameraTrap_ME\59941feb-23d2-11e8-a6a3-ec086b02610b.jpg;1
\caballo\HORSE_ZOO_5_6_7_9\15_20210219 (1896) (2021_04_15 06_16_22 UTC).JPG;1
\leporido\rabbit_IslandConservationCameraTraps\chile_piedra012013_1603201362809.jpg;1
\vacia\NOANIMAL_ZOO_5_6_7_9\19_20210319 (1924).JPG;0
\vacia\empty_caltechCameraTraps\5a02f9e7-23d2-11e8-a6a3-ec086b02610b.jpg;0
\cervidae\ciervo_PNC_2013-I_RED_ME\1562IM000114.JPG;1
\zorro\zorro_vacías_humanos_PNC_2012_ME\a3492IM000043.JPG;1
\cervidae\CERVIDREDORFALLOWDEER_ZOO_1_4\15_20201215 (4349).JPG;1
\gato_domestico\cat_IslandConservationCameraTraps\palau_cam02a12132018_20181001_153900_rcnx0714.jpg;1
\cervidae\CERVIDREDORFALLOWDEER_ZOO_5_6_7_9\31_20210318 (158).JPG;1
\vacia\NOANIMAL_ZOO_1_4\37_20201116 (436).JPG;0
\lince\Lince_a_Linces2_Leo_JC\lince119 (13).JPG;1
\jabali\WILDBOAR_ZOO_1_4\15_20210117 (6864).JPG;1
\vacia\NOANIMAL_ZOO_5_6_7_9\2_20210618 (3188).JPG;0
\jabali\WILDBOAR_ZOO_5_6_7_9\15_20210219 (10994) (2021_04_15 06_16_22 UTC).JPG;1
\vacia\NOANIMAL_ZOO_1_4\37_20201024 (2062).JPG;0
\vacia\NOANIMAL_ZOO_1_4\34_20210115 (7519).JPG;0
\caballo\caballos_alumno_AM\caballos_alumno_AM\9_20201712 (994).JPG;1
\garduna\GARDUÑA_PNM_2012_ISAAC\d1550IM000168.JPG;1
\cervidae\cervidae_ME_rev_3_donana\21_20201025 (5977).JPG;1
\vaca\cow_CaltechCameraTrap\58f8cecf-23d2-11e8-a6a3-ec086b02610b.jpg;1
\jabali\WILDBOAR_ZOO_1_4\29_20201023 (920).JPG;1
\vacia\NOANIMAL_ZOO_1_4\6_20201812 (10845).JPG;0
\zorro\Zorro_PNC_2014_JC\c7139IM000010.JPG;1
\vacia\empty_SnapshotMountainZebra\MTZ_S1_D06_R1_IMAG1533.JPG;0
\vaca\COW_ZOO_5_6_7_9\21_20200113 (2409) (2021_04_15 06_16_22 UTC).JPG;1
\gato_domestico\cat_CaltechCameraTrap\58a6e778-23d2-11e8-a6a3-ec086b02610b.jpg;1
\vacia\empty_IslandConservationCameraTraps\palau_cam13a12132018_20180930_120000_rcnx0607.jpg;0
\vacia\NOANIMAL_ZOO_1_4\15_20201024 (3351).JPG;0
\cervidae\ciervo_simone_2\34_20201024 (5883).JPG;1
\vacia\NOANIMAL_ZOO_1_4\5_20210115 (490).JPG;0
\humanovehiculo\humanovehiculo_Caltech\5a163fb4-23d2-11e8-a6a3-ec086b02610b.jpg;1
\zorro\zorro_alumno_1_AM_2\34_20201024 (5194).JPG;1
\vacia\empty_IslandConservationCameraTraps\puertorico_16_20141126_194703_img_0120.jpg;0
\vacia\NOANIMAL_ZOO_1_4\37_20201116 (5030).JPG;0
\vacia\NOANIMAL_ZOO_1_4\6_20201116 (4175).JPG;0
\cervidae\CERVIDREDORFALLOWDEER_ZOO_5_6_7_9\42_20210218 (246) (2021_04_15 06_16_22 UTC).JPG;1
\vacia\empty_IslandConservationCameraTraps\dominicanrepublic_cam1826julio2015_20150714_090031_img_2220.jpg;0
\leporido\rabbit_CaltechCameraTrap_ME\5879d564-23d2-11e8-a6a3-ec086b02610b.jpg;1
\vacia\empty_IslandConservationCameraTraps\dominicanrepublic_cam1826julio2015_20150624_133749_img_0125.jpg;0
\cervidae\CERVIDREDORFALLOWDEER_ZOO_5_6_7_9\19_20210319 (2876).JPG;1
\vacia\vacia_alumno_TH_3_TH_JC\30_20201021 (13135).JPG;0
\vacia\empty_IslandConservationCameraTraps\dominicanrepublic_cam1825abril2015_20150414_092642_img_0167.jpg;0
\vacia\empty_IslandConservationCameraTraps\dominicanrepublic_cam1626enero2016_20160106_110858_img_0057.jpg;0
\jabali\jabali_PNC_2014_manuel\c26933IMAG0319.JPG;1
\vacia\empty_caltechCameraTraps\5a1e52f5-23d2-11e8-a6a3-ec086b02610b.jpg;0
\vacia\NOANIMAL_ZOO_5_6_7_9\50_20210408 (7920).JPG;0
\cervidae\CERVIDREDORFALLOWDEER_ZOO_1_4\26_20201215 (982).JPG;1
\vacia\empty_SnapshotMountainZebra\MTZ_S1_E06_R3_IMAG1146.JPG;0
\caballo\HORSE_ZOO_1_4\15_20210117 (5397).JPG;1
\caballo\HORSE_ZOO_1_4\10_20201117 (1162).JPG;1
\vaca\COW_ZOO_1_4\15_20201024 (3576).JPG;1
\cervidae\CERVIDREDORFALLOWDEER_ZOO_5_6_7_9\15_20210219 (6207) (2021_04_15 06_16_22 UTC).JPG;1
\jabali\WILDBOAR_ZOO_1_4\29_20201023 (733).JPG;1
\vacia\NOANIMAL_ZOO_5_6_7_9\47_20210615 (63).JPG;0
\cervidae\deer_CaltechCameraTrap\59fc7dd7-23d2-11e8-a6a3-ec086b02610b.jpg;1
\zorro\zorro_PNM_2012_ME\d13207IM000055.JPG;1
\cervidae\deer_CaltechCameraTrap\59e440bc-23d2-11e8-a6a3-ec086b02610b.jpg;1
\humanovehiculo\car_CaltechCameraTrap_ME\vehiculo\59104925-23d2-11e8-a6a3-ec086b02610b.jpg;1
\gato_domestico\gato_WellingtonCameraTraps_SS\281016023952009c1161.JPG;1
\vacia\vacias_1_de_2_PNC_2012_ISAAC\a37260IM000374.JPG;0
\caballo\HORSE_ZOO_1_4\38_20201117 (1245).JPG;1
\vacia\NOANIMAL_ZOO_5_6_7_9\32_20210615 (17154).JPG;0
\humanovehiculo\humanovehiculo_PNC_2014_manuel\c9254IM000008.JPG;1
\cervidae\CERVIDREDORFALLOWDEER_ZOO_1_4\21_20201025 (1863).JPG;1
\caballo\HORSE_ZOO_1_4\17_20210114 (3278).JPG;1
\gato_domestico\gato_WellingtonCameraTraps_SS\2004152047260952S193.JPG;1
\cervidae\CERVIDREDORFALLOWDEER_ZOO_5_6_7_9\2_20210319 (3449).JPG;1
\vacia\NOANIMAL_ZOO_5_6_7_9\9_20210615 (3278).JPG;0
\ave\petrel_chick_IslandConservationCameraTraps\ecuador2_ic1621a_20181101_192927_img_0156.jpg;1
\caballo\caballos_simone\4_20201220 (194).JPG;1
\jabali\Jabali1_diego_1_rev_donana\37_20201024 (352).JPG;1
\garduna\GARDUÑA_PNM_2013-I_ISAAC\e529IM000033.JPG;1
\zorro\Zorro_PNC_2013-O_ME\b8061IM000231.JPG;1
\humanovehiculo\car_CaltechCameraTrap_ME\vehiculo\58ce3d8b-23d2-11e8-a6a3-ec086b02610b.jpg;1
\cervidae\CERVIDREDORFALLOWDEER_ZOO_1_4\36_20201019 (2120).JPG;1
\vacia\empty_SnapshotMountainZebra\MTZ_S1_E06_R3_IMAG1738.JPG;0
\vacia\empty_IslandConservationCameraTraps\dominicanrepublic_cam1015febrero2016_20160120_132701_img_0012.jpg;0
\vacia\Nothing_mammalWeb\14665.jpg;0
\vacia\NOANIMAL_ZOO_1_4\34_20210115 (5164).JPG;0
\humanovehiculo\humanovehiculo_PNC_2014_manuel\c22510IM000045.JPG;1
\vacia\empty_caltechCameraTraps\599be6cd-23d2-11e8-a6a3-ec086b02610b.jpg;0
\vacia\vacia_alumno_AM_2\26_20201020 (2278).JPG;0
\zorro\zorro_ME_rev_1_donana\15_20201024 (2459).JPG;1
\ave\ave_ave_WellingtonCameraTraps_SS\160116152954022a7516.JPG;1
\leporido\liebre\liebre_PNM_2013-O_ISAAC\f8562IM000042.JPG;1
\vacia\empty_IslandConservationCameraTraps\dominicanrepublic_cam0725abril2015a_20130813_071519_sunp4976.jpg;0
\lince\Lince_a_Linces2_Leo_JC\Lince52 (26).JPG;1
\cervidae\ciervo_Javi_3_JC\34_20201024 (2411).JPG;1
\cervidae\ciervo_vacías_humanos_PNC_2012_ME\a2105IM000091.JPG;1
\zorro\zorro_PNM_2013-I_ME\e2234IM000084.JPG;1
\vacia\NOANIMAL_ZOO_1_4\6_20201812 (8678).JPG;0
\vacia\vacias_PNC_2014_ISAAC\c9179IM000041.JPG;0
\vacia\vacia_alumno_1_TH\Erirub 04_frame340.jpg;0
\tejon\Tejon_PEPE_IREC_JC\IMAG0065_(7).JPG;1
\jabali\WILDBOAR_ZOO_1_4\37_20210115 (3358).JPG;1
\leporido\rabbit_CaltechCameraTrap_ME\589460aa-23d2-11e8-a6a3-ec086b02610b.jpg;1
\mapache\raccoon_CaltechCameraTrap_ME\599a5cfb-23d2-11e8-a6a3-ec086b02610b.jpg;1
\meloncillo\meloncillo_PNC_2013-O_RED_ISAAC\b19400IMAG0085.JPG;1
\vacia\vacias_PNM_2012_ISAAC\d14227IMAG0009.JPG;0
\cervidae\Ciervo_PNC_2014_javier\f29238IMAG0835.JPG;1
\cervidae\CERVIDREDORFALLOWDEER_ZOO_1_4\15_20210117 (8327).JPG;1
\humanovehiculo\humanovehiculo_leo_donana\0002462.JPG;1
\vacia\empty_IslandConservationCameraTraps\dominicanrepublic_cam1826junio2015_20150505_102248_img_2193.jpg;0
\jabali\WILDBOAR_ZOO_1_4\37_20201116 (550).JPG;1
\meloncillo\meloncillo_Leo_Otra_fauna_PASADA_POR_LA_RED_JC\Otrafauna (106).jpg;1
\cervidae\ciervo_PNC_2013-I_RED_ME\9993IM000176.JPG;1
\vacia\empty_IslandConservationCameraTraps\dominicanrepublic_cam11618mayo2017_20170404_151453_img_0063.jpg;0
\cervidae\CERVIDREDORFALLOWDEER_ZOO_1_4\17_20210114 (2933).JPG;1
\cervidae\CERVIDREDORFALLOWDEER_ZOO_1_4\17_20210114 (3111).JPG;1
\cervidae\CERVIDREDORFALLOWDEER_ZOO_5_6_7_9\2_20210219 (4409) (2021_04_15 06_16_22 UTC).JPG;1
\ave\ave_alumno_1_TH\Ave (5)_frame040.jpg;1
\cervidae\CERVIDREDORFALLOWDEER_ZOO_1_4\2_20210115 (6125).JPG;1
\tejon\Tejon_PEPE_IREC_JC\IMAG0437.JPG;1
\gato_domestico\gato_ME_CASA\IMG_1762_x1.JPG;1
\humanovehiculo\car_CaltechCameraTrap_ME\vehiculo\58eacac3-23d2-11e8-a6a3-ec086b02610b.jpg;1
\jabali\WILDBOAR_ZOO_5_6_7_9\48_20210418 (423).JPG;1
\vacia\empty_SnapshotMountainZebra\MTZ_S1_C06_R3_IMAG0738.JPG;0
\vacia\vacias_PNC_2013-O_RED_ISAAC\b15081IMAG0016.JPG;0
\cervidae\corzo_alumno_2_AM_JC\DSCF0182_frame000.jpg;1
\jabali\WILDBOAR_ZOO_1_4\37_20201116 (8226).JPG;1
\zorro\zorro_PNC_2013-O_RED_ISAAC\b12430IM000063.JPG;1
\cervidae\ciervo_simone_2\40_20201024 (9787).JPG;1
\cervidae\ciervo_simone_2\34_20201024 (2956).JPG;1
\jabali\WILDBOAR_ZOO_1_4\37_20201116 (16247).JPG;1
\cervidae\ciervo_PNC_2014_ISAAC\c30808IM000103.JPG;1
\zorro\Zorro_PNC_2014_JC\c25545IM000020.JPG;1
\vacia\empty_SnapshotMountainZebra\MTZ_S1_D05_R1_IMAG1270.JPG;0
\vacia\NOANIMAL_ZOO_1_4\34_20210115 (8848).JPG;0
\lince\Lince_a_Linces2_Leo_JC\lince77 (279).JPG;1
\jabali\WILDBOAR_ZOO_1_4\33_20201217 (177).JPG;1
\cervidae\corzo_alumno_1_TH\Capcap 02_frame120.jpg;1
\leporido\conejo_WellingtonCameraTraps_SS\100816082744040bs393.JPG;1
\cervidae\CERVIDREDORFALLOWDEER_ZOO_5_6_7_9\10_20210417 (933).JPG;1
\vaca\COW_ZOO_5_6_7_9\21_20210418 (2480).JPG;1
\cervidae\CERVIDREDORFALLOWDEER_ZOO_1_4\2_20201117 (3137).JPG;1
\vacia\NOANIMAL_ZOO_5_6_7_9\25_20210417 (2520).JPG;0
\cervidae\ciervo_vacías_humanos_PNC_2012_ME\a23671IM000116.JPG;1
\vacia\vacia_alumno_1_AM\6_20201023 (703).JPG;0
\vacia\NOANIMAL_ZOO_5_6_7_9\25_20210417 (7944).JPG;0
\vacia\empty_SnapshotMountainZebra\MTZ_S1_G04_R3_IMAG3448.JPG;0
\vacia\NOANIMAL_ZOO_5_6_7_9\24_20210318 (16041).JPG;0
\lince\Lince_b_Linces2_Leo_JC\lince185 (130).JPG;1
\meloncillo\Meloncillo_PEPE_IREC_JC\IMAG0294.JPG;1
\lince\Lince_b_Linces2_Leo_JC\lince155 (57).JPG;1
\lince\Lince_b_Linces2_Leo_JC\lince228 (517).JPG;1
\vacia\empty_caltechCameraTraps\5a231012-23d2-11e8-a6a3-ec086b02610b.jpg;0
\vacia\NOANIMAL_ZOO_5_6_7_9\50_20210408 (21308).JPG;0
\leporido\rabbit_IslandConservationCameraTraps\chile_frances022013_29052013142021.jpg;1
\jabali\Jabali_PNC_2014_JC\c26037IM000011.JPG;1
\vacia\NOANIMAL_ZOO_1_4\6_20201116 (4765).JPG;0
\caballo\caballos_alumno_AM\caballos_alumno_AM\2_20201215 (4119).JPG;1
\cervidae\CERVIDREDORFALLOWDEER_ZOO_1_4\21_20201025 (4186).JPG;1
\cervidae\CERVIDREDORFALLOWDEER_ZOO_1_4\21_20201025 (2782).JPG;1
\ave\ave_PNC_2013-O_RED_ISAAC\b4944IMAG0831.JPG;1
\vacia\empty_IslandConservationCameraTraps\dominicanrepublic_cam1825abril2015_20150421_112914_img_0232.jpg;0
\gato_domestico\gato_WellingtonCameraTraps_SS\04111516161808305352.JPG;1
\vacia\empty_IslandConservationCameraTraps\dominicanrepublic_cam0725abril2015a_20130812_032026_sunp0887.jpg;0
\mapache\raccoon_CaltechCameraTrap_ME\59e43fdb-23d2-11e8-a6a3-ec086b02610b.jpg;1
\vacia\vacias_2_de_2_PNC_2012_ISAAC\a6125IM000810.JPG;0
\vaca\COW_ZOO_1_4\15_20201024 (20659).JPG;1
\cervidae\CERVIDREDORFALLOWDEER_ZOO_1_4\21_20201217 (5438).JPG;1
\leporido\conejo_Paco_Carro_JC\PICT1847.JPG;1
\leporido\conejo_Paco_Carro_JC\PICT1823.JPG;1
\vacia\NOANIMAL_ZOO_5_6_7_9\36_20210618 (6311).JPG;0
\leporido\Lagomorpha_ME_rev_2_donana\20_20201024 (376).JPG;1
\jabali\WILDBOAR_ZOO_5_6_7_9\15_20210219 (10617) (2021_04_15 06_16_22 UTC).JPG;1
\cervidae\ciervo_PNM_2013-I_ISAAC\e955IM000176.JPG;1
\lince\Lince_a_Linces2_Leo_JC\Lince60 (330).JPG;1
\caballo\HORSE_ZOO_1_4\10_20201218 (2976).JPG;1
\caballo\caballos_javier_JC\2_20201117 (219).JPG;1
\cervidae\CERVIDREDORFALLOWDEER_ZOO_5_6_7_9\32_20210218 (919) (2021_04_15 06_16_22 UTC).JPG;1
\zorro\zorro_alumno_2_AM_JC\DSCF0400_frame110.jpg;1
\cervidae\CERVIDREDORFALLOWDEER_ZOO_5_6_7_9\5_20210319 (2529).JPG;1
\vacia\NOANIMAL_ZOO_5_6_7_9\24_20210318 (8859).JPG;0
\humanovehiculo\humanovehiculo_PNC_2014_manuel\c23086IM000006.JPG;1
\vacia\vacia_Paco_Carro_JC\IMG_1196.JPG;0
\caballo\HORSE_ZOO_1_4\9_20210114 (1093).JPG;1
\vacia\empty_SnapshotMountainZebra\MTZ_S1_G04_R3_IMAG1775.JPG;0
\vacia\NOANIMAL_ZOO_1_4\7_20210115 (2542).JPG;0
\cervidae\CERVIDREDORFALLOWDEER_ZOO_1_4\37_20201116 (14853).JPG;1
\vacia\empty_caltechCameraTraps\5a230f0b-23d2-11e8-a6a3-ec086b02610b.jpg;0
\cervidae\CERVIDREDORFALLOWDEER_ZOO_5_6_7_9\15_20210219 (6034) (2021_04_15 06_16_22 UTC).JPG;1
\cervidae\deer_CaltechCameraTrap\59610945-23d2-11e8-a6a3-ec086b02610b.jpg;1
\vacia\vacia_alumno_1_TH\Nada (57)_frame130.jpg;0
\jabali\WILDBOAR_ZOO_5_6_7_9\12J_20210404 (41).JPG;1
\cervidae\Ciervo_PNC_2014_JC\c29073IM000043.JPG;1
\vacia\empty_IslandConservationCameraTraps\dominicanrepublic_cam1826julio2015_20150712_103558_img_2021.jpg;0
\vaca\COW_ZOO_1_4\21_20210114 (939).JPG;1
\micromamiferos\rodent_CaltechCameraTrap_JC\Roedor_ rodent_CaltechCameraTrap_JC\5a062fd7-23d2-11e8-a6a3-ec086b02610b.jpg;1
\vacia\NOANIMAL_ZOO_5_6_7_9\2_20210417 (17791).JPG;0
\jabali\WILDBOAR_ZOO_1_4\43_20201118 (650).JPG;1
\leporido\LEPORIDRABBITORHARE_ZOO_1_4\6_20201023 (2203).JPG;1
\leporido\rabbit_IslandConservationCameraTraps\chile_frances022013_17042013174312.jpg;1
\gato_domestico\cat_IslandConservationCameraTraps\dominicanrepublic_cam0915febrero2016_20160124_060950_img_0006.jpg;1
\vacia\NOANIMAL_ZOO_1_4\6_20210115 (13798).JPG;0
\cervidae\CERVIDREDORFALLOWDEER_ZOO_1_4\34_20201024 (2460).JPG;1
\meloncillo\Meloncillo_PEPE_IREC_JC\IMAG0895.JPG;1
\vacia\empty_SnapshotMountainZebra\MTZ_S1_D07_R1_IMAG1359.JPG;0
\cervidae\2_ciervo_Javi_3_JC\21_20201025 (1811).JPG;1
\cervidae\ciervo_PNC_2013-I_RED_ME\8626IMAG0166.JPG;1
\vacia\NOANIMAL_ZOO_1_4\34_20210115 (8784).JPG;0
\vacia\empty_caltechCameraTraps\599fbf42-23d2-11e8-a6a3-ec086b02610b.jpg;0
\vacia\empty_IslandConservationCameraTraps\dominicanrepublic_cam1826junio2015_20150505_105042_img_2353.jpg;0
\vacia\NOANIMAL_ZOO_5_6_7_9\50_20210408 (22244).JPG;0
\gato_domestico\gato_WellingtonCameraTraps_SS\0207151206220745L091.JPG;1
\cervidae\Ciervo_PNC_2014_JC\c16161IM000143.JPG;1
\vacia\empty_IslandConservationCameraTraps\palau_cam04a12132018_20181030_101948_rcnx2004.jpg;0
\ave\Pheasant_mammalWeb\54332.jpg;1
\vacia\NOANIMAL_ZOO_1_4\26_20201020 (6468).JPG;0
\gato_domestico\gato_WellingtonCameraTraps_SS\1507151752320359L101.JPG;1
\vacia\empty_SnapshotMountainZebra\MTZ_S1_E06_R3_IMAG1162.JPG;0
\ave\ave_ave_WellingtonCameraTraps_SS\041116183810027bs243.JPG;1
\lince\Lince_b_Linces2_Leo_JC\lince230 (51).jpg;1
\vacia\empty_SnapshotMountainZebra\MTZ_S1_D06_R1_IMAG1387.JPG;0
\vaca\COW_ZOO_5_6_7_9\49_20210418 (2428).JPG;1
\gato_domestico\cat_IslandConservationCameraTraps\palau_cam13a12132018_20180923_092747_rcnx0526.jpg;1
\perro\dog_IslandConservationCameraTraps\dominicanrepublic_cam228noviembre2015_20151106_042517_img_0153.jpg;1
\jabali\WILDBOAR_ZOO_1_4\37_20201116 (8110).JPG;1
\mapache\raccoon_CaltechCameraTrap_ME\5a14a41e-23d2-11e8-a6a3-ec086b02610b.jpg;1
\zorro\zorro_PNC_2012_JC\a23226IM000049.JPG;1
\lince\linces_fecha_Linces2_Leo_JC\3_Lince_flecha_Linces2_Leo_JC\lince185 (118).JPG;1
\cervidae\ciervo_Javi_3_JC\26_20201020 (1673).JPG;1
\vacia\NOANIMAL_ZOO_1_4\43_20201217 (1975).JPG;0
\vacia\SnampshotEnonkishu\ENO_S1_D03_R1_IMAG2813.JPG;0
\leporido\2_conejo_Paco_Carro_JC\PICT1995.JPG;1
\zorro\zorro_PNC_2014_manuel\c16824IM000096.JPG;1
\cervidae\ciervo_PNC_2014_ISAAC\c12281IMAG0033.JPG;1
\cervidae\CERVIDREDORFALLOWDEER_ZOO_1_4\39_20210115 (45).JPG;1
\jabali\WILDBOAR_ZOO_1_4\29_20201023 (955).JPG;1
\vacia\NOANIMAL_ZOO_1_4\26_20201020 (7248).JPG;0
\vacia\NOANIMAL_ZOO_1_4\34_20210115 (2252).JPG;0
\caballo\HORSE_ZOO_5_6_7_9\15_20210219 (8713) (2021_04_15 06_16_22 UTC).JPG;1
\zorro\Zorro_Pepe_IREC\Zorro_Pepe_Irec_ME\IMAG1902.JPG;1
\cervidae\ciervo_PNC_2013-O_RED_ISAAC\b14481IM000169.JPG;1
\vacia\empty_SnapshotMountainZebra\MTZ_S1_D05_R1_IMAG1117.JPG;0
\caballo\caballo_Paco_Carro_JC\PICT0121.JPG;1
\micromamiferos\spiny_rat_MissouriCameraTrap\SEQ91552_IMG_0001.JPG;1
\lince\linces_fecha_Linces2_Leo_JC\3_Lince_flecha_Linces2_Leo_JC\lince176 (62).JPG;1
\jabali\jabali_PNC_2014_manuel\c26647IMAG0034.JPG;1
\humanovehiculo\humanovehiculo_PNC_2014_manuel\c12252IMAG0003.JPG;1
\vacia\empty_SnapshotMountainZebra\MTZ_S1_D07_R1_IMAG0513.JPG;0
\cervidae\deer_CaltechCameraTrap\59b9377b-23d2-11e8-a6a3-ec086b02610b.jpg;1
\ave\bird_CaltechCameraTrap\58c03659-23d2-11e8-a6a3-ec086b02610b.jpg;1
\vacia\empty_IslandConservationCameraTraps\ecuador1_ic1611_20150101_000003_img_1060.jpg;0
\cervidae\4_ciervo_simone_2\37_20201024 (10506).JPG;1
\vacia\NOANIMAL_ZOO_1_4\26_20201020 (18219).JPG;0
\zorro\Zorro_PNM_2013-0_ME\f11649IM000042.JPG;1
\vacia\empty_IslandConservationCameraTraps\ecuador1_ic1611_20150101_000001_img_0810.jpg;0
\vacia\NOANIMAL_ZOO_5_6_7_9\48_20210418 (350).JPG;0
\vacia\NOANIMAL_ZOO_1_4\17_20210114 (2360).JPG;0
\jabali\Jabali_PNC_2012_JC\a30149IM000326.JPG;1
\jabali\WILDBOAR_ZOO_1_4\28_20201019 (1367).JPG;1
\vaca\COW_ZOO_5_6_7_9\21_20210615 (413).JPG;1
\vacia\NOANIMAL_ZOO_1_4\6_20201812 (12833).JPG;0
\lince\Lince_a_Linces2_Leo_JC\lince94 (433).JPG;1
\vacia\NOANIMAL_ZOO_5_6_7_9\25_20210319 (8953).JPG;0
\humanovehiculo\humano_vehiculo_PNM_2013-O_ISAAC\f14692IM000004.JPG;1
\vacia\NOANIMAL_ZOO_5_6_7_9\18_20210417 (5604).JPG;0
\vacia\Nothing_mammalWeb\45328.jpg;0
\gato_domestico\gato_WellingtonCameraTraps_SS\20101519061606809351.JPG;1
\ave\raven_IslandConservationCameraTraps\dominicanrepublic_cam10923agosto2017_20170620_164930_img_0051.jpg;1
\vacia\vacias_PNM_2013-O_ISAAC\f15767IMAG0553.JPG;0
\meloncillo\2_Meloncillo_PEPE_IREC_JC\IMAG0021_(2).JPG;1
\vacia\NOANIMAL_ZOO_5_6_7_9\2_20210319 (8931).JPG;0
\lince\Lince_a_Linces2_Leo_JC\Lince53 (196).JPG;1
\vacia\NOANIMAL_ZOO_5_6_7_9\22_20210417 (6154).JPG;0
\vacia\vacias_1_de_2_PNC_2012_ISAAC\a37412IM000535.JPG;0
\lince\linces_fecha_Linces2_Leo_JC\3_Lince_flecha_Linces2_Leo_JC\lince171 (28).JPG;1
\vacia\vacia_alumno_TH_3_TH_JC\15_20201024 (3495).JPG;0
\gato_domestico\gato_WellingtonCameraTraps_SS\2305151931320359L102.JPG;1
\meloncillo\Meloncillo_PEPE_IREC_JC\IMAG0049_(5).JPG;1
\cervidae\cervido_simone_2\34_20201024 (6955).JPG;1
\cervidae\ciervo_simone_2\37_20201024 (1564).JPG;1
\humanovehiculo\humanos_Paco_Carro_JC\PICT0003 (3).JPG;1
\vacia\NOANIMAL_ZOO_5_6_7_9\32_20210615 (14275).JPG;0
\leporido\liebre\Liebre_PNC_2012_JC\a33516IM000015.JPG;1
\vacia\NOANIMAL_ZOO_1_4\7_20210115 (2044).JPG;0
\humanovehiculo\humanovehiculo_vacías_humanos_PNC_2012_ME\a14961IM000890.JPG;1
\vacia\NOANIMAL_ZOO_5_6_7_9\50_20210408 (6636).JPG;0
\ave\aves_fotosManuelEmilio20200912\IMG_2893.JPG;1
\cervidae\deer_CaltechCameraTrap\59531bbb-23d2-11e8-a6a3-ec086b02610b.jpg;1
\cervidae\2_ciervo_simone_2\37_20201024 (9956).JPG;1
\zorro\zorro_vacías_humanos_PNC_2012_ME\a28968IM000108.JPG;1
\garduna\Garduna_PNC_2013-O_ME\b7332IM000150.JPG;1
\ave\OTHERSPECIES_ZOO_1_4\15_20210117 (7249).JPG;1
\cervidae\CERVIDREDORFALLOWDEER_ZOO_1_4\8_20201029 (339).JPG;1
\vacia\vacias_1_de_2_PNC_2012_ISAAC\a39028IMAG0777.JPG;0
\cervidae\CERVIDREDORFALLOWDEER_ZOO_5_6_7_9\5_20210219 (410) (2021_04_15 06_16_22 UTC).JPG;1
\ave\ave_ave_WellingtonCameraTraps_SS\051016122010007bs382.JPG;1
\vacia\empty_IslandConservationCameraTraps\dominicanrepublic_cam1125abril2015_20150403_134904_img_0221.jpg;0
\vaca\COW_ZOO_1_4\21_20201025 (966).JPG;1
\vacia\vacia_alumno_2_AM_JC\STC_0109_frame180.jpg;0
\vacia\NOANIMAL_ZOO_5_6_7_9\22_20210417 (6211).JPG;0
\tejon\tejon_leo_donana\0005980.JPG;1
\cervidae\ciervo_vacías_humanos_PNC_2012_ME\a19136IM000265.JPG;1
\caballo\HORSE_ZOO_1_4\2_20201117 (458).JPG;1
\vacia\empty_IslandConservationCameraTraps\dominicanrepublic_cam0425abril2015_20130820_003355_sunp3235.jpg;0
\leporido\conejo_WellingtonCameraTraps_SS\16111504131613959711.JPG;1
\leporido\conejo_Paco_Carro_JC\PICT0208.JPG;1
\tejon\tejon_leo_donana\0006487.JPG;1
\jabali\jabali_PNC_2014_manuel\c5913IM000103.JPG;1
\vacia\vacias_PNC_2014_ISAAC\c8553IM000012.JPG;0
\vacia\empty_IslandConservationCameraTraps\dominicanrepublic_cam1826junio2015_20150505_131530_img_3094.jpg;0
\cervidae\CERVIDREDORFALLOWDEER_ZOO_1_4\21_20201025 (3060).JPG;1
\vacia\NOANIMAL_ZOO_5_6_7_9\25_20210219 (1088) (2021_04_15 06_16_22 UTC).JPG;0
\cervidae\ciervo_PNC_2013-O_RED_ISAAC\b6871FILE0023.JPG;1
\micromamiferos\micromamifero_WellingtonCameraTraps_SS\200716231902044as083.JPG;1
\vacia\empty_SnapshotMountainZebra\MTZ_S1_D06_R1_IMAG2064.JPG;0
\vacia\vacia_alumno_1_TH\Nada (45)_frame080.jpg;0
\vaca\COW_ZOO_1_4\2_20201117 (3369).JPG;1
\cervidae\CERVIDREDORFALLOWDEER_ZOO_1_4\3_20210128 (37).JPG;1
\vaca\COW_ZOO_1_4\15_20201024 (3604).JPG;1
\cervidae\CIERVO_PNM_2013-I_ISAAC\e1382IMAG0079.JPG;1
\jabali\jabali_PNC_2013-I_RED_ME\8191IM000110.JPG;1
\cervidae\CERVIDREDORFALLOWDEER_ZOO_5_6_7_9\17_20210318 (526).JPG;1
\vacia\NOANIMAL_ZOO_5_6_7_9\11_20210418 (671).JPG;0
\ave\shearwater_IslandConservationCameraTraps\chile_vaqueria2013_0401201302244.jpg;1
\vacia\empty_caltechCameraTraps\5a217585-23d2-11e8-a6a3-ec086b02610b.jpg;0
\zorro\zorro_PNM_2012_ME\d3016IM000043.JPG;1
\caballo\HORSE_ZOO_1_4\2_20210115 (2835).JPG;1
\vacia\Vacias_PNC_2012_JC\a47569IM000063.JPG;0
\cervidae\corzo_alumno_2_AM_JC\STC_0354_frame020.jpg;1
\vacia\vacia_PNM_2013-O_ME\f16933IMAG0916.JPG;0
\vacia\empty_caltechCameraTraps\59e5e13e-23d2-11e8-a6a3-ec086b02610b.jpg;0
\cervidae\deer_CaltechCameraTrap\5a217646-23d2-11e8-a6a3-ec086b02610b.jpg;1
\tejon\Tejon_PNC_2014_JC\c23416IM000041.JPG;1
\cervidae\ciervo_PNC_2013-O_RED_ISAAC\b16795IM000158.JPG;1
\leporido\LEPORIDRABBITORHARE_ZOO_1_4\6_20201023 (3491).JPG;1
\caballo\HORSE_ZOO_1_4\10_20201218 (2888).JPG;1
\lince\Lince_a_Linces2_Leo_JC\lince125 (83).JPG;1
\caballo\caballos_javier_JC\2_20201117 (3664).JPG;1
\caballo\HORSE_ZOO_1_4\2_20201117 (97).JPG;1
\cervidae\ciervo_PNC_2014_ISAAC\c5132IM000042.JPG;1
\cervidae\deer_CaltechCameraTrap\59af96a0-23d2-11e8-a6a3-ec086b02610b.jpg;1
\cervidae\CERVIDREDORFALLOWDEER_ZOO_1_4\36_20201117 (646).JPG;1
\jabali\Jabali_ME_rev_1_donana\29_20201023 (810).JPG;1
\humanovehiculo\car_CaltechCameraTrap_ME\vehiculo\58ce3cce-23d2-11e8-a6a3-ec086b02610b.jpg;1
\micromamiferos\rodent_CaltechCameraTrap_JC\Roedor_ rodent_CaltechCameraTrap_JC\5a015e15-23d2-11e8-a6a3-ec086b02610b.jpg;1
\ave\ave_ave_WellingtonCameraTraps_SS\050216062618002b7352.JPG;1
\zorro\zorro_vacías_humanos_PNC_2012_ME\a36924IM000035.JPG;1
\vacia\empty_SnapshotMountainZebra\MTZ_S1_D07_R1_IMAG0390.JPG;0
\caballo\caballos_alumno_AM\caballos_alumno_AM\9_20201712 (2313).JPG;1
\humanovehiculo\humanovehiculo_PNC_2013-O_RED_ISAAC\b12456IM000012.JPG;1
\caballo\caballos_alumno_AM\caballos_alumno_AM\2_20201215 (6138).JPG;1
\jabali\WILDBOAR_ZOO_1_4\43_20201118 (348).JPG;1
\vacia\NOANIMAL_ZOO_5_6_7_9\19_20210618 (427).JPG;0
\lince\linces_fecha_Linces2_Leo_JC\2_Lince_flecha_Linces2_Leo_JC\lince102 (243).JPG;1
\vacia\empty_IslandConservationCameraTraps\dominicanrepublic_cam0826junio2015_20130908_001327_sunp0233.jpg;0
\caballo\HORSE_ZOO_1_4\15_20201117 (7101).JPG;1
\vacia\NOANIMAL_ZOO_1_4\26_20201020 (18507).JPG;0
\jabali\WILDBOAR_ZOO_5_6_7_9\48_20210418 (760).JPG;1
\zorro\zorro_PNC_2012_JC\a23539IM000185.JPG;1
\caballo\HORSE_ZOO_1_4\15_20201117 (3871).JPG;1
\cervidae\CERVIDREDORFALLOWDEER_ZOO_5_6_7_9\17_20210218 (169) (2021_04_15 06_16_22 UTC).JPG;1
\zorro\REDFOX_ZOO_1_4\11_20210114 (582).JPG;1
\gato_domestico\gato_WellingtonCameraTraps_SS\310116204022044b7485.JPG;1
\vacia\NOANIMAL_ZOO_1_4\34_20210115 (2614).JPG;0
\zorro\zorro_PNC_2013-O_RED_ISAAC\b19461IMAG0045.JPG;1
\micromamiferos\micromamiferos_Paco_Carro_JC\IMG_0184.JPG;1
\cervidae\Ciervo_PNC_2012_JC\a40242IM000241.JPG;1
\cervidae\CERVIDREDORFALLOWDEER_ZOO_5_6_7_9\35_20210318 (401).JPG;1
\lince\Lince_a_Linces2_Leo_JC\lince86 (146).JPG;1
\cervidae\CERVIDREDORFALLOWDEER_ZOO_1_4\21_20201025 (4107).JPG;1
\cervidae\ciervo_PNC_2014_ISAAC\c27355IM000145.JPG;1
\cervidae\2_cervidae_javi_2_JC\37_20201024 (8211).JPG;1
\zorro\zorro_PNC_2014_manuel\c26105IM000083.JPG;1
\zorro\zorro_vacías_humanos_PNC_2012_ME\a33436IMAG0105.JPG;1
\gato_domestico\gato_WellingtonCameraTraps_SS\21111516425401069483.JPG;1
\vacia\empty_IslandConservationCameraTraps\ecuador1_ic1611_20150101_000003_img_3078.jpg;0
\cervidae\CERVIDREDORFALLOWDEER_ZOO_5_6_7_9\50_20210616 (12060).JPG;1
\cervidae\CERVIDREDORFALLOWDEER_ZOO_1_4\4_20201220 (7026).JPG;1
\humanovehiculo\humanovehiculo_vacías_humanos_PNC_2012_ME\a13795IM000227.JPG;1
\ave\OTHERSPECIES_ZOO_5_6_7_9\50_20210417 (68).JPG;1
\vacia\NOANIMAL_ZOO_5_6_7_9\9_20210218 (258) (2021_04_15 06_16_22 UTC).JPG;0
\vaca\Vaca1_diego_1_rev_donana\15_20201024 (3044).JPG;1
\leporido\Rabbit_mammalWeb\29224.jpg;1
\vacia\empty_SnapshotKaroo\KAR_S1_C02_R1_IMAG2003.JPG;0
\vacia\vacio_Saul Martin_FRAMES_SIN_REPETIDOS_REVISADOS_DIEGO\IMAG0004_frame320.jpg;0
\vacia\NOANIMAL_ZOO_5_6_7_9\32_20210615 (12224).JPG;0
\cervidae\Ciervo_PNC_2014_JC\c10359IM000016.JPG;1
\lince\Lince_a_Linces2_Leo_JC\Lince53 (87).JPG;1
\humanovehiculo\humanovehiculo_PNC_2014_manuel\c15465IM000011.JPG;1
\vacia\empty_IslandConservationCameraTraps\dominicanrepublic_cam0526julio2015_20150624_144026_sunp0248.jpg;0
\zorro\Zorro_Pepe_IREC\Zorro_Pepe_Irec_ME\IMAG0468_(3).JPG;1
\cervidae\ciervo_vacías_humanos_PNC_2012_ME\a6635IM000011.JPG;1
\ave\OTHERSPECIES_ZOO_1_4\15_20210117 (17032).JPG;1
\jabali\WILDBOAR_ZOO_1_4\7_20201118 (841).JPG;1
\cervidae\ciervo_PNC_2013-I_ME\7459IM000035.JPG;1
\zorro\REDFOX_ZOO_1_4\21_20201025 (2856).JPG;1
\caballo\HORSE_ZOO_1_4\10_20201117 (1331).JPG;1
\caballo\HORSE_ZOO_5_6_7_9\28_20210318 (15638).JPG;1
\ave\ave_ave_WellingtonCameraTraps_SS\040116152300014c5902.JPG;1
\jabali\WILDBOAR_ZOO_1_4\9_20201025 (737).JPG;1
\ave\ave_ave_WellingtonCameraTraps_SS\100116094622024a5102.JPG;1
\ave\ave_ave_WellingtonCameraTraps_SS\131215134042014c5903.JPG;1
\cervidae\CERVIDREDORFALLOWDEER_ZOO_5_6_7_9\41_20210218 (556) (2021_04_15 06_16_22 UTC).JPG;1
\gato_domestico\cat_IslandConservationCameraTraps\puertorico_18_20150226_200956_img_0310.jpg;1
\vaca\cow_CaltechCameraTrap\58cca557-23d2-11e8-a6a3-ec086b02610b.jpg;1
\ave\6_Ave_Leo_Otra_fauna_PASADA_POR_LA_RED_JC\Otrafauna (1181).JPG;1
\vacia\NOANIMAL_ZOO_5_6_7_9\25_20210319 (8968).JPG;0
\vacia\vacia_ss\36_20201019 (942).JPG;0
\humanovehiculo\HUMANORVEHICLE_ZOO_5_6_7_9\44_20210618 (8).JPG;1
\perro\dog_caltechCameraTraps\598c5da9-23d2-11e8-a6a3-ec086b02610b.jpg;1
\cervidae\CERVIDREDORFALLOWDEER_ZOO_1_4\37_20210115 (3069).JPG;1
\vacia\Vacia_ME_rev_2_donana\40_20201024 (3099).JPG;0
\cervidae\CERVIDREDORFALLOWDEER_ZOO_5_6_7_9\38_20210319 (6464).JPG;1
\zorro\zorro_PNC_2012_JC\a44748IM000033.JPG;1
\humanovehiculo\humanovehiculo_vacías_humanos_PNC_2012_ME\a33325IM000150.JPG;1
\caballo\caballos_TH_JC\17_20201225 (12).JPG;1
\humanovehiculo\HUMANORVEHICLE_ZOO_1_4\25_20210115 (2474).JPG;1
\tejon\Badger_mammalWeb\1053.jpg;1
\vacia\NOANIMAL_ZOO_1_4\37_20210115 (542).JPG;0
\lince\Lince_a_Linces2_Leo_JC\Lince60 (382).JPG;1
\gato_domestico\gato_WellingtonCameraTraps_SS\26101519221402359701.JPG;1
\lince\Lince_b_Linces2_Leo_JC\lince224 (208).JPG;1
\vacia\NOANIMAL_ZOO_1_4\15_20201117 (8944).JPG;0
\vacia\empty_IslandConservationCameraTraps\dominicanrepublic_cam1726enero2016_20160120_093856_img_0030.jpg;0
\ave\aves_ME_CASA\IMG_0840.JPG;1
\caballo\HORSE_ZOO_1_4\15_20201215 (6012).JPG;1
\zorro\REDFOX_ZOO_1_4\11_20210114 (840).JPG;1
\humanovehiculo\humanovehiculo_PNM_2013-I_ME\e4096IM000007.JPG;1
\ave\Sison_PNC_2012_JC\a49000IM000500.JPG;1
\vaca\COW_ZOO_5_6_7_9\21_20210418 (2192).JPG;1
\cervidae\cervido_simone_2\34_20201024 (6543).JPG;1
\vacia\Nothing_mammalWeb\11592.jpg;0
\vacia\NOANIMAL_ZOO_5_6_7_9\2_20210618 (16057).JPG;0
\vacia\empty_IslandConservationCameraTraps\dominicanrepublic_cam1725abril2015_20150421_101918_img_0770.jpg;0
\cervidae\deer_CaltechCameraTrap\5a096934-23d2-11e8-a6a3-ec086b02610b.jpg;1
\vacia\empty_IslandConservationCameraTraps\dominicanrepublic_cam1826julio2015_20150627_104218_img_0363.jpg;0
\gato_domestico\cat_IslandConservationCameraTraps\palau_cam6a12132018_20180914_063512_rcnx0442.jpg;1
\cervidae\deer_CaltechCameraTrap\59a7bc59-23d2-11e8-a6a3-ec086b02610b.jpg;1
\vacia\empty_caltechCameraTraps\59c31a74-23d2-11e8-a6a3-ec086b02610b.jpg;0
\vacia\NOANIMAL_ZOO_5_6_7_9\36_20210618 (4735).JPG;0
\vacia\empty_SnapshotMountainZebra\MTZ_S1_B04_R3_IMAG0213.JPG;0
\jabali\WILDBOAR_ZOO_1_4\7_20201025 (440).JPG;1
\leporido\rabbit_IslandConservationCameraTraps\chile_piedra012013_1603201362804.jpg;1
\cervidae\CERVIDREDORFALLOWDEER_ZOO_5_6_7_9\18_20210417 (13).JPG;1
\vacia\NOANIMAL_ZOO_5_6_7_9\25_20210417 (5820).JPG;0
\vacia\NOANIMAL_ZOO_1_4\34_20210115 (6848).JPG;0
\caballo\HORSE_ZOO_1_4\15_20201117 (6648).JPG;1
\vacia\empty_SnapshotMountainZebra\MTZ_S1_D06_R1_IMAG2199.JPG;0
\lince\Lince_a_Linces2_Leo_JC\lince88 (15).JPG;1
\vacia\NOANIMAL_ZOO_1_4\40_20201117 (507).JPG;0
\zorro\Zorro_Pepe_IREC\Zorro_Pepe_Irec_ME\CA_27-03.05-21_22.JPG;1
\vacia\NOANIMAL_ZOO_1_4\25_20201218 (1244).JPG;0
\vacia\NOANIMAL_ZOO_1_4\26_20201020 (2744).JPG;0
\zorro\zorro_PNC_2012_JC\a29186IM000018.JPG;1
\caballo\caballo_Paco_Carro_JC\PICT0274.JPG;1
\humanovehiculo\humanovehiculo_vacías_humanos_PNC_2012_ME\a7450IM000006.JPG;1
\caballo\HORSE_ZOO_1_4\2_20201117 (5077).JPG;1
\humanovehiculo\humanovehiculo_PNM_2013-I_ME\e80IMAG0073.JPG;1
\lince\Lince_a_Linces2_Leo_JC\lince74 (213).JPG;1
\leporido\conejo_Paco_Carro_JC\PICT0609 (2).JPG;1
\jabali\WILDBOAR_ZOO_1_4\11_20201027 (40).JPG;1
\cervidae\CERVIDREDORFALLOWDEER_ZOO_5_6_7_9\28_20210615 (3407).JPG;1
\lince\Lince_b_Linces2_Leo_JC\lince228 (60).jpg;1
\vacia\vacias_2_de_2_PNC_2012_ISAAC\a36351IM000300.JPG;0
\cervidae\ciervo_PNC_2013-I_RED_ME\6791IM000102.JPG;1
\vacia\NOANIMAL_ZOO_5_6_7_9\48_20210418 (291).JPG;0
\vacia\empty_IslandConservationCameraTraps\dominicanrepublic_cam1826julio2015_20150626_120234_img_0255.jpg;0
\humanovehiculo\HUMANORVEHICLE_ZOO_5_6_7_9\5_20210319 (3294).JPG;1
\vacia\SnampshotEnonkishu\ENO_S1_D06_R1_IMAG3190.JPG;0
\lince\linces_Linces2_Leo_JC\2_Lince_Linces2_Leo_JC\lince171 (92).JPG;1
\cervidae\deer_CaltechCameraTrap\5a197aaf-23d2-11e8-a6a3-ec086b02610b.jpg;1
\cervidae\CERVIDREDORFALLOWDEER_ZOO_1_4\10_20201218 (2127).JPG;1
\vacia\empty_IslandConservationCameraTraps\dominicanrepublic_cam0425abril2015_20130809_023604_sunp1452.jpg;0
\vacia\NOANIMAL_ZOO_5_6_7_9\50_20210408 (27365).JPG;0
\jabali\WILDBOAR_ZOO_1_4\28_20201218 (15670).JPG;1
\vacia\NOANIMAL_ZOO_5_6_7_9\32_20210417 (5615).JPG;0
\cervidae\deer_CaltechCameraTrap\59c178b5-23d2-11e8-a6a3-ec086b02610b.jpg;1
\vaca\COW_ZOO_5_6_7_9\39_20210318 (1567).JPG;1
\vacia\empty_SnapshotMountainZebra\MTZ_S1_B05_R3_IMAG0739.JPG;0
\zorro\fox_CaltechCameraTrap_ME\5a2e136c-23d2-11e8-a6a3-ec086b02610b.jpg;1
\vacia\empty_caltechCameraTraps\597fee1e-23d2-11e8-a6a3-ec086b02610b.jpg;0
\humanovehiculo\humanovehiculo_PNC_2013-O_RED_ISAAC\b8326FILE0147.JPG;1
\cervidae\Ciervo_PNC_2012_JC\a27706IM000048.JPG;1
\jabali\WILDBOAR_ZOO_5_6_7_9\28_20210417 (542).JPG;1
\vacia\NOANIMAL_ZOO_5_6_7_9\20_20210219 (1329) (2021_04_15 06_16_22 UTC).JPG;0
\caballo\caballo_Paco_Carro_JC\PICT0762.JPG;1
\vacia\empty_SnapshotMountainZebra\MTZ_S1_G04_R3_IMAG2787.JPG;0
\jabali\jabali_alumno_2_2_TH_JC\28_20201019 (1626).JPG;1
\jabali\WILDBOAR_ZOO_1_4\7_20201118 (2655).JPG;1
\vaca\COW_ZOO_1_4\35_20210114 (2777).JPG;1
\zorro\Red Fox_ena24\3623.jpg;1
\vacia\Nothing_mammalWeb\63884.jpg;0
\cervidae\Ciervo_PNC_2012_JC\a2694IM000063.JPG;1
\cervidae\ciervo_simone_2\37_20201024 (2245).JPG;1
\cervidae\CERVIDREDORFALLOWDEER_ZOO_5_6_7_9\18_20210417 (3164).JPG;1
\cervidae\CERVIDREDORFALLOWDEER_ZOO_5_6_7_9\28_20210615 (2132).JPG;1
\perro\dog_caltechCameraTraps\59a7bc4a-23d2-11e8-a6a3-ec086b02610b.jpg;1
\gato_domestico\gato_WellingtonCameraTraps_SS\211016065034003bs521.JPG;1
\gato_domestico\gato_WellingtonCameraTraps_SS\1006151940460952S193.JPG;1
\ave\OTHERSPECIES_ZOO_5_6_7_9\38_20210618 (1178).JPG;1
\vacia\empty_IslandConservationCameraTraps\dominicanrepublic_cam0425abril2015_20130826_055131_sunp6219.jpg;0
\vacia\empty_IslandConservationCameraTraps\dominicanrepublic_cam0425abril2015_20130823_044448_sunp4721.jpg;0
\leporido\CONEJO_PNM_2012_ISAAC\d15221IM000147.JPG;1
\vacia\vacias_1_de_2_PNC_2012_ISAAC\a37676IM000798.JPG;0
\cervidae\CERVIDREDORFALLOWDEER_ZOO_5_6_7_9\8_20210219 (792) (2021_04_15 06_16_22 UTC).JPG;1
\vacia\NOANIMAL_ZOO_5_6_7_9\50_20210408 (17824).JPG;0
\vacia\vacias_PNC_2014_ISAAC\c9379IM000119.JPG;0
\cervidae\ciervo_PNC_2013-I_RED_ME\6425IMAG0077.JPG;1
\humanovehiculo\car_CaltechCameraTrap_ME\vehiculo\59be3f65-23d2-11e8-a6a3-ec086b02610b.jpg;1
\vacia\empty_SnapshotMountainZebra\MTZ_S1_D06_R1_IMAG2443.JPG;0
\vacia\vacia_alumno_1_AM_2\37_20201024 (11902).JPG;0
\jabali\WILDBOAR_ZOO_1_4\37_20201116 (9077).JPG;1
\humanovehiculo\HUMANORVEHICLE_ZOO_5_6_7_9\9_20210615 (1).JPG;1
\vacia\NOANIMAL_ZOO_5_6_7_9\50_20210417 (23130).JPG;0
\vacia\vacia_Soraya_Padilla_Alumno_1_TH\STC_0100_frame100.jpg;0
\humanovehiculo\car_CaltechCameraTrap_ME\vehiculo\589cb2e4-23d2-11e8-a6a3-ec086b02610b.jpg;1
\humanovehiculo\humanovehiculo_PNC_2014_manuel\c10617IM000006.JPG;1
\humanovehiculo\HUMANORVEHICLE_ZOO_1_4\1_20210115 (4).JPG;1
\jabali\jabali_PNC_2013-O_RED_ISAAC\b815IM000017.JPG;1
\cervidae\CERVIDREDORFALLOWDEER_ZOO_1_4\31_20201117 (163).JPG;1
\gineta\gineta_Saul Martin_FRAMES_SIN_REPETIDOS_REVISADOS_DIEGO\IMAG0014_frame420.jpg;1
\cervidae\CERVIDREDORFALLOWDEER_ZOO_1_4\26_20201020 (9538).JPG;1
\cervidae\ciervo_PNC_2014_ISAAC\c15816IM000168.JPG;1
\garduna\garduña_Saul Martin_FRAMES_SIN_REPETIDOS_REVISADOS_DIEGO\IMAG0016_frame000.jpg;1
\humanovehiculo\humanos_Paco_Carro_JC\PICT0174.JPG;1
\humanovehiculo\humano_vehiculo_PNM_2012_ISAAC\d15443IM000003.JPG;1
\cervidae\cervido_simone_2\34_20201024 (6942).JPG;1
\vacia\NOANIMAL_ZOO_5_6_7_9\50_20210417 (24523).JPG;0
\vacia\NOANIMAL_ZOO_1_4\7_20210115 (1688).JPG;0
\vacia\empty_caltechCameraTraps\59df5d9e-23d2-11e8-a6a3-ec086b02610b.jpg;0
\vacia\vacia_alumno_2_2_TH_JC\26_20201020 (7227).JPG;0
\ave\bird_CaltechCameraTrap\594cece9-23d2-11e8-a6a3-ec086b02610b.jpg;1
\vacia\empty_IslandConservationCameraTraps\ecuador2_ic1607_20150122_063821_img_0980.jpg;0
\mapache\raccoon_CaltechCameraTrap_ME\59ec5360-23d2-11e8-a6a3-ec086b02610b.jpg;1
\vacia\NOANIMAL_ZOO_1_4\37_20201116 (8803).JPG;0
\jabali\WILDBOAR_ZOO_1_4\37_20201215 (604).JPG;1
\leporido\conejo_Paco_Carro_JC\PICT2005.JPG;1
\vacia\empty_SnapshotMountainZebra\MTZ_S1_D07_R1_IMAG0725.JPG;0
\meloncillo\meloncillo_PNM_2012_ME\d13740IM000044.JPG;1
\vacia\empty_IslandConservationCameraTraps\dominicanrepublic_cam0425abril2015_20130828_032607_sunp6755.jpg;0
\zorro\zorro_Saul Martin_FRAMES_SIN_REPETIDOS_REVISADOS_DIEGO\SY_00037_frame280.jpg;1
\vacia\SnampshotEnonkishu\ENO_S1_D06_R1_IMAG4376.JPG;0
\vacia\NOANIMAL_ZOO_1_4\6_20201812 (14730).JPG;0
\vacia\NOANIMAL_ZOO_1_4\15_20201117 (7179).JPG;0
\vacia\empty_SnapshotMountainZebra\MTZ_S1_D05_R1_IMAG1401.JPG;0
\vacia\vacia_javi_2_JC\33_20201025 (57).JPG;0
\vacia\NOANIMAL_ZOO_1_4\34_20210115 (1726).JPG;0
\zorro\zorro_PNC_2012_JC\a43662IM000483.JPG;1
\vacia\NOANIMAL_ZOO_5_6_7_9\25_20210417 (4650).JPG;0
\vaca\Vaca1_diego_1_rev_donana\15_20201024 (3061).JPG;1
\vacia\NOANIMAL_ZOO_5_6_7_9\19_20210219 (1337) (2021_04_15 06_16_22 UTC).JPG;0
\vacia\NOANIMAL_ZOO_5_6_7_9\24_20210418 (9402).JPG;0
\jabali\jabali_PNC_2014_manuel\c6735IM000087.JPG;1
\vaca\Vaca2_diego_1_rev_donana\15_20201024 (3631).JPG;1
\caballo\caballos_alumno_AM\caballos_alumno_AM\2_20201215 (568).JPG;1
\ave\rooster_IslandConservationCameraTraps\palau_cam09a12132018_20181213_073922_rcnx1328.jpg;1
\ave\OTHERSPECIES_ZOO_5_6_7_9\38_20210618 (3304).JPG;1
\humanovehiculo\humanovehiculo_Caltech\59f5fec9-23d2-11e8-a6a3-ec086b02610b.jpg;1
\vaca\COW_ZOO_5_6_7_9\39_20210318 (1392).JPG;1
\cervidae\CERVIDREDORFALLOWDEER_ZOO_1_4\3_20201217 (79).JPG;1
\cervidae\ciervo_Javi_3_JC\30_20201021 (103).JPG;1
\zorro\zorro_PNC_2014_manuel\c11798IMAG0042.JPG;1
\vacia\NOANIMAL_ZOO_5_6_7_9\15_20210219 (7286) (2021_04_15 06_16_22 UTC).JPG;0
\ave\American Crow_ena24\8076.jpg;1
\vacia\vacia_Paco_Carro_JC\IMG_1432.JPG;0
\micromamiferos\rodent_CaltechCameraTrap_JC\Roedor_ rodent_CaltechCameraTrap_JC\5949ce6f-23d2-11e8-a6a3-ec086b02610b.jpg;1
\humanovehiculo\humanovehiculo_PNM_2013-I_ME\e4307IM000139.JPG;1
\vacia\empty_IslandConservationCameraTraps\dominicanrepublic_cam11223mayo2017_20170523_090501_img_0018.jpg;0
\zorro\zorro_alumno_2_AM_JC\DSCF0233_frame070.jpg;1
\vacia\NOANIMAL_ZOO_1_4\6_20201812 (10410).JPG;0
\cervidae\2ciervo_PNM_2013-I_ISAAC\e4367IM000010.JPG;1
\jabali\jabali_PNC_2014_manuel\c16502IM000101.JPG;1
\vacia\empty_caltechCameraTraps\5954a7ed-23d2-11e8-a6a3-ec086b02610b.jpg;0
\lince\Lince_a_Linces2_Leo_JC\lince94 (44).JPG;1
\vacia\NOANIMAL_ZOO_1_4\39_20210115 (23).JPG;0
\vacia\NOANIMAL_ZOO_5_6_7_9\22_20210219 (940) (2021_04_15 06_16_22 UTC).JPG;0
\vacia\NOANIMAL_ZOO_5_6_7_9\25_20210417 (3424).JPG;0
\leporido\Lagomorpha1__diego_2_rev_donana\6_20201023 (2956).JPG;1
\micromamiferos\micromamifero_WellingtonCameraTraps_SS\010716192814038as245.JPG;1
\cervidae\CERVIDREDORFALLOWDEER_ZOO_5_6_7_9\33_20210615 (123).JPG;1
\vacia\vacia_alumno_AM_2\30_20201021 (760).JPG;0
\vacia\NOANIMAL_ZOO_5_6_7_9\5_20210319 (578).JPG;0
\cervidae\corzo_alumno_2_AM_JC\DSCF0051_frame090.jpg;1
\cervidae\ciervo_simone_2\37_20201024 (1544).JPG;1
\micromamiferos\rat_IslandConservationCameraTraps\micronesia_cam14_june2019_20190619001246_rcnx0286.jpg;1
\vacia\vacias_1_de_2_PNC_2012_ISAAC\a41940IM000116.JPG;0
\meloncillo\meloncillo_Leo_Otra_fauna_PASADA_POR_LA_RED_JC\Otrafauna (277).JPG;1
\leporido\rabbit_IslandConservationCameraTraps\chile_frances012013_24122012153050.jpg;1
\vaca\COW_ZOO_5_6_7_9\39_20210417 (1753).JPG;1
\vaca\cow_CaltechCameraTrap\58a020b2-23d2-11e8-a6a3-ec086b02610b.jpg;1
\lince\Lince_b_Linces2_Leo_JC\lince144 (16).JPG;1
\cervidae\ciervo_alumno_2_TH\34_20201024 (2157).JPG;1
\ave\ave_ave_WellingtonCameraTraps_SS\100116115752046a6242.JPG;1
\jabali\WILDBOAR_ZOO_1_4\33_20201217 (183).JPG;1
\jabali\WILDBOAR_ZOO_1_4\21_20201025 (2495).JPG;1
\vacia\empty_SnapshotMountainZebra\MTZ_S1_D05_R1_IMAG1193.JPG;0
\vacia\empty_IslandConservationCameraTraps\dominicanrepublic_cam1826junio2015_20150505_092633_img_1875.jpg;0
\humanovehiculo\car_CaltechCameraTrap_ME\vehiculo\5965ab45-23d2-11e8-a6a3-ec086b02610b.jpg;1
\vacia\vacio_Saul Martin_FRAMES_SIN_REPETIDOS_REVISADOS_DIEGO\IMAG0002_frame400.jpg;0
\humanovehiculo\humanovehiculo_PNM_2013-I_ME\e506IM000009.JPG;1
\vaca\COW_ZOO_1_4\17_20201026 (380).JPG;1
\vacia\empty_IslandConservationCameraTraps\dominicanrepublic_cam1826junio2015_20150505_105400_img_2367.jpg;0
\vacia\NOANIMAL_ZOO_5_6_7_9\2_20210319 (8937).JPG;0
\vacia\NOANIMAL_ZOO_5_6_7_9\19_20210417 (1381).JPG;0
\ave\bird_CaltechCameraTrap\58857e30-23d2-11e8-a6a3-ec086b02610b.jpg;1
\vaca\COW_ZOO_5_6_7_9\9_20210615 (2473).JPG;1
\vacia\vacia_alumno_TH_3_TH_JC\26_20201020 (9663).JPG;0
\leporido\conejo_Paco_Carro_JC\PICT2411.JPG;1
\cervidae\ciervo_PNC_2013-O_RED_ISAAC\b18901IMAG0247.JPG;1
\vacia\vacia_Soraya_Padilla_Alumno_1_TH\IMAG0214_frame220.jpg;0
\vacia\empty_caltechCameraTraps\595def2c-23d2-11e8-a6a3-ec086b02610b.jpg;0
\jabali\jabali_alumno_1_AM_2\29_20201023 (713).JPG;1
\humanovehiculo\car_CaltechCameraTrap_ME\vehiculo\59452b2a-23d2-11e8-a6a3-ec086b02610b.jpg;1
\jabali\WILDBOAR_ZOO_5_6_7_9\33_20210218 (104) (2021_04_15 06_16_22 UTC).JPG;1
\ave\American Crow_ena24\7986.jpg;1
\gato_domestico\cat_IslandConservationCameraTraps\palau_cam10a12122018_20181109_055429_rcnx1069.jpg;1
\vacia\vacia_alumno_AM_2\20_20201024 (613).JPG;0
\cervidae\ciervo_vacías_humanos_PNC_2012_ME\a10182IM000146.JPG;1
\cervidae\ciervo_PNC_2013-O_RED_ISAAC\b17902IM000204.JPG;1
\vaca\COW_ZOO_5_6_7_9\17_20210318 (1276).JPG;1
\cervidae\CERVIDREDORFALLOWDEER_ZOO_1_4\12_20210116 (188).JPG;1
\cervidae\corzo_alumno_2_AM_JC\STC_0297_frame250.jpg;1
\cervidae\Ciervo_PNC_2012_JC\a22727IM000430.JPG;1
\vacia\vacias_1_de_2_PNC_2012_ISAAC\a42801IM000980.JPG;0
\lince\Lince_b_Linces2_Leo_JC\lince157 (7).JPG;1
\humanovehiculo\humano_vehiculo_PNM_2012_ISAAC\d14131IMAG0063.JPG;1
\vacia\vacia_Paco_Carro_JC\IMG_0894.JPG;0
\vacia\NOANIMAL_ZOO_5_6_7_9\28_20210219 (1217) (2021_04_15 06_16_22 UTC).JPG;0
\vacia\vacias_PNC_2014_ISAAC\c1238IM000219.JPG;0
\lince\Lince_a_Linces2_Leo_JC\Lince60 (487).JPG;1
\cervidae\cervidae_ME_rev_3_donana\37_20201024 (4655).JPG;1
\cervidae\CERVIDREDORFALLOWDEER_ZOO_5_6_7_9\50_20210616 (17169).JPG;1
\cervidae\ciervo_vacías_humanos_PNC_2012_ME\a7198IM000239.JPG;1
\jabali\WILDBOAR_ZOO_1_4\9_20201712 (1210).JPG;1
\vaca\COW_ZOO_5_6_7_9\21_20210418 (1169).JPG;1
\jabali\Jabali4___diego_2_rev_donana\40_20201024 (1519).JPG;1
\cervidae\ciervo_simone_2\36_20201019 (1839).JPG;1
\vacia\vacia_alumno_AM_2\26_20201020 (3336).JPG;0
\cervidae\CERVIDREDORFALLOWDEER_ZOO_5_6_7_9\19_20210219 (1026) (2021_04_15 06_16_22 UTC).JPG;1
\vacia\NOANIMAL_ZOO_5_6_7_9\31_20210615 (539).JPG;0
\lince\Lince_a_Linces2_Leo_JC\Lince53 (101).JPG;1
\vacia\Vacia_Paco_Carro_camarasliron_4_2_PASADAS_POR_LA_RED_JC\MDGC0469.JPG;0
\vaca\COW_ZOO_5_6_7_9\9_20210615 (1249).JPG;1
\jabali\WILDBOAR_ZOO_1_4\33_20201217 (164).JPG;1
\jabali\WILDBOAR_ZOO_1_4\37_20210115 (3043).JPG;1
\ave\4_ave_Soraya_Padilla_Alumno_1_TH\DSCF0097_frame130.jpg;1
\jabali\WILDBOAR_ZOO_5_6_7_9\33_20210218 (233) (2021_04_15 06_16_22 UTC).JPG;1
\ave\OTHERSPECIES_ZOO_5_6_7_9\15_20210219 (2855) (2021_04_15 06_16_22 UTC).JPG;1
\vacia\NOANIMAL_ZOO_5_6_7_9\50_20210408 (7250).JPG;0
\jabali\WILDBOAR_ZOO_5_6_7_9\25_20210319 (10372).JPG;1
\cervidae\ciervo_PNM_2013-I_ISAAC\e4837IM000080.JPG;1
\vacia\vacia_alumno_AM_2\26_20201020 (347).JPG;0
\vacia\empty_IslandConservationCameraTraps\dominicanrepublic_cam1425abril2015_20150423_130254_img_2301.jpg;0
\mapache\raccoon_CaltechCameraTrap_ME\58ac0e51-23d2-11e8-a6a3-ec086b02610b.jpg;1
\gato_domestico\cat_CaltechCameraTrap\588a6756-23d2-11e8-a6a3-ec086b02610b.jpg;1
\micromamiferos\micromamiferos_Paco_Carro_JC\IMG_0272.JPG;1
\jabali\WILDBOAR_ZOO_5_6_7_9\31_20210219 (780) (2021_04_15 06_16_22 UTC).JPG;1
\vacia\vacia_Soraya_Padilla_Alumno_1_TH\STC_0037_frame220.jpg;0
\micromamiferos\micromamiferos_Paco_Carro_JC\PICT0032.JPG;1
\leporido\rabbit_IslandConservationCameraTraps\chile_frances022013_2304201392018.jpg;1
\zorro\zorro_PNC_2013-I_ME\5860IM000160.JPG;1
\vacia\empty_SnapshotMountainZebra\MTZ_S1_D07_R1_IMAG0887.JPG;0
\cervidae\ciervo_alumno_2_TH\34_20201024 (4897).JPG;1
\jabali\WILDBOAR_ZOO_1_4\37_20201116 (10813).JPG;1
\cervidae\ciervo_PNC_2014_ISAAC\c24403IMAG0132.JPG;1
\jabali\WILDBOAR_ZOO_1_4\37_20201116 (3600).JPG;1
\vacia\empty_SnapshotMountainZebra\MTZ_S1_D07_R1_IMAG2199.JPG;0
\cervidae\ciervo_Paco_Carro_JC\PICT0205.JPG;1
\vacia\vacias_PNC_2014_ISAAC\c28007IM000003.JPG;0
\gato_domestico\cat_IslandConservationCameraTraps\puertorico_18_20141214_161314_img_0156.jpg;1
\vacia\empty_IslandConservationCameraTraps\ecuador1_ic1611_20150101_000003_img_0925.jpg;0
\vacia\NOANIMAL_ZOO_1_4\43_20201217 (2266).JPG;0
\lince\Lince_b_Linces2_Leo_JC\lince150 (68).JPG;1
\vacia\NOANIMAL_ZOO_5_6_7_9\24_20210418 (7624).JPG;0
\vacia\NOANIMAL_ZOO_1_4\11_20201118 (165).JPG;0
\humanovehiculo\HUMANORVEHICLE_ZOO_1_4\24_20201117 (655).JPG;1
\cervidae\ciervo_Javi_3_JC\30_20201021 (71).JPG;1
\zorro\ZORRO_PNM_2013-I_ISAAC\e2412IM000273.JPG;1
\vacia\NOANIMAL_ZOO_5_6_7_9\36_20210618 (4868).JPG;0
\cervidae\ciervo_simone_2\37_20201024 (8074).JPG;1
\vacia\empty_IslandConservationCameraTraps\puertorico_26_20150329_162729_ek000968.jpg;0
\vacia\NOANIMAL_ZOO_1_4\6_20201812 (9984).JPG;0
\vacia\NOANIMAL_ZOO_5_6_7_9\35_20210318 (845).JPG;0
\vaca\COW_ZOO_5_6_7_9\21_20210418 (1024).JPG;1
\zorro\zorro_PNM_2013-O_ISAAC\f4429IM000087.JPG;1
\leporido\Rabbit_mammalWeb\48860.jpg;1
\vacia\NOANIMAL_ZOO_1_4\7_20210115 (3465).JPG;0
\humanovehiculo\car_CaltechCameraTrap_ME\vehiculo\58eac82e-23d2-11e8-a6a3-ec086b02610b.jpg;1
\leporido\conejo_Paco_Carro_JC\PICT0890.JPG;1
\caballo\HORSE_ZOO_1_4\15_20210117 (1571).JPG;1
\lince\linces_Linces2_Leo_JC\3_Lince_Linces2_Leo_JC\lince103 (308).JPG;1
\cervidae\ciervo_simone_2\37_20201024 (286).JPG;1
\zorro\zorro_vacías_humanos_PNC_2012_ME\a3515IM000067.JPG;1
\vacia\vacia_alumno_2_AM\Orycun (22)_frame100.jpg;0
\vacia\vacia_alumno_AM_2\10_20201019 (12227).JPG;0
\mapache\raccoon_CaltechCameraTrap_ME\598de90e-23d2-11e8-a6a3-ec086b02610b.jpg;1
\vacia\vacia_javi_2_JC\27_20201023 (4579).JPG;0
\vacia\vacia_Paco_Carro_JC\IMG_1223.JPG;0
\humanovehiculo\car_CaltechCameraTrap_ME\vehiculo\59be3fcf-23d2-11e8-a6a3-ec086b02610b.jpg;1
\zorro\ZORRO_PNM_2012_ISAAC\d15809IMAG0067.JPG;1
\vacia\empty_IslandConservationCameraTraps\dominicanrepublic_cam0425abril2015_20130807_050734_sunp0660.jpg;0
\cervidae\CERVIDREDORFALLOWDEER_ZOO_5_6_7_9\2_20210219 (1840) (2021_04_15 06_16_22 UTC).JPG;1
\ave\ave_PNC_2014_manuel\c24863IMAG0100.JPG;1
\lince\Lince_b_Linces2_Leo_JC\lince224 (255).jpg;1
\vacia\NOANIMAL_ZOO_5_6_7_9\38_20210219 (1434) (2021_04_15 06_16_22 UTC).JPG;0
\vacia\NOANIMAL_ZOO_1_4\6_20201812 (11573).JPG;0
\zorro\Zorro_PNC_2014_JC\c24991IM000095.JPG;1
\vacia\NOANIMAL_ZOO_5_6_7_9\24_20210418 (1584).JPG;0
\vacia\NOANIMAL_ZOO_5_6_7_9\50_20210408 (24634).JPG;0
\vaca\COW_ZOO_5_6_7_9\21_20210418 (2055).JPG;1
\humanovehiculo\car_CaltechCameraTrap_ME\vehiculo\5860ef61-23d2-11e8-a6a3-ec086b02610b.jpg;1
\leporido\conejo_Paco_Carro_JC\PICT1435.JPG;1
\ave\OTHERSPECIES_ZOO_5_6_7_9\38_20210618 (1730).JPG;1
\mapache\raccoon_CaltechCameraTrap_ME\59f79918-23d2-11e8-a6a3-ec086b02610b.jpg;1
\vacia\NOANIMAL_ZOO_1_4\26_20201020 (11975).JPG;0
\vacia\vacia_Paco_Carro_JC\IMG_0445 (2).JPG;0
\jabali\jabali_alumno_1_AM_2\28_20201019 (1589).JPG;1
\vacia\NOANIMAL_ZOO_5_6_7_9\32_20210218 (5099) (2021_04_15 06_16_22 UTC).JPG;0
\cervidae\CERVIDREDORFALLOWDEER_ZOO_1_4\24_20201218 (533).JPG;1
\gato_domestico\gato_WellingtonCameraTraps_SS\0404151619000224S161.JPG;1
\ave\ave_ave_WellingtonCameraTraps_SS\130216175058015cs133.JPG;1
\vacia\NOANIMAL_ZOO_5_6_7_9\50_20210408 (19312).JPG;0
\leporido\rabbit_CaltechCameraTrap_ME\59817bbc-23d2-11e8-a6a3-ec086b02610b.jpg;1
\cervidae\ciervo_vacías_humanos_PNC_2012_ME\a19657IM000321.JPG;1
\vacia\empty_IslandConservationCameraTraps\micronesia_cam16april2019_20190414_185503_rcnx0372.jpg;0
\zorro\zorro_PNC_2013-O_RED_ISAAC\b15799IM000043.JPG;1
\caballo\HORSE_ZOO_5_6_7_9\46_20210618 (175).JPG;1
\vacia\empty_caltechCameraTraps\5a24a79b-23d2-11e8-a6a3-ec086b02610b.jpg;0
\caballo\HORSE_ZOO_1_4\15_20210117 (1383).JPG;1
\vacia\empty_IslandConservationCameraTraps\dominicanrepublic_cam0425abril2015_20130819_020401_sunp3062.jpg;0
\cervidae\CERVIDREDORFALLOWDEER_ZOO_1_4\21_20201025 (5939).JPG;1
\vacia\NOANIMAL_ZOO_1_4\6_20201812 (15094).JPG;0
\jabali\WILDBOAR_ZOO_1_4\37_20201116 (12579).JPG;1
\leporido\conejo_WellingtonCameraTraps_SS\060416203810024as071.JPG;1
\garduna\GARDUÑA_PNM_2012_ISAAC\d14501IMAG0055.JPG;1
\cervidae\CERVIDREDORFALLOWDEER_ZOO_5_6_7_9\2_20210319 (4642).JPG;1
\ave\ave_ave_WellingtonCameraTraps_SS\060116081132043c1603.JPG;1
\zorro\zorro_PNC_2012_JC\a5819IM000486.JPG;1
\cervidae\ciervo_vacías_humanos_PNC_2012_ME\a40234IM000232.JPG;1
\caballo\HORSE_ZOO_5_6_7_9\15_20210219 (3253) (2021_04_15 06_16_22 UTC).JPG;1
\ave\ave_PNC_2013-O_RED_ISAAC\b4345IMAG0213.JPG;1
\gato_domestico\gato_WellingtonCameraTraps_SS\070116085708005as382.JPG;1
\humanovehiculo\car_CaltechCameraTrap_ME\vehiculo\596a4f47-23d2-11e8-a6a3-ec086b02610b.jpg;1
\jabali\WILDBOAR_ZOO_1_4\29_20201023 (594).JPG;1
\caballo\caballos_alumno_AM\caballos_alumno_AM\9_20201712 (1561).JPG;1
\jabali\jabali_javi_JC\28_20201019 (1416).JPG;1
\cervidae\ciervo_Paco_Carro_JC\PICT0149.JPG;1
\garduna\garduna_PNC_2013-O_RED_ISAAC\b8652IMAG0052.JPG;1
\jabali\WILDBOAR_ZOO_1_4\41_20201118 (56).JPG;1
\vacia\NOANIMAL_ZOO_1_4\34_20201116 (2356).JPG;0
\vacia\NOANIMAL_ZOO_1_4\34_20210115 (4436).JPG;0
\cervidae\2_Ciervos_PNC2012_JC\a33009IM000026.JPG;1
\caballo\HORSE_ZOO_5_6_7_9\44_20210618 (853).JPG;1
\vaca\COW_ZOO_1_4\21_20201217 (1465).JPG;1
\jabali\WILDBOAR_ZOO_1_4\21_20201025 (2481).JPG;1
\gato_domestico\gato_WellingtonCameraTraps_SS\0704150550380194S223.JPG;1
\gato_domestico\cat_IslandConservationCameraTraps\palau_cam13a12132018_20181020_031228_rcnx0914.jpg;1
\cervidae\CERVIDREDORFALLOWDEER_ZOO_1_4\21_20201025 (2654).JPG;1
\zorro\REDFOX_ZOO_5_6_7_9\48_20210418 (725).JPG;1
\cervidae\Ciervo_PNC_2013-O_ME\b11079IMAG0396.JPG;1
\leporido\rabbit_IslandConservationCameraTraps\chile_frances022013_04052013110345.jpg;1
\cervidae\CERVIDREDORFALLOWDEER_ZOO_1_4\24_20201117 (171).JPG;1
\tejon\Tejon_PEPE_IREC_JC\IMAG0729_(2).JPG;1
\ave\OTHERSPECIES_ZOO_5_6_7_9\50_20210408 (11849).JPG;1
\humanovehiculo\humano_vehiculo_PNM_2012_ISAAC\d9889IM000007.JPG;1
\vacia\vacia_Paco_Carro_JC\01060159.JPG;0
\ave\ave_ave_WellingtonCameraTraps_SS\070516141910002as091.JPG;1
\vacia\vacias_2_de_2_PNC_2012_ISAAC\a53104IM000465.JPG;0
\cervidae\Ciervo_PNC_2013-O_ME\b19391IMAG0076.JPG;1
\micromamiferos\rodent_CaltechCameraTrap_JC\Roedor_ rodent_CaltechCameraTrap_JC\585a6363-23d2-11e8-a6a3-ec086b02610b.jpg;1
\jabali\WILDBOAR_ZOO_1_4\1_20210115 (224).JPG;1
\leporido\rabbit_IslandConservationCameraTraps\chile_frances022013_05062013144504.jpg;1
\vacia\NOANIMAL_ZOO_1_4\34_20210115 (3756).JPG;0
\vacia\NOANIMAL_ZOO_1_4\34_20210115 (2677).JPG;0
\vacia\empty_SnapshotMountainZebra\MTZ_S1_G04_R3_IMAG0937.JPG;0
\lince\linces_fecha_Linces2_Leo_JC\2_Lince_flecha_Linces2_Leo_JC\Lince54 (82).JPG;1
\vacia\vacias_PNC_2013-O_RED_ME\b2423IMAG0151.JPG;0
\humanovehiculo\HUMANORVEHICLE_ZOO_1_4\19_20201218 (372).JPG;1
\zorro\zorro_PNC_2013-I_ME\5336IMAG0068.JPG;1
\ave\yellow-crowned_night_heron_IslandConservationCameraTraps\puertorico_26_20150530_234848_ek002466.jpg;1
\jabali\WILDBOAR_ZOO_5_6_7_9\11_20210218 (322) (2021_04_15 06_16_22 UTC).JPG;1
\jabali\WILDBOAR_ZOO_1_4\4_20210117 (3407).JPG;1
\cervidae\Ciervo_PNM_2013-0_ME\f27858IMAG0428.JPG;1
\ave\Chicken_ena24\6149.jpg;1
\humanovehiculo\car_CaltechCameraTrap_ME\vehiculo\59fc7d3a-23d2-11e8-a6a3-ec086b02610b.jpg;1
\micromamiferos\Small rodent_mammalWeb\23554.jpg;1
\vacia\vacia_Paco_Carro_JC\IMG_1646.JPG;0
\vacia\NOANIMAL_ZOO_1_4\11_20210114 (78).JPG;0
\micromamiferos\micromamiferos_Paco_Carro_JC\IMG_0620.JPG;1
\cervidae\CERVIDREDORFALLOWDEER_ZOO_5_6_7_9\35_20210218 (1143) (2021_04_15 06_16_22 UTC).JPG;1
\cervidae\ciervo_vacías_humanos_PNC_2012_ME\a23453IM000095.JPG;1
\ave\petrel_IslandConservationCameraTraps\chile_filipiananbek2013_2910201384111.jpg;1
\cervidae\3_ciervo_Javi_3_JC\34_20201024 (2205).JPG;1
\cervidae\cervidae_PNC_2014_manuel\c11719IMAG0500.JPG;1
\cervidae\CERVIDREDORFALLOWDEER_ZOO_5_6_7_9\36_20210618 (6916).JPG;1
\humanovehiculo\humano_vehiculo_PNM_2013-O_ISAAC\f14883IM000088.JPG;1
\cervidae\deer_CaltechCameraTrap\598c5d5f-23d2-11e8-a6a3-ec086b02610b.jpg;1
\vacia\NOANIMAL_ZOO_1_4\7_20210115 (3961).JPG;0
\caballo\HORSE_ZOO_1_4\15_20210117 (1826).JPG;1
\caballo\caballos_alumno_AM\caballos_alumno_AM\2_20201215 (6132).JPG;1
\vacia\empty_IslandConservationCameraTraps\dominicanrepublic_cam2015abril2015_20150414_152445_img_5413.jpg;0
\micromamiferos\rodent_CaltechCameraTrap_JC\Roedor_ rodent_CaltechCameraTrap_JC\58bb8a85-23d2-11e8-a6a3-ec086b02610b.jpg;1
\lince\Lince_b_Linces2_Leo_JC\lince162 (69).JPG;1
\caballo\HORSE_ZOO_5_6_7_9\46_20210618 (198).JPG;1
\cervidae\CERVIDREDORFALLOWDEER_ZOO_1_4\21_20210114 (1366).JPG;1
\jabali\jabali_PNC_2013-O_RED_ISAAC\b180IM000179.JPG;1
\vacia\NOANIMAL_ZOO_1_4\34_20210115 (3204).JPG;0
\jabali\WILDBOAR_ZOO_1_4\29_20201023 (400).JPG;1
\zorro\zorro_PNM_2013-O_ISAAC\f20887IM000389.JPG;1
\vacia\vacias_2_de_2_PNC_2012_ISAAC\a52719IM000087.JPG;0
\ave\Chicken_ena24\5894.jpg;1
\tejon\EUROPEANBADGER_ZOO_1_4\42_20210114 (242).JPG;1
\vacia\vacia_Soraya_Padilla_Alumno_1_TH\STC_0041_frame000.jpg;0
\leporido\rabbit_IslandConservationCameraTraps\chile_frances012013_1401201395339.jpg;1
\ave\ave_ave_WellingtonCameraTraps_SS\051016163510017as083.JPG;1
\ave\OTHERSPECIES_ZOO_5_6_7_9\38_20210618 (2976).JPG;1
\humanovehiculo\HUMANORVEHICLE_ZOO_1_4\8_20201029 (402).JPG;1
\gato_domestico\gato_WellingtonCameraTraps_SS\311016123028031cs122.JPG;1
\cervidae\CERVIDREDORFALLOWDEER_ZOO_1_4\10_20201218 (1730).JPG;1
\caballo\HORSE_ZOO_1_4\2_20201215 (1843).JPG;1
\garduna\garduna_PNC_2013-I_ME\9606IM000081.JPG;1
\jabali\Jabali_PNM_2013-0_ME\f28265IMAG0842.JPG;1
\vacia\NOANIMAL_ZOO_1_4\21_20201119 (2263).JPG;0
\vacia\Vacio__diego_2_rev_donana\10_20201019 (2056).JPG;0
\meloncillo\Meloncillo_PEPE_IREC_JC\IMAG0718_(2).JPG;1
\cervidae\CERVIDREDORFALLOWDEER_ZOO_5_6_7_9\9_20210218 (469) (2021_04_15 06_16_22 UTC).JPG;1
\jabali\WILDBOAR_ZOO_5_6_7_9\19_20210219 (261) (2021_04_15 06_16_22 UTC).JPG;1
\cervidae\CERVIDREDORFALLOWDEER_ZOO_5_6_7_9\47_20210418 (1865).JPG;1
\jabali\Jabali_PNC_2014_JC\c30371IM000005.JPG;1
\vacia\NOANIMAL_ZOO_5_6_7_9\50_20210408 (1070).JPG;0
\gato_domestico\gato_WellingtonCameraTraps_SS\0404150643220359L101.JPG;1
\vaca\COW_ZOO_1_4\15_20201024 (3053).JPG;1
\tejon\Tejon_PNC_2014_JC\c23524IM000147.JPG;1
\mapache\raccoon_CaltechCameraTrap_ME\58809641-23d2-11e8-a6a3-ec086b02610b.jpg;1
\leporido\conejo_leo_donana\0008305.JPG;1
\lince\Lince_a_Linces2_Leo_JC\lince125 (199).JPG;1
\lince\linces_fecha_Linces2_Leo_JC\2_Lince_flecha_Linces2_Leo_JC\lince186 (24).JPG;1
\vacia\vacias_PNC_2014_ISAAC\c15398IM000061.JPG;0
\lince\Lince_a_Linces2_Leo_JC\lince105 (3).JPG;1
\ave\Magpie_mammalWeb\17804.jpg;1
\cervidae\Ciervo_PNC_2014_JC\c17752IMAG0022.JPG;1
\vacia\empty_IslandConservationCameraTraps\chile_frances022013_1805201392154.jpg;0
\cervidae\ciervo_simone_2\34_20201024 (2869).JPG;1
\vacia\empty_IslandConservationCameraTraps\dominicanrepublic_cam0425abril2015_20130822_082342_sunp4616.jpg;0
\leporido\rabbit_IslandConservationCameraTraps\chile_frances012013_01012013111642.jpg;1
\vacia\NOANIMAL_ZOO_1_4\7_20210115 (3193).JPG;0
\vaca\COW_ZOO_5_6_7_9\2_20210319 (8551).JPG;1
\vaca\2_vaca_alumno_2_2_TH_JC\15_20201024 (7421).JPG;1
\jabali\jabali_PNC_2013-O_RED_ISAAC\b10746IMAG0299.JPG;1
\vacia\NOANIMAL_ZOO_1_4\7_20210115 (2265).JPG;0
\zorro\zorro_PNC_2013-I_RED_ME\696IM000117.JPG;1
\vaca\COW_ZOO_1_4\17_20201026 (760).JPG;1
\gato_domestico\gato_WellingtonCameraTraps_SS\110916072734043cs091.JPG;1
\lince\Lince_b_Linces2_Leo_JC\lince226 (2).jpg;1
\vacia\empty_caltechCameraTraps\5a06303b-23d2-11e8-a6a3-ec086b02610b.jpg;0
\ave\shearwater_IslandConservationCameraTraps\chile_vaqueria2013_1012201242638.jpg;1
\perro\dog_caltechCameraTraps\5a163ed3-23d2-11e8-a6a3-ec086b02610b.jpg;1
\zorro\zorro_Leo_Otra_fauna_PASADA_POR_LA_RED_JC\Otrafauna (686).JPG;1
\lince\Lince_a_Linces2_Leo_JC\lince90 (220).JPG;1
\cervidae\CERVIDREDORFALLOWDEER_ZOO_5_6_7_9\35_20210218 (2634) (2021_04_15 06_16_22 UTC).JPG;1
\cervidae\ciervo_Javi_3_JC\21_20201025 (1829).JPG;1
\zorro\zorro_PNC_2014_manuel\c11705IMAG0485.JPG;1
\ave\shearwater_IslandConservationCameraTraps\chile_vaqueria2013_2512201235750.jpg;1
\jabali\WILDBOAR_ZOO_1_4\20_20210115 (560).JPG;1
\cervidae\CERVIDREDORFALLOWDEER_ZOO_1_4\36_20201117 (682).JPG;1
\cervidae\ciervo_vacías_humanos_PNC_2012_ME\a7221IM000263.JPG;1
\humanovehiculo\HUMANORVEHICLE_ZOO_5_6_7_9\39_20210417 (3).JPG;1
\jabali\WILDBOAR_ZOO_1_4\37_20201215 (2596).JPG;1
\jabali\jabali_PNC_2014_manuel\c25017IM000122.JPG;1
\ave\Perdiz_PNC_2012_JC\a39853IM000107.JPG;1
\garduna\garduna_PNC_2013-I_RED_ME\4200IMAG0163.JPG;1
\cervidae\ciervo_PNM_2012_ME\d1248IM000696.JPG;1
\cervidae\Ciervo_PNC_2012_JC\a23716IM000164.JPG;1
\cervidae\deer_CaltechCameraTrap\5a116ae0-23d2-11e8-a6a3-ec086b02610b.jpg;1
\ave\yellow-crowned_night_heron_IslandConservationCameraTraps\puertorico_17b_20150526_095805_img_0429.jpg;1
\leporido\rabbit_IslandConservationCameraTraps\chile_frances012013_20122012233024.jpg;1
\vacia\vacia_javi_2_JC\17_20201026 (626).JPG;0
\vacia\empty_IslandConservationCameraTraps\dominicanrepublic_cam1826junio2015_20150505_110901_img_2448.jpg;0
\vacia\NOANIMAL_ZOO_5_6_7_9\39_20210615 (19406).JPG;0
\ave\ave_Soraya_Padilla_Alumno_1_TH\IMAG0216_frame120.jpg;1
\cervidae\ciervo_vacías_humanos_PNC_2012_ME\a33939IM000155.JPG;1
\vacia\empty_IslandConservationCameraTraps\dominicanrepublic_cam1826julio2015_20150708_115556_img_1689.jpg;0
\vacia\vacias_PNM_2013-O_ISAAC\f13935IMAG0960.JPG;0
\zorro\zorro_PNC_2012_JC\a10108IM000080.JPG;1
\ave\ave_PNM_2013-O_ME\f3537IM000032.JPG;1
\vaca\COW_ZOO_5_6_7_9\21_20210318 (14738).JPG;1
\zorro\zorro_PNC_2013-I_RED_ME\685IM000105.JPG;1
\cervidae\CERVIDREDORFALLOWDEER_ZOO_5_6_7_9\46_20210418 (336).JPG;1
\jabali\WILDBOAR_ZOO_1_4\24_20201117 (139).JPG;1
\ave\ave_ave_WellingtonCameraTraps_SS\311215142144012bs391.JPG;1
\vacia\NOANIMAL_ZOO_1_4\37_20201116 (16063).JPG;0
\vacia\empty_IslandConservationCameraTraps\dominicanrepublic_cam1125abril2015_20150411_173951_img_0995.jpg;0
\cervidae\ciervo_PNC_2013-O_RED_ISAAC\b12358IMAG0796.JPG;1
\cervidae\CERVIDREDORFALLOWDEER_ZOO_5_6_7_9\18_20210219 (4739) (2021_04_15 06_16_22 UTC).JPG;1
\cervidae\deer_CaltechCameraTrap\5a0fcee1-23d2-11e8-a6a3-ec086b02610b.jpg;1
\vacia\Vacio__diego_2_rev_donana\21_20201025 (1208).JPG;0
\ave\ave_Soraya_Padilla_Alumno_1_TH\IMAG0106_frame180.jpg;1
\vacia\empty_caltechCameraTraps\59c31a88-23d2-11e8-a6a3-ec086b02610b.jpg;0
\cervidae\cervicidae_alumno_TH_3_TH_JC\26_20201020 (548).JPG;1
\cervidae\CERVIDREDORFALLOWDEER_ZOO_5_6_7_9\35_20210418 (944).JPG;1
\caballo\HORSE_ZOO_1_4\15_20201117 (7247).JPG;1
\vacia\NOANIMAL_ZOO_5_6_7_9\28_20210318 (700).JPG;0
\vacia\NOANIMAL_ZOO_5_6_7_9\11_20210615 (7619).JPG;0
\cervidae\CERVIDREDORFALLOWDEER_ZOO_1_4\15_20210117 (764).JPG;1
\zorro\zorro_PNC_2013-I_RED_ME\761IM000186.JPG;1
\ave\ave_ave_WellingtonCameraTraps_SS\110216094312039a1161.JPG;1
\vacia\NOANIMAL_ZOO_1_4\34_20210115 (6981).JPG;0
\vacia\empty_IslandConservationCameraTraps\dominicanrepublic_cam0425abril2015_20130822_065401_sunp4383.jpg;0
\zorro\Zorro_Pepe_IREC\Zorro_Pepe_Irec_ME\IMAG0271_(2).JPG;1
\cervidae\CERVIDREDORFALLOWDEER_ZOO_5_6_7_9\8_20210219 (785) (2021_04_15 06_16_22 UTC).JPG;1
\cervidae\CERVIDREDORFALLOWDEER_ZOO_5_6_7_9\35_20210218 (2399) (2021_04_15 06_16_22 UTC).JPG;1
\vaca\COW_ZOO_5_6_7_9\21_20210615 (379).JPG;1
\ave\American Crow_ena24\8048.jpg;1
\zorro\REDFOX_ZOO_1_4\11_20210114 (551).JPG;1
\vacia\NOANIMAL_ZOO_5_6_7_9\50_20210408 (22245).JPG;0
\vacia\empty_caltechCameraTraps\59973c7d-23d2-11e8-a6a3-ec086b02610b.jpg;0
\cervidae\CERVIDREDORFALLOWDEER_ZOO_5_6_7_9\2_20210219 (1518) (2021_04_15 06_16_22 UTC).JPG;1
\vacia\NOANIMAL_ZOO_1_4\6_20201812 (13579).JPG;0
\caballo\HORSE_ZOO_1_4\2_20201117 (614).JPG;1
\cervidae\3_gamo_Javi_3_JC\9_20201025 (333).JPG;1
\cervidae\ciervo_simone_2\34_20201024 (4199).JPG;1
\humanovehiculo\humano_vehiculo_PNC_2013-I_ISAAC\9532IM000008.JPG;1
\humanovehiculo\HUMANORVEHICLE_ZOO_5_6_7_9\9_20210418 (10).JPG;1
\vacia\vacia_javi_2_JC\27_20201023 (6875).JPG;0
\vacia\empty_SnapshotCamdeboo\CDB_S1_C07_R1_IMAG1600.JPG;0
\vacia\vacia_Soraya_Padilla_Alumno_1_TH\DSCF0050_frame290.jpg;0
\micromamiferos\rat_IslandConservationCameraTraps\micronesia_cam14april2019_20190413_003740_rcnx0055.jpg;1
\vacia\NOANIMAL_ZOO_1_4\6_20201812 (12376).JPG;0
\leporido\rabbit_CaltechCameraTrap_ME\58ff0de0-23d2-11e8-a6a3-ec086b02610b.jpg;1
\cervidae\ciervo_PNC_2014_ISAAC\c10407IM000067.JPG;1
\gineta\gineta_PNC_2013-I_ISAAC\9611IM000086.JPG;1
\cervidae\CERVIDREDORFALLOWDEER_ZOO_5_6_7_9\18_20210319 (977).JPG;1
\cervidae\CERVIDREDORFALLOWDEER_ZOO_1_4\40_20201024 (193).JPG;1
\vacia\NOANIMAL_ZOO_5_6_7_9\50_20210616 (24506).JPG;0
\vacia\vacias_2_de_2_PNC_2012_ISAAC\a52989IM000344.JPG;0
\leporido\rabbit_IslandConservationCameraTraps\chile_frances022013_26042013160848.jpg;1
\cervidae\CERVIDREDORFALLOWDEER_ZOO_5_6_7_9\36_20210319 (714).JPG;1
\cervidae\ciervo_PNC_2014_ISAAC\c12810IMAG0340.JPG;1
\lince\linces_fecha_Linces2_Leo_JC\2_Lince_flecha_Linces2_Leo_JC\lince178 (30).JPG;1
\jabali\WILDBOAR_ZOO_1_4\7_20201118 (501).JPG;1
\vacia\NOANIMAL_ZOO_1_4\6_20201812 (13816).JPG;0
\leporido\rabbit_CaltechCameraTrap_ME\59c99f0a-23d2-11e8-a6a3-ec086b02610b.jpg;1
\gato_domestico\gato_WellingtonCameraTraps_SS\1406150658220106S471.JPG;1
\cervidae\CERVIDREDORFALLOWDEER_ZOO_1_4\21_20210114 (2875).JPG;1
\lince\Lince_a_Linces2_Leo_JC\Lince46 (107).JPG;1
\vacia\NOANIMAL_ZOO_1_4\26_20201117 (2927).JPG;0
\vacia\NOANIMAL_ZOO_5_6_7_9\50_20210408 (9642).JPG;0
\caballo\HORSE_ZOO_5_6_7_9\46_20210618 (104).JPG;1
\micromamiferos\micromamiferos_fotosManuelEmilio20200912\IMG_0526.JPG;1
\vacia\empty_SnapshotMountainZebra\MTZ_S1_D07_R1_IMAG2306.JPG;0
\vacia\empty_SnapshotMountainZebra\MTZ_S1_D07_R1_IMAG2439.JPG;0
\jabali\Jabali_PNC_2012_JC\a13688IM000115.JPG;1
\cervidae\ciervo_PNC_2014_ISAAC\c29091IM000061.JPG;1
\leporido\conejo_WellingtonCameraTraps_SS\16111519042210965024.JPG;1
\zorro\zorro_PNM_2013-I_ISAAC\e2436IM000298.JPG;1
\gato_domestico\cat_IslandConservationCameraTraps\puertorico_18_20150123_160412_img_0223.jpg;1
\cervidae\CERVIDREDORFALLOWDEER_ZOO_1_4\34_20201024 (2742).JPG;1
\humanovehiculo\HUMANORVEHICLE_ZOO_5_6_7_9\21_20210318 (14035).JPG;1
\jabali\jabali_alumno_2_2_TH_JC\37_20201024 (1399).JPG;1
\vacia\empty_IslandConservationCameraTraps\dominicanrepublic_cam1826julio2015_20150626_115000_img_0229.jpg;0
\vaca\COW_ZOO_1_4\21_20201217 (2728).JPG;1
\vacia\NOANIMAL_ZOO_1_4\6_20210115 (5935).JPG;0
\vacia\NOANIMAL_ZOO_5_6_7_9\2_20210417 (19726).JPG;0
\ave\rooster_IslandConservationCameraTraps\palau_cam09a12132018_20181009_071301_rcnx0557.jpg;1
\jabali\jabali_alumno_1_AM_2\7_20201025 (265).JPG;1
\vacia\empty_IslandConservationCameraTraps\dominicanrepublic_cam1125abril2015_20150422_155032_img_2319.jpg;0
\cervidae\2_ciervo_simone_2\37_20201024 (11229).JPG;1
\vacia\NOANIMAL_ZOO_1_4\24_20210115 (2606).JPG;0
\cervidae\CERVIDREDORFALLOWDEER_ZOO_5_6_7_9\28_20210615 (3272).JPG;1
\vacia\empty_SnapshotKruger\KRU_S1_8_R1_IMAG0130.JPG;0
\caballo\caballos_alumno_AM\caballos_alumno_AM\28_20201117 (554).JPG;1
\cervidae\deer_CaltechCameraTrap\59bfdca6-23d2-11e8-a6a3-ec086b02610b.jpg;1
\vacia\NOANIMAL_ZOO_5_6_7_9\36_20210618 (5697).JPG;0
\zorro\Zorro_PNM_2013-0_ME\f13807IMAG0852.JPG;1
\lince\Lince_b_Linces2_Leo_JC\lince151 (45).JPG;1
\zorro\zorro_PNM_2012_ME\d3386IM000080.JPG;1
\humanovehiculo\humanovehiculo_PNC_2014_manuel\c14743IMAG0195.JPG;1
\vaca\COW_ZOO_1_4\15_20201024 (3115).JPG;1
\meloncillo\Meloncillo_PEPE_IREC_JC\IMAG2737_(3).JPG;1
\vacia\empty_IslandConservationCameraTraps\dominicanrepublic_cam1826junio2015_20150505_101830_img_2171.jpg;0
\zorro\zorro_PNC_2014_manuel\c18183IMAG0052.JPG;1
\zorro\Red Fox_ena24\3339.jpg;1
\caballo\HORSE_ZOO_1_4\2_20201117 (679).JPG;1
\vacia\Nothing_mammalWeb\11149.jpg;0
\humanovehiculo\car_CaltechCameraTrap_ME\vehiculo\5a2e1404-23d2-11e8-a6a3-ec086b02610b.jpg;1
\vacia\vacia_alumno_AM_2\10_20201019 (4258).JPG;0
\zorro\Zorro_Pepe_IREC\Zorro_Pepe_Irec_ME\IMAG1627.JPG;1
\vacia\vacias_2_de_2_PNC_2012_ISAAC\a16931IMAG1337.JPG;0
\cervidae\ciervo_vacías_humanos_PNC_2012_ME\a28783IM000071.JPG;1
\cervidae\CERVIDREDORFALLOWDEER_ZOO_5_6_7_9\10_20210319 (9623).JPG;1
\vacia\empty_SnapshotCamdeboo\CDB_S1_F03_R1_IMAG0233.JPG;0
\cervidae\CERVIDREDORFALLOWDEER_ZOO_5_6_7_9\24_20210318 (6327).JPG;1
\ave\Crow_mammalWeb\129288.jpg;1
\cervidae\CERVIDREDORFALLOWDEER_ZOO_1_4\38_20201019 (146).JPG;1
\vacia\NOANIMAL_ZOO_5_6_7_9\25_20210417 (3915).JPG;0
\gato_domestico\gato_WellingtonCameraTraps_SS\1404150846100549S261.JPG;1
\cervidae\ciervo_PNC_2013-I_ME\7279IM000025.JPG;1
\vacia\empty_IslandConservationCameraTraps\dominicanrepublic_cam1826julio2015_20150712_101437_img_2014.jpg;0
\caballo\HORSE_ZOO_5_6_7_9\2_20210219 (559) (2021_04_15 06_16_22 UTC).JPG;1
\vacia\vacia_alumno_1_TH\Nada_frame080.jpg;0
\zorro\zorro_PNC_2012_JC\a29026IM000147.JPG;1
\vacia\vacia_Paco_Carro_JC\PICT0039.JPG;0
\micromamiferos\rat_IslandConservationCameraTraps\micronesia_cam09_cam09june2019_20190618183915_rcnx0260.jpg;1
\vacia\empty_SnapshotMountainZebra\MTZ_S1_C06_R3_IMAG1265.JPG;0
\vacia\vacias_2_de_2_PNC_2012_ISAAC\a5924IM000734.JPG;0
\vacia\empty_IslandConservationCameraTraps\dominicanrepublic_cam0425abril2015_20130822_043917_sunp4277.jpg;0
\cervidae\CERVIDREDORFALLOWDEER_ZOO_1_4\2_20210115 (1958).JPG;1
\micromamiferos\rat_IslandConservationCameraTraps\micronesia_cam08_cam08june2019_20190628180405_rcnx0085.jpg;1
\vacia\NOANIMAL_ZOO_5_6_7_9\20_20210417 (5322).JPG;0
\vacia\empty_SnapshotMountainZebra\MTZ_S1_E04_R1_IMAG0399.JPG;0
\vacia\empty_caltechCameraTraps\5a0b0296-23d2-11e8-a6a3-ec086b02610b.jpg;0
\ave\ave_ave_WellingtonCameraTraps_SS\070916092656046bs521.JPG;1
\garduna\garduna_PNM_2013-O_ME\f26660IMAG0136.JPG;1
\vacia\NOANIMAL_ZOO_5_6_7_9\24_20210615 (21594).JPG;0
\vacia\empty_caltechCameraTraps\5a116e3f-23d2-11e8-a6a3-ec086b02610b.jpg;0
\lince\Lince_b_Linces2_Leo_JC\lince174 (46).JPG;1
\vacia\NOANIMAL_ZOO_1_4\26_20201020 (17760).JPG;0
\vacia\empty_IslandConservationCameraTraps\dominicanrepublic_cam0425abril2015_20130823_054540_sunp4787.jpg;0
\ave\bird_CaltechCameraTrap\59f12aab-23d2-11e8-a6a3-ec086b02610b.jpg;1
\vacia\Vacia_ME_rev_2_donana\34_20201024 (6993).JPG;0
\cervidae\ciervo_PNC_2013-O_RED_ISAAC\b16147IM000394.JPG;1
\jabali\jabali_PNC_2014_manuel\c10550IM000038.JPG;1
\jabali\WILDBOAR_ZOO_1_4\33_20201025 (34).JPG;1
\vaca\COW_ZOO_1_4\17_20201026 (849).JPG;1
\vacia\empty_caltechCameraTraps\59f5fc9d-23d2-11e8-a6a3-ec086b02610b.jpg;0
\lince\Lince_b_Linces2_Leo_JC\lince134 (103).JPG;1
\gato_domestico\cat_IslandConservationCameraTraps\palau_cam13a12132018_20180918_125137_rcnx0483.jpg;1
\cervidae\CERVIDREDORFALLOWDEER_ZOO_1_4\15_20201117 (8675).JPG;1
\ave\bustardkori_SnapshotKgalagai\KGA_S1_B06_R1_IMAG0717.JPG;1
\tejon\Tejon_PEPE_IREC_JC\IMAG0009_(3).JPG;1
\jabali\WILDBOAR_ZOO_5_6_7_9\28_20210417 (1856).JPG;1
\jabali\Jabalí_PNC_2013-O_ME\b1351IMAG0201.JPG;1
\ave\ave_PNC_2014_manuel\c14649IMAG0096.JPG;1
\cervidae\ciervo_simone_2\37_20201024 (279).JPG;1
\vacia\NOANIMAL_ZOO_5_6_7_9\35_20210418 (523).JPG;0
\vacia\NOANIMAL_ZOO_5_6_7_9\24_20210318 (5150).JPG;0
\cervidae\ciervo_PNM_2013-O_ISAAC\f29507IMAG1091.JPG;1
\vacia\NOANIMAL_ZOO_5_6_7_9\22_20210417 (9849).JPG;0
\vacia\NOANIMAL_ZOO_5_6_7_9\24_20210418 (16770).JPG;0
\vacia\empty_SnapshotMountainZebra\MTZ_S1_D07_R3_IMAG0017.JPG;0
\caballo\HORSE_ZOO_1_4\9_20210114 (750).JPG;1
\micromamiferos\micromamiferos_Paco_Carro_JC\IMG_0110 (2).JPG;1
\perro\perro_WellingtonCameraTraps_SS\081016125936033c0155.JPG;1
\ave\bird_CaltechCameraTrap\5860ef9c-23d2-11e8-a6a3-ec086b02610b.jpg;1
\leporido\rabbit_IslandConservationCameraTraps\chile_frances022013_29052013141015.jpg;1
\cervidae\cervidae_alumno_1_AM_2\21_20201025 (1289).JPG;1
\gato_domestico\gato_WellingtonCameraTraps_SS\1303150339260424S233.JPG;1
\caballo\HORSE_ZOO_1_4\10_20201117 (3852).JPG;1
\vacia\NOANIMAL_ZOO_5_6_7_9\10_20210219 (1879) (2021_04_15 06_16_22 UTC).JPG;0
\vacia\empty_SnapshotMountainZebra\MTZ_S1_D05_R1_IMAG0316.JPG;0
\vacia\empty_caltechCameraTraps\59973e17-23d2-11e8-a6a3-ec086b02610b.jpg;0
\lince\Lince_a_Linces2_Leo_JC\lince102 (149).JPG;1
\zorro\Zorro_PNC_2014_JC\c26271IM000021.JPG;1
\vacia\empty_caltechCameraTraps\59c4c074-23d2-11e8-a6a3-ec086b02610b.jpg;0
\vacia\empty_caltechCameraTraps\596eee0e-23d2-11e8-a6a3-ec086b02610b.jpg;0
\ave\ave_Soraya_Padilla_Alumno_1_TH\IMAG0175_frame060.jpg;1
\humanovehiculo\humanovehiculo_leo_donana\0003983.JPG;1
\gato_domestico\cat_CaltechCameraTrap\5896090a-23d2-11e8-a6a3-ec086b02610b.jpg;1
\mapache\raccoon_CaltechCameraTrap_ME\593ef82c-23d2-11e8-a6a3-ec086b02610b.jpg;1
\vaca\cow_CaltechCameraTrap\589cb392-23d2-11e8-a6a3-ec086b02610b.jpg;1
\zorro\zorro_PNC_2012_JC\a4031IM000030.JPG;1
\vaca\COW_ZOO_5_6_7_9\21_20210418 (2685).JPG;1
\caballo\HORSE_ZOO_5_6_7_9\15_20210219 (1000) (2021_04_15 06_16_22 UTC).JPG;1
\zorro\REDFOX_ZOO_5_6_7_9\11_20210615 (2977).JPG;1
\gineta\gineta_Saul Martin_FRAMES_SIN_REPETIDOS_REVISADOS_DIEGO\IMAG0009_frame200.jpg;1
\vacia\vacias_PNC_2013-O_RED_ISAAC\b20126IMAG0177.JPG;0
\cervidae\gamo_buscar_cab_isaac_sin_contar\9_20201118 (13).JPG;1
\cervidae\ciervo_PNC_2014_ISAAC\c9788IM000038.JPG;1
\leporido\conejo_Paco_Carro_JC\PICT0400.JPG;1
\zorro\zorro_vacías_humanos_PNC_2012_ME\a23577IM000029.JPG;1
\cervidae\Ciervo_PNC_2014_JC\c29718IM000075.JPG;1
\cervidae\CERVIDREDORFALLOWDEER_ZOO_1_4\21_20201025 (2720).JPG;1
\lince\Lince_b_Linces2_Leo_JC\lince144 (162).JPG;1
\cervidae\CERVIDREDORFALLOWDEER_ZOO_5_6_7_9\42_20210618 (105).JPG;1
\vacia\Nothing_mammalWeb\26506.jpg;0
\caballo\HORSE_ZOO_1_4\15_20210117 (13143).JPG;1
\vacia\NOANIMAL_ZOO_1_4\34_20210115 (2060).JPG;0
\ave\ave_Soraya_Padilla_Alumno_1_TH\STC_0052_frame080.jpg;1
\garduna\garduna_PNM_2013-O_ME\f18614IM000465.JPG;1
\leporido\conejo_Paco_Carro_JC\PICT1186.JPG;1
\vaca\COW_ZOO_1_4\15_20201024 (8077).JPG;1
\vacia\empty_caltechCameraTraps\5951914e-23d2-11e8-a6a3-ec086b02610b.jpg;0
\ave\ave_Soraya_Padilla_Alumno_1_TH\DSCF0003_frame0102.jpg;1
\vacia\empty_SnapshotMountainZebra\MTZ_S1_G04_R1_IMAG2340.JPG;0
\gato_domestico\cat_CaltechCameraTrap\5a197bae-23d2-11e8-a6a3-ec086b02610b.jpg;1
\vacia\empty_caltechCameraTraps\59e77db6-23d2-11e8-a6a3-ec086b02610b.jpg;0
\cervidae\CERVIDREDORFALLOWDEER_ZOO_5_6_7_9\41_20210218 (205) (2021_04_15 06_16_22 UTC).JPG;1
\meloncillo\Meloncillo_PEPE_IREC_JC\IMAG0500.JPG;1
\zorro\Zorro_PNM_2013-0_ME\f15080IM000088.JPG;1
\cervidae\CERVIDREDORFALLOWDEER_ZOO_5_6_7_9\5_20210219 (1099) (2021_04_15 06_16_22 UTC).JPG;1
\vaca\COW_ZOO_5_6_7_9\9_20210615 (1880).JPG;1
\vacia\empty_SnapshotMountainZebra\MTZ_S1_D04_R3_IMAG0738.JPG;0
\jabali\jabali_PNC_2014_manuel\c6106IM000059.JPG;1
\vacia\SnampshotEnonkishu\ENO_S1_D03_R1_IMAG2137.JPG;0
\vacia\vacias_PNM_2013-O_ISAAC\f4153IM000221.JPG;0
\perro\perro_Paco_Carro_camarasliron_4_2_PASADAS_POR_LA_RED_JC\PICT0062.JPG;1
\vacia\empty_IslandConservationCameraTraps\dominicanrepublic_cam1125abril2015_20150412_175031_img_1146.jpg;0
\cervidae\2_ciervo_Paco_Carro_JC\PICT2113.JPG;1
\vacia\vacia_alumno_2_2_TH_JC\27_20201023 (7661).JPG;0
\caballo\caballos_alumno_AM\caballos_alumno_AM\9_20201712 (1917).JPG;1
\cervidae\Ciervo_PNC_2013-O_ME\b6782FILE0078.JPG;1
\jabali\jabali_PNC_2013-I_RED_ME\9218IM000007.JPG;1
\vacia\empty_SnapshotMountainZebra\MTZ_S1_D05_R1_IMAG0259.JPG;0
\cervidae\deer_CaltechCameraTrap\5a17de5c-23d2-11e8-a6a3-ec086b02610b.jpg;1
\cervidae\CERVIDREDORFALLOWDEER_ZOO_1_4\21_20201025 (1050).JPG;1
\humanovehiculo\humanovehiculo_PNC_2013-O_RED_ISAAC\b16691IM000059.JPG;1
\jabali\WILDBOAR_ZOO_1_4\37_20201116 (4892).JPG;1
\cervidae\5_ciervo_simone_2\34_20201024 (5668).JPG;1
\jabali\WILDBOAR_ZOO_5_6_7_9\31_20210219 (770) (2021_04_15 06_16_22 UTC).JPG;1
\vacia\empty_IslandConservationCameraTraps\dominicanrepublic_cam1826julio2015_20150715_072028_img_2259.jpg;0
\zorro\zorro_vacías_humanos_PNC_2012_ME\a29222IM000032.JPG;1
\ave\ave_ave_WellingtonCameraTraps_SS\070516144634021c7513.JPG;1
\vacia\empty_IslandConservationCameraTraps\dominicanrepublic_cam1826junio2015_20150505_055258_img_0744.jpg;0
\vaca\COW_ZOO_1_4\21_20201025 (3392).JPG;1
\cervidae\2_corzo_alumno_2_AM_JC\STC_0076_frame090.jpg;1
\vacia\vacias_1_de_2_PNC_2012_ISAAC\a37278IM000393.JPG;0
\ave\yellow-crowned_night_heron_IslandConservationCameraTraps\puertorico_17b_20150602_103432_img_0436.jpg;1
\vacia\NOANIMAL_ZOO_5_6_7_9\2_20210417 (25492).JPG;0
\vacia\vacia_Paco_Carro_JC\IMG_1769.JPG;0
\ave\Magpie_mammalWeb\48528.jpg;1
\zorro\zorro_vacías_humanos_PNC_2012_ME\a22824IM000533.JPG;1
\vacia\NOANIMAL_ZOO_1_4\34_20210115 (2701).JPG;0
\vacia\empty_SnapshotMountainZebra\MTZ_S1_D05_R1_IMAG0093.JPG;0
\vacia\NOANIMAL_ZOO_5_6_7_9\31_20210615 (5339).JPG;0
\vacia\vacia_Paco_Carro_JC\01130831 (2).JPG;0
\cervidae\corzo_alumno_2_AM_JC\DSCF0084_frame051.jpg;1
\garduna\garduna_PNC_2014_manuel\c18902IMAG0054.JPG;1
\cervidae\CERVIDREDORFALLOWDEER_ZOO_1_4\21_20210114 (1540).JPG;1
\caballo\HORSE_ZOO_5_6_7_9\46_20210618 (1259).JPG;1
\cervidae\ciervo_PNM_2012_ME\d7822IM000122.JPG;1
\vacia\empty_IslandConservationCameraTraps\dominicanrepublic_cam0725abril2015a_20130813_075510_sunp5265.jpg;0
\ave\white-winged_dove_IslandConservationCameraTraps\dominicanrepublic_cam1326julio2015_20150715_133020_img_0047.jpg;1
\ave\ave_ave_WellingtonCameraTraps_SS\080816142308023a6241.JPG;1
\vacia\empty_IslandConservationCameraTraps\palau_cam08a12132018_20181206_120000_rcnx0455.jpg;0
\ave\ave_Soraya_Padilla_Alumno_1_TH\STC_0047_frame220.jpg;1
\vacia\empty_IslandConservationCameraTraps\dominicanrepublic_cam1526enero2016_20151125_112512_img_0004.jpg;0
\vaca\COW_ZOO_5_6_7_9\21_20210418 (3932).JPG;1
\vacia\vacio_Saul Martin_FRAMES_SIN_REPETIDOS_REVISADOS_DIEGO\IMAG0019_frame360.jpg;0
\cervidae\ciervo_PNC_2014_ISAAC\c24735IMAG0061.JPG;1
\humanovehiculo\HUMANORVEHICLE_ZOO_1_4\2_20201117 (3).JPG;1
\vacia\NOANIMAL_ZOO_1_4\15_20201117 (6617).JPG;0
\vacia\NOANIMAL_ZOO_5_6_7_9\2_20210618 (17722).JPG;0
\ave\Ave_Leo_Otra_fauna_PASADA_POR_LA_RED_JC\Otrafauna (1819).JPG;1
\vacia\empty_SnapshotMountainZebra\MTZ_S1_C06_R1_IMAG2368.JPG;0
\cervidae\CERVIDREDORFALLOWDEER_ZOO_1_4\21_20201025 (1158).JPG;1
\jabali\WILDBOAR_ZOO_1_4\37_20201215 (2452).JPG;1
\vacia\empty_IslandConservationCameraTraps\ecuador1_cam1612_20150507_200050_img_0628.jpg;0
\ave\bird_IslandConservationCameraTraps\dominicanrepublic_cam11318mayo2017_20170518_104621_img_0042.jpg;1
\vacia\empty_SnapshotMountainZebra\MTZ_S1_G04_R3_IMAG1347.JPG;0
\vacia\NOANIMAL_ZOO_5_6_7_9\11_20210418 (3952).JPG;0
\vacia\NOANIMAL_ZOO_5_6_7_9\25_20210319 (5679).JPG;0
\leporido\conejo_Paco_Carro_JC\PICT0552 (2).JPG;1
\cervidae\CERVIDREDORFALLOWDEER_ZOO_1_4\18_20200130 (2032).JPG;1
\vacia\NOANIMAL_ZOO_5_6_7_9\25_20210417 (2240).JPG;0
\vacia\NOANIMAL_ZOO_5_6_7_9\25_20210417 (10377).JPG;0
\cervidae\ciervo_vacías_humanos_PNC_2012_ME\a34087IM000312.JPG;1
\cervidae\CERVIDREDORFALLOWDEER_ZOO_5_6_7_9\5_20210219 (187) (2021_04_15 06_16_22 UTC).JPG;1
\cervidae\deer_CaltechCameraTrap\5a0fceba-23d2-11e8-a6a3-ec086b02610b.jpg;1
\vacia\empty_IslandConservationCameraTraps\dominicanrepublic_cam1826julio2015_20150628_094700_img_0531.jpg;0
\cervidae\ciervo_simone_2\37_20201024 (1493).JPG;1
\leporido\conejo_Paco_Carro_JC\PICT1433.JPG;1
\vaca\COW_ZOO_5_6_7_9\49_20210418 (1591).JPG;1
\jabali\WILDBOAR_ZOO_1_4\37_20201116 (10780).JPG;1
\vacia\empty_caltechCameraTraps\59563744-23d2-11e8-a6a3-ec086b02610b.jpg;0
\garduna\GARDUÑA_PNM_2012_ISAAC\d7850IM000152.JPG;1
\vaca\COW_ZOO_5_6_7_9\21_20210418 (1664).JPG;1
\cervidae\cervidae_buscar_cab_isaac_sin_contar\28_20201218 (154).JPG;1
\cervidae\ciervo_PNM_2012_ISAAC\d6269IMAG0229.JPG;1
\cervidae\deer_CaltechCameraTrap\59563685-23d2-11e8-a6a3-ec086b02610b.jpg;1
\leporido\rabbit_IslandConservationCameraTraps\chile_frances012013_21122012165802.jpg;1
\cervidae\ciervo_simone_2\40_20201024 (2727).JPG;1
\micromamiferos\spiny_rat_MissouriCameraTrap\SEQ80935_IMG_0004.JPG;1
\jabali\WILDBOAR_ZOO_1_4\31_20201023 (422).JPG;1
\vacia\empty_SnapshotMountainZebra\MTZ_S1_C06_R1_IMAG0274.JPG;0
\cervidae\ciervo_PNC_2013-I_RED_ME\2447IM000026.JPG;1
\vacia\empty_SnapshotMountainZebra\MTZ_S1_D05_R1_IMAG0420.JPG;0
\cervidae\CERVIDREDORFALLOWDEER_ZOO_5_6_7_9\31_20210318 (160).JPG;1
\vacia\empty_caltechCameraTraps\59b9392a-23d2-11e8-a6a3-ec086b02610b.jpg;0
\cervidae\ciervo_ME_rev_1_donana\26_20201020 (1682).JPG;1
\vacia\empty_SnapshotMountainZebra\MTZ_S1_D05_R1_IMAG0238.JPG;0
\tejon\Tejon_PEPE_IREC_JC\IMAG0054_(5).JPG;1
\vacia\vacia_alumno_AM_2\31_20201023 (128).JPG;0
\vacia\NOANIMAL_ZOO_5_6_7_9\5_20210417 (1611).JPG;0
\vacia\vacias_2_de_2_PNC_2012_ISAAC\a4813IM000660.JPG;0
\cervidae\ciervo_alumno_2_TH\30_20201021 (30).JPG;1
\ave\ave_Soraya_Padilla_Alumno_1_TH\STC_0052_frame110.jpg;1
\ave\ave_ave_WellingtonCameraTraps_SS\2003150725280359L101.JPG;1
\vacia\vacia_Soraya_Padilla_Alumno_1_TH\STC_0325 (2)_frame210.jpg;0
\vacia\NOANIMAL_ZOO_5_6_7_9\19_20210618 (1118).JPG;0
\zorro\REDFOX_ZOO_1_4\29_20201023 (226).JPG;1
\vacia\vacias_PNM_2012_ME\d14562FILE0006.JPG;0
\ave\OTHERSPECIES_ZOO_5_6_7_9\38_20210618 (636).JPG;1
\vacia\empty_caltechCameraTraps\59783067-23d2-11e8-a6a3-ec086b02610b.jpg;0
\vacia\NOANIMAL_ZOO_5_6_7_9\50_20210417 (20185).JPG;0
\zorro\zorro_PNC_2013-I_ME\2817IM000143.JPG;1
\vacia\NOANIMAL_ZOO_1_4\2_20210115 (3092).JPG;0
\vacia\NOANIMAL_ZOO_5_6_7_9\13_20210218 (556) (2021_04_15 06_16_22 UTC).JPG;0
\vacia\empty_IslandConservationCameraTraps\micronesia_cam04_cam04june2019_20190612001003_rcnx1062.jpg;0
\cervidae\Ciervo_PNC_2014_JC\c27897IM000140.JPG;1
\vacia\empty_IslandConservationCameraTraps\dominicanrepublic_cam0425abril2015_20130820_075105_sunp3518.jpg;0
\gato_domestico\cat_IslandConservationCameraTraps\palau_cam13a12132018_20181001_023808_rcnx0624.jpg;1
\vacia\vacias_PNC_2014_ISAAC\c12675IMAG0197.JPG;0
\ave\ave_ave_WellingtonCameraTraps_SS\060216094622011cs393.JPG;1
\vacia\empty_IslandConservationCameraTraps\dominicanrepublic_cam1826junio2015_20150505_124423_img_2977.jpg;0
\vacia\NOANIMAL_ZOO_1_4\43_20201217 (2272).JPG;0
\vacia\Vacia_ME_rev_3_donana\37_20201024 (1288).JPG;0
\caballo\caballos_simone\4_20201220 (7683).JPG;1
\vacia\NOANIMAL_ZOO_1_4\7_20210115 (3473).JPG;0
\vacia\SnampshotEnonkishu\ENO_S1_D06_R1_IMAG4523.JPG;0
\leporido\rabbit_CaltechCameraTrap_ME\59c99c04-23d2-11e8-a6a3-ec086b02610b.jpg;1
\vacia\NOANIMAL_ZOO_5_6_7_9\50_20210408 (24632).JPG;0
\cervidae\ciervo_PNC_2014_ISAAC\c12290IMAG0043.JPG;1
\zorro\Zorro_Pepe_IREC\Zorro_Pepe_Irec_ME\CA_34-03.21-20_44.JPG;1
\vacia\empty_SnapshotKaroo\KAR_S1_F02_R1_IMAG1538.JPG;0
\jabali\jabali_PNC_2014_manuel\c8814IM000110.JPG;1
\vacia\empty_SnapshotMountainZebra\MTZ_S1_E06_R3_IMAG0548.JPG;0
\vacia\empty_SnapshotMountainZebra\MTZ_S1_D06_R1_IMAG0828.JPG;0
\vacia\NOANIMAL_ZOO_5_6_7_9\22_20210417 (9463).JPG;0
\gato_domestico\gato_WellingtonCameraTraps_SS\140916185850046c9701.JPG;1
\zorro\Zorro_PNC_2014_JC\c18071IMAG0005.JPG;1
\humanovehiculo\car_CaltechCameraTrap_ME\vehiculo\59ccd322-23d2-11e8-a6a3-ec086b02610b.jpg;1
\meloncillo\2_Meloncillo_PEPE_IREC_JC\IMAG0125_(3).JPG;1
\cervidae\CERVIDREDORFALLOWDEER_ZOO_5_6_7_9\19_20210319 (690).JPG;1
\vacia\empty_IslandConservationCameraTraps\ecuador1_ic1611_20150101_000003_img_1670.jpg;0
\jabali\jabali_revGinetasJC_REV1_4_donana\37_20201116 (8115).JPG;1
\jabali\WILDBOAR_ZOO_5_6_7_9\47_20210418 (422).JPG;1
\lince\Lince_a_Linces2_Leo_JC\lince114 (2).JPG;1
\vacia\NOANIMAL_ZOO_5_6_7_9\42_20210218 (43) (2021_04_15 06_16_22 UTC).JPG;0
\vacia\empty_SnapshotMountainZebra\MTZ_S1_E06_R3_IMAG0969.JPG;0
\vaca\COW_ZOO_1_4\6_20201116 (951).JPG;1
\vaca\cow_CaltechCameraTrap\588c1388-23d2-11e8-a6a3-ec086b02610b.jpg;1
\zorro\Zorro_Pepe_IREC\Zorro_Pepe_Irec_ME\IMAG0060_(3).JPG;1
\caballo\HORSE_ZOO_1_4\10_20201117 (1099).JPG;1
\micromamiferos\rat_IslandConservationCameraTraps\palau_cam09a12132018_20181212_033638_rcnx1312.jpg;1
\vacia\NOANIMAL_ZOO_5_6_7_9\1_20210219 (68) (2021_04_15 06_16_22 UTC).JPG;0
\jabali\Jabali_PNC_2012_JC\a47301IM000058.JPG;1
\vacia\NOANIMAL_ZOO_5_6_7_9\25_20210615 (3119).JPG;0
\cervidae\ciervo_PNC_2014_ISAAC\c11370IMAG0131.JPG;1
\vacia\empty_SnapshotMountainZebra\MTZ_S1_C04_R3_IMAG0336.JPG;0
\vacia\empty_SnapshotMountainZebra\MTZ_S1_G04_R3_IMAG1302.JPG;0
\jabali\WILDBOAR_ZOO_1_4\37_20201116 (6023).JPG;1
\cervidae\cervidae_ss\28_20201019 (2840).JPG;1
\vacia\NOANIMAL_ZOO_1_4\6_20201812 (14036).JPG;0
\cervidae\CERVIDREDORFALLOWDEER_ZOO_1_4\37_20201116 (9827).JPG;1
\zorro\REDFOX_ZOO_1_4\31_20201117 (26).JPG;1
\vacia\empty_IslandConservationCameraTraps\palau_cam04a12132018_20180831_120000_rcnx0965.jpg;0
\vacia\empty_SnapshotCamdeboo\CDB_S1_C07_R1_IMAG2272.JPG;0
\ave\ave_Soraya_Padilla_Alumno_1_TH\DSCF0034_frame090.jpg;1
\lince\linces_fecha_Linces2_Leo_JC\2_Lince_flecha_Linces2_Leo_JC\lince172 (63).JPG;1
\vacia\empty_SnapshotCamdeboo\CDB_S1_E05_R1_IMAG0060.JPG;0
\cervidae\CERVIDREDORFALLOWDEER_ZOO_1_4\21_20201025 (2650).JPG;1
\leporido\conejo_Paco_Carro_JC\PICT1359 (2).JPG;1
\leporido\Rabbit_mammalWeb\38733.jpg;1
\cervidae\CERVIDREDORFALLOWDEER_ZOO_1_4\29_20201117 (654).JPG;1
\jabali\Jabali_ME_rev_1_donana\28_20201019 (1269).JPG;1
\cervidae\deer_CaltechCameraTrap\58823b6f-23d2-11e8-a6a3-ec086b02610b.jpg;1
\vacia\vacia_vacías_humanos_PNC_2012_ME\a24523IM000612.JPG;0
\vacia\NOANIMAL_ZOO_1_4\34_20210115 (5353).JPG;0
\lince\Lince_a_Linces2_Leo_JC\Lince54 (93).JPG;1
\vacia\NOANIMAL_ZOO_5_6_7_9\32_20210218 (5602) (2021_04_15 06_16_22 UTC).JPG;0
\cervidae\CERVIDREDORFALLOWDEER_ZOO_5_6_7_9\28_20210417 (1720).JPG;1
\vacia\empty_IslandConservationCameraTraps\dominicanrepublic_cam2818mayo2017_20170403_162732_img_0015.jpg;0
\cervidae\CERVIDREDORFALLOWDEER_ZOO_1_4\12_20201217 (167).JPG;1
\vacia\vacia_alumno_AM_2\37_20201024 (3769).JPG;0
\lince\Lince_b_Linces2_Leo_JC\lince141 (7).JPG;1
\caballo\caballos_javier_JC\35_20201218 (2284).JPG;1
\vacia\empty_IslandConservationCameraTraps\dominicanrepublic_cam1125abril2015_20150419_164543_img_1953.jpg;0
\vacia\NOANIMAL_ZOO_1_4\26_20201020 (10632).JPG;0
\vacia\NOANIMAL_ZOO_1_4\6_20201116 (4916).JPG;0
\vacia\NOANIMAL_ZOO_1_4\6_20201812 (11412).JPG;0
\vacia\NOANIMAL_ZOO_1_4\34_20210115 (8863).JPG;0
\vacia\vacia_Paco_Carro_JC\01100589.JPG;0
\vacia\NOANIMAL_ZOO_5_6_7_9\24_20210615 (20537).JPG;0
\jabali\WILDBOAR_ZOO_1_4\21_20201025 (2550).JPG;1
\vacia\empty_IslandConservationCameraTraps\dominicanrepublic_cam0425abril2015_20130828_044754_sunp6828.jpg;0
\vacia\vacia_alumno_AM_2\30_20201021 (3695).JPG;0
\cervidae\CERVIDREDORFALLOWDEER_ZOO_1_4\21_20201025 (3616).JPG;1
\ave\ave_ave_WellingtonCameraTraps_SS\180916134946012a5174.JPG;1
\cervidae\CERVIDREDORFALLOWDEER_ZOO_5_6_7_9\19_20210417 (1493).JPG;1
\cervidae\CERVIDREDORFALLOWDEER_ZOO_1_4\15_20201215 (3936).JPG;1
\cervidae\cervidae_ME_rev_3_donana\10_20201019 (1212).JPG;1
\vacia\NOANIMAL_ZOO_5_6_7_9\28_20210417 (5350).JPG;0
\vacia\empty_SnapshotKruger\KRU_S1_21_R1_IMAG0035.JPG;0
\vacia\NOANIMAL_ZOO_1_4\13_20201219 (247).JPG;0
\vacia\vacia_alumno_2_AM\Neovis 2_frame140.jpg;0
\vacia\NOANIMAL_ZOO_5_6_7_9\50_20210417 (25754).JPG;0
\micromamiferos\rodent_CaltechCameraTrap_JC\Roedor_ rodent_CaltechCameraTrap_JC\597fef48-23d2-11e8-a6a3-ec086b02610b.jpg;1
\gato_domestico\gato_WellingtonCameraTraps_SS\151215075944014b5021.JPG;1
\humanovehiculo\humanovehiculo_leo_donana\0003052.JPG;1
\vacia\empty_caltechCameraTraps\5954abad-23d2-11e8-a6a3-ec086b02610b.jpg;0
\vacia\empty_IslandConservationCameraTraps\ecuador1_ic1611_20150101_000002_img_3044.jpg;0
\cervidae\CERVIDREDORFALLOWDEER_ZOO_1_4\34_20201024 (4715).JPG;1
\vacia\NOANIMAL_ZOO_1_4\7_20210115 (4207).JPG;0
\humanovehiculo\humanos_Paco_Carro_JC\01020032.JPG;1
\jabali\WILDBOAR_ZOO_5_6_7_9\28_20210615 (124).JPG;1
\zorro\zorro_PNC_2014_manuel\c25934IM000150.JPG;1
\jabali\jabali_PNC_2014_manuel\c30531IM000075.JPG;1
\vaca\COW_ZOO_1_4\26_20201117 (722).JPG;1
\leporido\rabbit_CaltechCameraTrap_ME\586fdbf2-23d2-11e8-a6a3-ec086b02610b.jpg;1
\vacia\Nothing_mammalWeb\15145.jpg;0
\vacia\NOANIMAL_ZOO_1_4\6_20201812 (10651).JPG;0
\zorro\REDFOX_ZOO_5_6_7_9\31_20210318 (420).JPG;1
\jabali\WILDBOAR_ZOO_1_4\37_20201116 (14203).JPG;1
\humanovehiculo\car_CaltechCameraTrap_ME\humanovehiculo\58b4a9df-23d2-11e8-a6a3-ec086b02610b.jpg;1
\ave\ave_ave_WellingtonCameraTraps_SS\051016165916012a5173.JPG;1
\leporido\rabbit_CaltechCameraTrap_ME\59cf46d5-23d2-11e8-a6a3-ec086b02610b.jpg;1
\vacia\vacias_1_de_2_PNC_2012_ISAAC\a49768IM000207.JPG;0
\garduna\garduna_PNM_2013-O_ME\f18877IM000727.JPG;1
\micromamiferos\micromamiferos_Paco_Carro_JC\PICT2044.JPG;1
\vacia\vacias_1_de_2_PNC_2012_ISAAC\a35732IMAG0009.JPG;0
\zorro\zorro_PNC_2012_JC\a2339IM000132.JPG;1
\cervidae\CERVIDREDORFALLOWDEER_ZOO_1_4\21_20201025 (1789).JPG;1
\mapache\raccoon_CaltechCameraTrap_ME\5a1e52e6-23d2-11e8-a6a3-ec086b02610b.jpg;1
\vacia\empty_IslandConservationCameraTraps\dominicanrepublic_cam0425abril2015_20130819_004127_sunp3035.jpg;0
\vacia\empty_SnapshotKaroo\KAR_S1_C03_R1_IMAG0661.JPG;0
\vacia\empty_SnapshotMountainZebra\MTZ_S1_B05_R3_IMAG4629.JPG;0
\jabali\WILDBOAR_ZOO_1_4\11_20201217 (194).JPG;1
\jabali\WILDBOAR_ZOO_5_6_7_9\28_20210417 (540).JPG;1
\leporido\Rabbit_mammalWeb\62545.jpg;1
\vacia\empty_SnapshotKaroo\KAR_S1_B03_R1_IMAG0487.JPG;0
\leporido\conejo_WellingtonCameraTraps_SS\3006152159320858L012.JPG;1
\vacia\NOANIMAL_ZOO_1_4\7_20210115 (3577).JPG;0
\vacia\Nothing_mammalWeb\34100.jpg;0
\vacia\empty_caltechCameraTraps\5a02fbd7-23d2-11e8-a6a3-ec086b02610b.jpg;0
\jabali\jabali_alumno_2_2_TH_JC\28_20201019 (1865).JPG;1
\vacia\NOANIMAL_ZOO_1_4\7_20210115 (2472).JPG;0
\vacia\empty_IslandConservationCameraTraps\dominicanrepublic_cam11518mayo2017a_20170114_100017_img_0183.jpg;0
\humanovehiculo\HUMANORVEHICLE_ZOO_5_6_7_9\8_20210219 (19125) (2021_04_15 06_16_22 UTC).JPG;1
\cervidae\CERVIDREDORFALLOWDEER_ZOO_5_6_7_9\17_20210218 (205) (2021_04_15 06_16_22 UTC).JPG;1
\vacia\NOANIMAL_ZOO_1_4\37_20201024 (2287).JPG;0
\lince\Lince_a_Linces2_Leo_JC\Lince68 (73).JPG;1
\humanovehiculo\humano_vehiculo_PNC_2013-I_ISAAC\87IM000086.JPG;1
\vacia\vacias_1_de_2_PNC_2012_ISAAC\a49742IM000179.JPG;0
\vacia\vacia_javi_2_JC\27_20201023 (6136).JPG;0
\cervidae\CERVIDREDORFALLOWDEER_ZOO_5_6_7_9\18_20210417 (3031).JPG;1
\ave\rooster_IslandConservationCameraTraps\palau_cam02a12132018_20181205_072238_rcnx1642.jpg;1
\vacia\vacia_Paco_Carro_JC\IMG_1249.JPG;0
\vacia\empty_SnapshotMountainZebra\MTZ_S1_E06_R3_IMAG1703.JPG;0
\cervidae\ciervo_PNM_2012_ME\d2491IM000787.JPG;1
\leporido\rabbit_CaltechCameraTrap_ME\5a02fa95-23d2-11e8-a6a3-ec086b02610b.jpg;1
\cervidae\2_ciervo_Javi_3_JC\10_20201019 (1304).JPG;1
\vacia\NOANIMAL_ZOO_5_6_7_9\25_20210417 (2354).JPG;0
\vacia\empty_caltechCameraTraps\59d5b51d-23d2-11e8-a6a3-ec086b02610b.jpg;0
\zorro\REDFOX_ZOO_1_4\32_20201117 (206).JPG;1
\vacia\NOANIMAL_ZOO_1_4\21_20201025 (3916).JPG;0
\vacia\vacias_PNM_2013-O_ISAAC\f10584IMAG0092.JPG;0
\leporido\2_conejo_Paco_Carro_JC\PICT1677 (2).JPG;1
\cervidae\CERVIDREDORFALLOWDEER_ZOO_1_4\32_20201117 (185).JPG;1
\jabali\jabali_PNC_2014_manuel\c4164IMAG0094.JPG;1
\cervidae\CERVIDREDORFALLOWDEER_ZOO_5_6_7_9\18_20210219 (4565) (2021_04_15 06_16_22 UTC).JPG;1
\zorro\Zorro_PNC_2014_JC\c4805IM000069.JPG;1
\vacia\NOANIMAL_ZOO_5_6_7_9\20_20210319 (2571).JPG;0
\garduna\garduna_PNM_2013-O_ME\f4344IM000016.JPG;1
\vacia\NOANIMAL_ZOO_5_6_7_9\21_20210615 (2290).JPG;0
\cervidae\CERVIDREDORFALLOWDEER_ZOO_5_6_7_9\5_20210417 (2174).JPG;1
\cervidae\CERVIDREDORFALLOWDEER_ZOO_1_4\18_20210115 (2223).JPG;1
\vacia\NOANIMAL_ZOO_1_4\7_20210115 (3648).JPG;0
\vacia\empty_IslandConservationCameraTraps\dominicanrepublic_cam1826junio2015_20150505_121525_img_2825.jpg;0
\vacia\NOANIMAL_ZOO_5_6_7_9\25_20210417 (8697).JPG;0
\zorro\zorro_PNC_2013-I_RED_ME\6015IM000073.JPG;1
\lince\Lince_a_Linces2_Leo_JC\lince76 (7).JPG;1
\ave\ave_alumno_1_TH\Erirub 04_frame100.jpg;1
\jabali\WILDBOAR_ZOO_1_4\37_20201116 (6036).JPG;1
\caballo\caballos_alumno_AM\caballos_alumno_AM\28_20201117 (669).JPG;1
\vacia\vacia_vacías_humanos_PNC_2012_ME\a31550IM000880.JPG;0
\ave\ave_ave_WellingtonCameraTraps_SS\090916140336046bs521.JPG;1
\vacia\empty_IslandConservationCameraTraps\dominicanrepublic_cam0425abril2015_20130808_021434_sunp0775.jpg;0
\vacia\NOANIMAL_ZOO_1_4\16_20201221 (247).JPG;0
\vacia\empty_caltechCameraTraps\59642039-23d2-11e8-a6a3-ec086b02610b.jpg;0
\lince\linces_fecha_Linces2_Leo_JC\2_Lince_flecha_Linces2_Leo_JC\lince130 (519).JPG;1
\vacia\empty_caltechCameraTraps\5a2e1289-23d2-11e8-a6a3-ec086b02610b.jpg;0
\vacia\NOANIMAL_ZOO_1_4\38_20201117 (565).JPG;0
\vacia\SnampshotEnonkishu\ENO_S1_D06_R1_IMAG5332.JPG;0
\vacia\vacias_PNM_2013-O_ISAAC\f2896IMAG0654.JPG;0
\ave\short-eared_owl_IslandConservationCameraTraps\ecuador2_ic1605_20181024_052058_img_0230.jpg;1
\leporido\conejo_alumno_1_TH\Conejo_alumno_2_AM_JC\Orycun (6)_frame090.jpg;1
\tejon\Tejon_PEPE_IREC_JC\IMAG0254_(2).JPG;1
\cervidae\CERVIDREDORFALLOWDEER_ZOO_1_4\40_20201215 (2944).JPG;1
\humanovehiculo\humanovehiculo_leo_donana\0005619.JPG;1
\vacia\empty_SnapshotMountainZebra\MTZ_S1_G04_R3_IMAG0762.JPG;0
\vaca\COW_ZOO_5_6_7_9\21_20210418 (4084).JPG;1
\cervidae\CERVIDREDORFALLOWDEER_ZOO_5_6_7_9\19_20210319 (761).JPG;1
\vacia\NOANIMAL_ZOO_5_6_7_9\50_20210408 (7482).JPG;0
\gato_domestico\gato_WellingtonCameraTraps_SS\2904152352440699S243.JPG;1
\vacia\vacia_javi_2_JC\27_20201023 (6956).JPG;0
\vacia\NOANIMAL_ZOO_1_4\37_20201215 (24).JPG;0
\ave\rooster_IslandConservationCameraTraps\palau_cam13a12132018_20180913_101954_rcnx0365.jpg;1
\vacia\NOANIMAL_ZOO_5_6_7_9\32_20210218 (5139) (2021_04_15 06_16_22 UTC).JPG;0
\lince\Lince_a_Linces2_Leo_JC\Lince48 (38).JPG;1
\cervidae\CERVIDREDORFALLOWDEER_ZOO_1_4\21_20201119 (3453).JPG;1
\vaca\cow_CaltechCameraTrap\5949cff6-23d2-11e8-a6a3-ec086b02610b.jpg;1
\tejon\badger_caltechCameraTraps\59d8ebe4-23d2-11e8-a6a3-ec086b02610b.jpg;1
\jabali\WILDBOAR_ZOO_5_6_7_9\37_20210319 (708).JPG;1
\vacia\NOANIMAL_ZOO_1_4\6_20201116 (4533).JPG;0
\lince\Lince_b_Linces2_Leo_JC\lince151 (11).JPG;1
\zorro\zorro_vacías_humanos_PNC_2012_ME\a30627IM000048.JPG;1
\jabali\WILDBOAR_ZOO_1_4\37_20201116 (2347).JPG;1
\vacia\vacia_alumno_AM_2\30_20201021 (12990).JPG;0
\caballo\HORSE_ZOO_1_4\15_20210117 (1574).JPG;1
\vacia\NOANIMAL_ZOO_5_6_7_9\50_20210408 (3140).JPG;0
\meloncillo\2_meloncillo_PNM_2013-O_ME\f10971IM000088.JPG;1
\vacia\NOANIMAL_ZOO_1_4\25_20210115 (2462).JPG;0
\cervidae\CERVIDREDORFALLOWDEER_ZOO_5_6_7_9\10_20210319 (4948).JPG;1
\cervidae\CERVIDREDORFALLOWDEER_ZOO_5_6_7_9\19_20210319 (2800).JPG;1
\vacia\NOANIMAL_ZOO_5_6_7_9\25_20210319 (214).JPG;0
\vacia\NOANIMAL_ZOO_1_4\13_20201219 (243).JPG;0
\caballo\HORSE_ZOO_5_6_7_9\15_20210219 (8780) (2021_04_15 06_16_22 UTC).JPG;1
\leporido\rabbit_CaltechCameraTrap_ME\5a116c24-23d2-11e8-a6a3-ec086b02610b.jpg;1
\mapache\raccoon_CaltechCameraTrap_ME\59ec55d4-23d2-11e8-a6a3-ec086b02610b.jpg;1
\cervidae\CERVIDREDORFALLOWDEER_ZOO_1_4\29_20201117 (583).JPG;1
\cervidae\ciervo_PNC_2013-O_RED_ISAAC\b17935IM000239.JPG;1
\ave\ave_PNC_2014_manuel\c11120FILE0051.JPG;1
\lince\linces_fecha_Linces2_Leo_JC\2_Lince_flecha_Linces2_Leo_JC\lince176 (21).JPG;1
\vacia\empty_SnapshotCamdeboo\CDB_S1_F03_R2_IMAG0005.JPG;0
\vacia\NOANIMAL_ZOO_5_6_7_9\11_20210418 (3647).JPG;0
\jabali\WILDBOAR_ZOO_1_4\20_20210115 (1587).JPG;1
\ave\bird_CaltechCameraTrap\59293002-23d2-11e8-a6a3-ec086b02610b.jpg;1
\vacia\NOANIMAL_ZOO_1_4\6_20201116 (4903).JPG;0
\lince\linces_fecha_Linces2_Leo_JC\2_Lince_flecha_Linces2_Leo_JC\lince115 (113).JPG;1
\cervidae\ciervo_PNC_2014_ISAAC\c24344IMAG0081.JPG;1
\humanovehiculo\humano_vehiculo_PNM_2013-O_ISAAC\f21265IM000763.JPG;1
\vacia\empty_SnapshotMountainZebra\MTZ_S1_F04_R3_IMAG0048.JPG;0
\jabali\jabali_javi_JC\28_20201019 (1568).JPG;1
\humanovehiculo\humano_vehiculo_PNC_2013-I_ISAAC\5278IMAG0007.JPG;1
\vacia\NOANIMAL_ZOO_5_6_7_9\18_20210417 (9498).JPG;0
\vacia\empty_SnapshotKaroo\KAR_S1_F02_R1_IMAG4332.JPG;0
\cervidae\Ciervo_PNC_2012_JC\a3548IM000097.JPG;1
\vacia\empty_IslandConservationCameraTraps\dominicanrepublic_cam0425abril2015_20130727_005128_sunp0003.jpg;0
\micromamiferos\rat_IslandConservationCameraTraps\micronesia_cam08_cam08june2019_20190629165804_rcnx0016.jpg;1
\vaca\COW_ZOO_1_4\6_20201116 (1048).JPG;1
\caballo\caballo_Paco_Carro_JC\PICT0756.JPG;1
\gato_domestico\gato_WellingtonCameraTraps_SS\29091517394202375951.JPG;1
\cervidae\2_corzo_alumno_2_AM_JC\DSCF0052_frame020.jpg;1
\vacia\NOANIMAL_ZOO_1_4\6_20201812 (10886).JPG;0
\micromamiferos\rat_IslandConservationCameraTraps\dominicanrepublic_cam10717mayo2017_20170320_234438_img_0008.jpg;1
\vacia\vacias_1_de_2_PNC_2012_ISAAC\a39368IMAG1120.JPG;0
\vacia\NOANIMAL_ZOO_5_6_7_9\2_20210417 (36).JPG;0
\vacia\empty_caltechCameraTraps\59a94c59-23d2-11e8-a6a3-ec086b02610b.jpg;0
\vacia\empty_SnapshotMountainZebra\MTZ_S1_D05_R1_IMAG2079.JPG;0
\vaca\cow_CaltechCameraTrap\58d7a2ae-23d2-11e8-a6a3-ec086b02610b.jpg;1
\jabali\WILDBOAR_ZOO_1_4\37_20201116 (7306).JPG;1
\cervidae\CERVIDREDORFALLOWDEER_ZOO_1_4\1_20201220 (539).JPG;1
\cervidae\corzo_alumno_1_TH\Capcap 6_frame160.jpg;1
\vacia\empty_IslandConservationCameraTraps\ecuador1_ic1611_20150101_000003_img_1310.jpg;0
\vacia\NOANIMAL_ZOO_5_6_7_9\2_20210219 (2418) (2021_04_15 06_16_22 UTC).JPG;0
\cervidae\ciervo_PNM_2012_ME\d7785IM000036.JPG;1
\vacia\vacia_Paco_Carro_JC\IMG_0558 (2).JPG;0
\vaca\COW_ZOO_5_6_7_9\21_20200113 (207) (2021_04_15 06_16_22 UTC).JPG;1
\cervidae\CERVIDREDORFALLOWDEER_ZOO_5_6_7_9\10_20210319 (11363).JPG;1
\micromamiferos\micromamiferos_Paco_Carro_JC\PICT0125.JPG;1
\vacia\empty_IslandConservationCameraTraps\ecuador1_ic1619_20181202_085729_img_1262.jpg;0
\jabali\WILDBOAR_ZOO_1_4\11_20201027 (80).JPG;1
\jabali\WILDBOAR_ZOO_5_6_7_9\11_20210218 (166) (2021_04_15 06_16_22 UTC).JPG;1
\jabali\jabali_vacías_humanos_PNC_2012_ME\a13465IM000085.JPG;1
\vacia\NOANIMAL_ZOO_5_6_7_9\25_20210417 (6791).JPG;0
\humanovehiculo\car_CaltechCameraTrap_ME\vehiculo\588717f3-23d2-11e8-a6a3-ec086b02610b.jpg;1
\vacia\NOANIMAL_ZOO_5_6_7_9\24_20210418 (11722).JPG;0
\zorro\Zorro_Pepe_IREC\Zorro_Pepe_Irec_ME\IMAG0318_(4).JPG;1
\ave\Zorzal_PNC_2013-O_ME\b4924IMAG0809.JPG;1
\cervidae\ciervo_PNM_2012_ME\d7924IMAG0032.JPG;1
\caballo\HORSE_ZOO_1_4\35_20201123 (128).JPG;1
\cervidae\CERVIDREDORFALLOWDEER_ZOO_1_4\2_20201117 (3088).JPG;1
\vaca\COW_ZOO_5_6_7_9\17_20210318 (648).JPG;1
\jabali\WILDBOAR_ZOO_5_6_7_9\20_20210219 (1167) (2021_04_15 06_16_22 UTC).JPG;1
\humanovehiculo\car_CaltechCameraTrap_ME\vehiculo\5a1e52d5-23d2-11e8-a6a3-ec086b02610b.jpg;1
\lince\Lince_a_Linces2_Leo_JC\lince125 (281).JPG;1
\ave\yellow-crowned_night_heron_IslandConservationCameraTraps\puertorico_4b_20150423_205414_img_0213.jpg;1
\vaca\COW_ZOO_1_4\28_20201218 (16110).JPG;1
\humanovehiculo\HUMANORVEHICLE_ZOO_5_6_7_9\11_20210318 (2460).JPG;1
\cervidae\ciervo_PNC_2013-I_RED_ME\9829IM000013.JPG;1
\cervidae\ciervo_simone_2\37_20201024 (658).JPG;1
\humanovehiculo\humanovehiculo_Caltech\5a07cec2-23d2-11e8-a6a3-ec086b02610b.jpg;1
\jabali\WILDBOAR_ZOO_1_4\21_20201025 (2416).JPG;1
\ave\ave_ave_WellingtonCameraTraps_SS\040816123106039b7393.JPG;1
\vacia\empty_IslandConservationCameraTraps\dominicanrepublic_cam0725abril2015a_20130812_074353_sunp1721.jpg;0
\vacia\NOANIMAL_ZOO_1_4\13_20201219 (750).JPG;0
\jabali\WILDBOAR_ZOO_1_4\29_20201023 (240).JPG;1
\tejon\Tejón_PNC_2013-O_ME\b8204FILE0039.JPG;1
\leporido\rabbit_IslandConservationCameraTraps\chile_frances022013_20052013125822.jpg;1
\garduna\garduna_PNM_2013-I_ME\e739IM000012.JPG;1
\caballo\caballos_alumno_AM\caballos_alumno_AM\2_20201215 (6128).JPG;1
\cervidae\CERVIDREDORFALLOWDEER_ZOO_5_6_7_9\22_20210417 (1169).JPG;1
\vacia\NOANIMAL_ZOO_1_4\26_20201020 (8146).JPG;0
\caballo\HORSE_ZOO_1_4\2_20201117 (246).JPG;1
\jabali\WILDBOAR_ZOO_1_4\33_20201025 (342).JPG;1
\cervidae\ciervo_PNC_2013-I_RED_ME\6239IM000122.JPG;1
\ave\rooster_IslandConservationCameraTraps\palau_cam03a08312018_20180824_142318_rcnx0101.jpg;1
\cervidae\CERVIDREDORFALLOWDEER_ZOO_1_4\21_20201025 (238).JPG;1
\humanovehiculo\HUMANORVEHICLE_ZOO_5_6_7_9\2_20210219 (12) (2021_04_15 06_16_22 UTC).JPG;1
\cervidae\ciervo_PNC_2013-O_RED_ISAAC\b16818IM000183.JPG;1
\jabali\WILDBOAR_ZOO_5_6_7_9\31_20210318 (300).JPG;1
\vacia\empty_SnapshotMountainZebra\MTZ_S1_E04_R1_IMAG0748.JPG;0
\vacia\NOANIMAL_ZOO_1_4\34_20210115 (1947).JPG;0
\cervidae\ciervo_vacías_humanos_PNC_2012_ME\a18565IM000160.JPG;1
\vacia\Nothing_mammalWeb\9475.jpg;0
\vacia\Vacias_Mel_PEPE_IREC_JC\IMAG0516.JPG;0
\vacia\empty_SnapshotMountainZebra\MTZ_S1_D05_R1_IMAG2884.JPG;0
\cervidae\ciervo_Javi_3_JC\8_20201029 (47).JPG;1
\vacia\empty_IslandConservationCameraTraps\dominicanrepublic_cam0725abril2015a_20130813_063610_sunp4680.jpg;0
\vacia\empty_IslandConservationCameraTraps\dominicanrepublic_cam1826junio2015_20150505_122744_img_2895.jpg;0
\vacia\empty_IslandConservationCameraTraps\dominicanrepublic_cam1725abril2015_20150414_071039_img_0511.jpg;0
\vacia\NOANIMAL_ZOO_5_6_7_9\39_20210417 (3616).JPG;0
\leporido\conejo_Paco_Carro_JC\PICT1442.JPG;1
\cervidae\CERVIDREDORFALLOWDEER_ZOO_1_4\18_20210115 (2811).JPG;1
\jabali\WILDBOAR_ZOO_1_4\15_20210117 (8052).JPG;1
\ave\ave_Soraya_Padilla_Alumno_1_TH\STC_0051_frame220.jpg;1
\jabali\jabali_revGinetasJC_REV1_4_donana\7_20201217 (670).JPG;1
\cervidae\ciervo_Paco_Carro_JC\PICT0071.JPG;1
\jabali\WILDBOAR_ZOO_1_4\37_20201116 (7986).JPG;1
\vacia\vacias_1_de_2_PNC_2012_ISAAC\a43842IM000642.JPG;0
\tejon\tejon_alumno_2_AM_JC\STC_0205_frame010.jpg;1
\caballo\caballos_javier_JC\2_20201117 (5179).JPG;1
\gato_domestico\gato_WellingtonCameraTraps_SS\28091512204002359702.JPG;1
\vacia\empty_IslandConservationCameraTraps\ecuador1_ic1611_20150101_000004_img_0560.jpg;0
\leporido\rabbit_CaltechCameraTrap_ME\59641d58-23d2-11e8-a6a3-ec086b02610b.jpg;1
\vacia\vacia_alumno_2_2_TH_JC\27_20201023 (5889).JPG;0
\leporido\rabbit_CaltechCameraTrap_ME\5892b6e5-23d2-11e8-a6a3-ec086b02610b.jpg;1
\vacia\NOANIMAL_ZOO_1_4\6_20201812 (8193).JPG;0
\jabali\WILDBOAR_ZOO_1_4\37_20201116 (7099).JPG;1
\vacia\empty_caltechCameraTraps\597b487b-23d2-11e8-a6a3-ec086b02610b.jpg;0
\vacia\empty_SnapshotMountainZebra\MTZ_S1_D06_R1_IMAG2291.JPG;0
\cervidae\ciervo_vacías_humanos_PNC_2012_ME\a35254IM000104.JPG;1
\vaca\COW_ZOO_5_6_7_9\21_20200113 (1887) (2021_04_15 06_16_22 UTC).JPG;1
\jabali\WILDBOAR_ZOO_1_4\20_20201215 (331).JPG;1
\vacia\NOANIMAL_ZOO_1_4\10_20201019 (2046).JPG;0
\vacia\NOANIMAL_ZOO_1_4\2_20210115 (4334).JPG;0
\caballo\caballos_javier_JC\35_20201218 (206).JPG;1
\vacia\vacia_alumno_TH_3_TH_JC\30_20201021 (7033).JPG;0
\zorro\zorro_vacías_humanos_PNC_2012_ME\a29867IM000047.JPG;1
\micromamiferos\rat_IslandConservationCameraTraps\micronesia_cam08_cam08june2019_20190630065328_rcnx0144.jpg;1
\lince\Lince_a_Linces2_Leo_JC\Lince60 (315).JPG;1
\jabali\jabali_PNC_2014_manuel\c6128IM000082.JPG;1
\vacia\empty_IslandConservationCameraTraps\dominicanrepublic_cam0425abril2015_20130816_020722_sunp2798.jpg;0
\vacia\NOANIMAL_ZOO_1_4\7_20210115 (980).JPG;0
\cervidae\deer_CaltechCameraTrap\59a49ad7-23d2-11e8-a6a3-ec086b02610b.jpg;1
\vacia\empty_SnapshotMountainZebra\MTZ_S1_C04_R3_IMAG0164.JPG;0
\vacia\NOANIMAL_ZOO_5_6_7_9\24_20210418 (17132).JPG;0
\gato_domestico\gato_WellingtonCameraTraps_SS\06101504323802375951.JPG;1
\zorro\Zorro_Pepe_IREC\Zorro_Pepe_Irec_ME\IMAG1186_(2).JPG;1
\cervidae\CERVIDREDORFALLOWDEER_ZOO_1_4\3_unknowndate (68).JPG;1
\cervidae\4_cervido_simone_2\34_20201024 (4721).JPG;1
\leporido\rabbit_CaltechCameraTrap_ME\58ec5771-23d2-11e8-a6a3-ec086b02610b.jpg;1
\zorro\REDFOX_ZOO_5_6_7_9\47_20210418 (368).JPG;1
\micromamiferos\spiny_rat_MissouriCameraTrap\SEQ90549_IMG_0006.JPG;1
\cervidae\CERVIDREDORFALLOWDEER_ZOO_5_6_7_9\10_20210219 (1838) (2021_04_15 06_16_22 UTC).JPG;1
\jabali\WILDBOAR_ZOO_1_4\20_20210115 (1306).JPG;1
\vacia\NOANIMAL_ZOO_1_4\6_20201812 (12510).JPG;0
\cervidae\CERVIDREDORFALLOWDEER_ZOO_1_4\29_20201117 (544).JPG;1
\vacia\empty_SnapshotMountainZebra\MTZ_S1_D07_R1_IMAG2124.JPG;0
\cervidae\CERVIDREDORFALLOWDEER_ZOO_5_6_7_9\22_20210417 (1176).JPG;1
\meloncillo\Meloncillo_PEPE_IREC_JC\IMAG0478.JPG;1
\zorro\Zorro_PNC_2014_JC\c21332IM000052.JPG;1
\vacia\NOANIMAL_ZOO_5_6_7_9\25_20210417 (5886).JPG;0
\vacia\NOANIMAL_ZOO_5_6_7_9\25_20210319 (6703).JPG;0
\meloncillo\Meloncillo_PEPE_IREC_JC\IMAG0541.JPG;1
\vacia\NOANIMAL_ZOO_5_6_7_9\39_20210615 (709).JPG;0
\vacia\NOANIMAL_ZOO_1_4\7_20210115 (3741).JPG;0
\vacia\NOANIMAL_ZOO_5_6_7_9\50_20210408 (8169).JPG;0
\leporido\conejo_WellingtonCameraTraps_SS\021116184746020bl251.JPG;1
\cervidae\corzo_alumno_2_AM_JC\STC_0009 (2)_frame210.jpg;1
\vacia\NOANIMAL_ZOO_5_6_7_9\5_20210319 (3163).JPG;0
\jabali\Jabali1_diego_1_rev_donana\29_20201023 (598).JPG;1
\vacia\NOANIMAL_ZOO_1_4\26_20201020 (12203).JPG;0
\zorro\zorro_PNC_2012_JC\a13402IM000019.JPG;1
\cervidae\cervidae_ME_rev_3_donana\26_20201020 (644).JPG;1
\ave\shearwater_IslandConservationCameraTraps\chile_vaqueria2013_2312201202617.jpg;1
\vacia\NOANIMAL_ZOO_5_6_7_9\2_20210618 (15690).JPG;0
\vacia\NOANIMAL_ZOO_5_6_7_9\38_20210417 (926).JPG;0
\lince\linces_fecha_Linces2_Leo_JC\3_Lince_flecha_Linces2_Leo_JC\lince161 (8).JPG;1
\vacia\NOANIMAL_ZOO_5_6_7_9\2_20210417 (24892).JPG;0
\vacia\empty_IslandConservationCameraTraps\ecuador1_ic1611_20150101_000004_img_1488.jpg;0
\vacia\empty_IslandConservationCameraTraps\dominicanrepublic_cam1826junio2015_20150504_134518_img_0488.jpg;0
\zorro\zorro_PNM_2012_ISAAC\d14367IMAG0013.JPG;1
\vacia\NOANIMAL_ZOO_1_4\6_20201812 (11591).JPG;0
\vacia\vacia_Paco_Carro_JC\MDGC0506.JPG;0
\vacia\NOANIMAL_ZOO_1_4\2_20201117 (3318).JPG;0
\vacia\NOANIMAL_ZOO_5_6_7_9\13_20210218 (430) (2021_04_15 06_16_22 UTC).JPG;0
\mapache\raccoon_CaltechCameraTrap_ME\59e77d0f-23d2-11e8-a6a3-ec086b02610b.jpg;1
\ave\ave_ave_WellingtonCameraTraps_SS\080216065756048c8284.JPG;1
\vacia\empty_caltechCameraTraps\59b7a640-23d2-11e8-a6a3-ec086b02610b.jpg;0
\vaca\COW_ZOO_5_6_7_9\9_20210615 (1741).JPG;1
\jabali\WILDBOAR_ZOO_1_4\20_20201215 (706).JPG;1
\zorro\fox_CaltechCameraTrap_ME\599fbef2-23d2-11e8-a6a3-ec086b02610b.jpg;1
\mapache\raccoon_CaltechCameraTrap_ME\58a53132-23d2-11e8-a6a3-ec086b02610b.jpg;1
\cervidae\CERVIDREDORFALLOWDEER_ZOO_1_4\10_20210115 (5646).JPG;1
\zorro\Red fox_mammalWeb\108794.jpg;1
\cervidae\ciervo_alumno_2_TH\34_20201024 (2870).JPG;1
\vacia\NOANIMAL_ZOO_1_4\26_20201020 (14780).JPG;0
\leporido\conejo_leo_donana\0005230.JPG;1
\lince\Lince_b_Linces2_Leo_JC\lince150 (49).JPG;1
\vacia\empty_SnapshotMountainZebra\MTZ_S1_C04_R3_IMAG0241.JPG;0
\vacia\NOANIMAL_ZOO_5_6_7_9\50_20210408 (7002).JPG;0
\cervidae\CERVIDREDORFALLOWDEER_ZOO_5_6_7_9\15_20210219 (2732) (2021_04_15 06_16_22 UTC).JPG;1
\caballo\HORSE_ZOO_1_4\15_20201117 (6673).JPG;1
\humanovehiculo\humanovehiculo_PNM_2013-I_ME\e5082IM000063.JPG;1
\jabali\jabali_buscar_cab_isaac_sin_contar\4_20201220 (8637).JPG;1
\ave\short-eared_owl_IslandConservationCameraTraps\ecuador2_ic1604_20181030_032245_img_0094.jpg;1
\vacia\empty_caltechCameraTraps\5a0c9bb6-23d2-11e8-a6a3-ec086b02610b.jpg;0
\cervidae\CERVIDREDORFALLOWDEER_ZOO_5_6_7_9\28_20210615 (2710).JPG;1
\vacia\NOANIMAL_ZOO_1_4\6_20201023 (3511).JPG;0
\vacia\vacia_alumno_AM_2\26_20201020 (679).JPG;0
\mapache\raccoon_CaltechCameraTrap_ME\590d2c17-23d2-11e8-a6a3-ec086b02610b.jpg;1
\ave\shearwater_IslandConservationCameraTraps\chile_piedra012013_31122012231935.jpg;1
\vacia\vacia_alumno_2_AM_JC\STC_0056_frame240.jpg;0
\vacia\empty_caltechCameraTraps\59ccd318-23d2-11e8-a6a3-ec086b02610b.jpg;0
\vacia\NOANIMAL_ZOO_1_4\6_20201812 (11407).JPG;0
\meloncillo\Meloncillo_PEPE_IREC_JC\IMAG0030_(12).JPG;1
\jabali\2_jabali_Paco_Carro_JC\MDGC0386.JPG;1
\vacia\NOANIMAL_ZOO_1_4\6_20201812 (14995).JPG;0
\vacia\NOANIMAL_ZOO_5_6_7_9\25_20210417 (1564).JPG;0
\micromamiferos\micromamifero_Leo_Otra_fauna_PASADA_POR_LA_RED_JC\Otrafauna (1301).JPG;1
\vacia\vacias_PNC_2014_ISAAC\c24093IMAG0036.JPG;0
\vacia\empty_IslandConservationCameraTraps\micronesia_cam04_cam04june2019_20190619045503_rcnx3384.jpg;0
\vacia\empty_SnapshotMountainZebra\MTZ_S1_C06_R3_IMAG2319.JPG;0
\cervidae\CERVIDREDORFALLOWDEER_ZOO_5_6_7_9\35_20210318 (392).JPG;1
\vacia\NOANIMAL_ZOO_5_6_7_9\11_20210615 (1485).JPG;0
\vacia\empty_IslandConservationCameraTraps\micronesia_cam04_cam04june2019_20190625191500_rcnx0537.jpg;0
\zorro\REDFOX_ZOO_5_6_7_9\33_20210615 (595).JPG;1
\vacia\NOANIMAL_ZOO_5_6_7_9\37_20210220 (645) (2021_04_15 06_16_22 UTC).JPG;0
\gato_domestico\cat_CaltechCameraTrap\58f295cc-23d2-11e8-a6a3-ec086b02610b.jpg;1
\ave\ave_ave_WellingtonCameraTraps_SS\050516115318027c8233.JPG;1
\ave\ave_Soraya_Padilla_Alumno_1_TH\DSCF0060_frame020.jpg;1
\zorro\ZORRO_PNM_2012_ISAAC\d2398IM000689.JPG;1
\vacia\NOANIMAL_ZOO_5_6_7_9\25_20210417 (1164).JPG;0
\lince\linces_fecha_Linces2_Leo_JC\2_Lince_flecha_Linces2_Leo_JC\lince197 (1).JPG;1
\cervidae\CERVIDREDORFALLOWDEER_ZOO_1_4\34_20201024 (2164).JPG;1
\vacia\vacias_1_de_2_PNC_2012_ISAAC\a38553IMAG0291.JPG;0
\humanovehiculo\humano_vehiculo_PNM_2013-O_ISAAC\f1795IM000007.JPG;1
\leporido\rabbit_CaltechCameraTrap_ME\59b7a83d-23d2-11e8-a6a3-ec086b02610b.jpg;1
\vacia\NOANIMAL_ZOO_5_6_7_9\20_20210319 (9817).JPG;0
\vacia\vacia_alumno_1_AM\40_20201024 (426).JPG;0
\zorro\zorro_PNM_2013-I_ME\e3502IM000043.JPG;1
\vacia\NOANIMAL_ZOO_1_4\22_20201022 (932).JPG;0
\ave\ave_ave_WellingtonCameraTraps_SS\060816134922001b9702.JPG;1
\micromamiferos\Small rodent_mammalWeb\41794.jpg;1
\vacia\SnampshotEnonkishu\ENO_S1_D06_R1_IMAG2551.JPG;0
\ave\ave_ave_WellingtonCameraTraps_SS\070416110714025bs222.JPG;1
\vacia\empty_caltechCameraTraps\59673668-23d2-11e8-a6a3-ec086b02610b.jpg;0
\vacia\empty_caltechCameraTraps\5a02fc75-23d2-11e8-a6a3-ec086b02610b.jpg;0
\cervidae\CERVIDREDORFALLOWDEER_ZOO_5_6_7_9\38_20210618 (267).JPG;1
\vacia\empty_SnapshotMountainZebra\MTZ_S1_C06_R3_IMAG0880.JPG;0
\vacia\vacias_2_de_2_PNC_2012_ISAAC\a5960IM000772.JPG;0
\zorro\Red Fox_ena24\3279.jpg;1
\vacia\vacias_PNM_2013-O_ISAAC\f2254IMAG0024.JPG;0
\ave\bird_CaltechCameraTrap\5a2e122e-23d2-11e8-a6a3-ec086b02610b.jpg;1
\vaca\cow_CaltechCameraTrap\5914ef08-23d2-11e8-a6a3-ec086b02610b.jpg;1
\cervidae\CERVIDREDORFALLOWDEER_ZOO_5_6_7_9\24_20210318 (3159).JPG;1
\jabali\WILDBOAR_ZOO_1_4\10_20210115 (3019).JPG;1
\cervidae\Ciervo_PNC_2014_JC\c19321IMAG0088.JPG;1
\vacia\empty_SnapshotMountainZebra\MTZ_S1_E06_R3_IMAG0910.JPG;0
\caballo\HORSE_ZOO_1_4\15_20201117 (4454).JPG;1
\cervidae\deer_CaltechCameraTrap\59641ea9-23d2-11e8-a6a3-ec086b02610b.jpg;1
\vacia\NOANIMAL_ZOO_5_6_7_9\2_20210417 (7247).JPG;0
\cervidae\CERVIDREDORFALLOWDEER_ZOO_5_6_7_9\9_20210218 (487) (2021_04_15 06_16_22 UTC).JPG;1
\leporido\conejo_Paco_Carro_JC\PICT1736.JPG;1
\vacia\NOANIMAL_ZOO_5_6_7_9\5_20210417 (183).JPG;0
\zorro\zorro_PNM_2013-O_ISAAC\f2833IMAG0620.JPG;1
\ave\OTHERSPECIES_ZOO_5_6_7_9\18_20210319 (1180).JPG;1
\leporido\rabbit_CaltechCameraTrap_ME\58b9d711-23d2-11e8-a6a3-ec086b02610b.jpg;1
\jabali\jabali_PNC_2014_manuel\c24138IMAG0125.JPG;1
\leporido\2_conejo_alumno_2_AM_JC\Orycun (23)_frame120.jpg;1
\ave\white-winged_dove_IslandConservationCameraTraps\dominicanrepublic_cam1226junio2015_20150515_112936_img_0384.jpg;1
\vacia\NOANIMAL_ZOO_5_6_7_9\15_20210219 (4364) (2021_04_15 06_16_22 UTC).JPG;0
\vacia\empty_SnapshotMountainZebra\MTZ_S1_E06_R3_IMAG0251.JPG;0
\leporido\conejo_Paco_Carro_JC\PICT1655.JPG;1
\cervidae\ciervo_PNC_2013-O_RED_ISAAC\b15696IM000043.JPG;1
\cervidae\ciervo_PNC_2013-O_RED_ISAAC\b13659IM000075.JPG;1
\jabali\WILDBOAR_ZOO_1_4\22_20210115 (747).JPG;1
\gato_domestico\gato_WellingtonCameraTraps_SS\260616121820046a7351.JPG;1
\cervidae\corzo_alumno_2_AM_JC\DSCF0084_frame136.jpg;1
\jabali\Jabali_PNM_2013-0_ME\f28060IMAG0522.JPG;1
\cervidae\Ciervo_PNC_2014_JC\c10458IM000032.JPG;1
\caballo\HORSE_ZOO_1_4\15_20210117 (13837).JPG;1
\ave\bird_CaltechCameraTrap\591678ae-23d2-11e8-a6a3-ec086b02610b.jpg;1
\caballo\HORSE_ZOO_5_6_7_9\46_20210618 (288).JPG;1
\cervidae\deer_CaltechCameraTrap\593d6982-23d2-11e8-a6a3-ec086b02610b.jpg;1
\vacia\empty_IslandConservationCameraTraps\dominicanrepublic_cam1826junio2015_20150505_060725_img_0796.jpg;0
\ave\ave_Soraya_Padilla_Alumno_1_TH\DSCF0026_frame060.jpg;1
\vacia\NOANIMAL_ZOO_1_4\34_20210115 (1450).JPG;0
\vacia\NOANIMAL_ZOO_1_4\6_20201812 (8911).JPG;0
\jabali\WILDBOAR_ZOO_1_4\37_20201215 (362).JPG;1
\zorro\zorro_PNM_2013-I_ME\e557IM000063.JPG;1
\jabali\WILDBOAR_ZOO_1_4\20_20210115 (911).JPG;1
\vacia\NOANIMAL_ZOO_1_4\26_20201020 (12101).JPG;0
\vacia\NOANIMAL_ZOO_1_4\15_20201117 (8799).JPG;0
\vacia\NOANIMAL_ZOO_5_6_7_9\32_20210615 (1217).JPG;0
\vacia\empty_SnapshotMountainZebra\MTZ_S1_D07_R1_IMAG1330.JPG;0
\vacia\vacia_alumno_1_AM\10_20201019 (300).JPG;0
\vacia\empty_IslandConservationCameraTraps\dominicanrepublic_cam2215febrero2016_20160215_093603_img_0030.jpg;0
\vacia\NOANIMAL_ZOO_5_6_7_9\19_20210417 (970).JPG;0
\vacia\vacio_Saul Martin_FRAMES_SIN_REPETIDOS_REVISADOS_DIEGO\IMAG0023_frame260 - copia.jpg;0
\cervidae\CERVIDREDORFALLOWDEER_ZOO_5_6_7_9\28_20210615 (1958).JPG;1
\cervidae\CERVIDREDORFALLOWDEER_ZOO_5_6_7_9\19_20210417 (1969).JPG;1
\jabali\WILDBOAR_ZOO_1_4\18_20210115 (3962).JPG;1
\zorro\REDFOX_ZOO_5_6_7_9\31_20210318 (462).JPG;1
\vacia\empty_IslandConservationCameraTraps\dominicanrepublic_cam1826junio2015_20150505_133320_img_3172.jpg;0
\vacia\vacia_Paco_Carro_JC\IMG_0841.JPG;0
\cervidae\6_ciervo_alumno_2_TH\21_20201025 (1172).JPG;1
\vacia\NOANIMAL_ZOO_1_4\10_20201019 (1828).JPG;0
\leporido\rabbit_IslandConservationCameraTraps\chile_frances022013_20042013152044.jpg;1
\zorro\zorro_vacías_humanos_PNC_2012_ME\a52311IM000109.JPG;1
\vacia\NOANIMAL_ZOO_5_6_7_9\35_20210218 (1046) (2021_04_15 06_16_22 UTC).JPG;0
\vacia\NOANIMAL_ZOO_5_6_7_9\24_20210615 (9137).JPG;0
\jabali\Jabali_PNC_2012_JC\a40699IM000037.JPG;1
\ave\ave_ave_WellingtonCameraTraps_SS\190716113950002cs143.JPG;1
\vacia\vacia_Paco_Carro_JC\IMG_0203.JPG;0
\ave\shearwater_IslandConservationCameraTraps\chile_vaqueria2013_1612201230557.jpg;1
\vaca\COW_ZOO_1_4\2_20210115 (3563).JPG;1
\vacia\NOANIMAL_ZOO_1_4\43_20201217 (2043).JPG;0
\jabali\WILDBOAR_ZOO_1_4\10_20201117 (517).JPG;1
\leporido\rabbit_IslandConservationCameraTraps\chile_frances022013_2805201381503.jpg;1
\vacia\NOANIMAL_ZOO_5_6_7_9\18_20210417 (9577).JPG;0
\vacia\NOANIMAL_ZOO_5_6_7_9\24_20210615 (21365).JPG;0
\zorro\zorro_PNC_2014_manuel\c4395IM000036.JPG;1
\vacia\NOANIMAL_ZOO_1_4\2_20210115 (7793).JPG;0
\vacia\NOANIMAL_ZOO_1_4\15_20210117 (6736).JPG;0
\lince\Lince_b_Linces2_Leo_JC\lince178 (59).JPG;1
\zorro\zorro_PNC_2013-I_ME\5348IMAG0076.JPG;1
\leporido\rabbit_CaltechCameraTrap_ME\5a0c9bf1-23d2-11e8-a6a3-ec086b02610b.jpg;1
\ave\shearwater_IslandConservationCameraTraps\chile_piedra012013_2212201245057.jpg;1
\tejon\Tejon_PEPE_IREC_JC\IMAG0077_(10).JPG;1
\vacia\empty_caltechCameraTraps\5a29639f-23d2-11e8-a6a3-ec086b02610b.jpg;0
\meloncillo\Meloncillo_PEPE_IREC_JC\IMAG0556.JPG;1
\vacia\vacias_PNM_2013-O_ISAAC\f16873IMAG0853.JPG;0
\micromamiferos\rodent_CaltechCameraTrap_JC\Roedor_ rodent_CaltechCameraTrap_JC\58fd7af5-23d2-11e8-a6a3-ec086b02610b.jpg;1
\vacia\vacio_Saul Martin_FRAMES_SIN_REPETIDOS_REVISADOS_DIEGO\IMAG0020_frame340.jpg;0
\lince\Lince_a_Linces2_Leo_JC\lince103 (104).JPG;1
\humanovehiculo\humanovehiculo_PNM_2013-I_ME\e1511IM000009.JPG;1
\cervidae\CERVIDREDORFALLOWDEER_ZOO_1_4\18_20210115 (6597).JPG;1
\humanovehiculo\HUMANORVEHICLE_ZOO_5_6_7_9\18_20210616 (4).JPG;1
\meloncillo\meloncillo_PNM_2012_ISAAC\d30FILE0031.JPG;1
\vacia\empty_SnapshotMountainZebra\MTZ_S1_D05_R1_IMAG2102.JPG;0
\cervidae\CERVIDREDORFALLOWDEER_ZOO_1_4\19_20210115 (123).JPG;1
\ave\Carbonero_comun_PNC_2014_JC\c10999FILE0055.JPG;1
\vacia\vacias_2_de_2_PNC_2012_ISAAC\a3763IM000116.JPG;0
\caballo\caballos_alumno_AM\caballos_alumno_AM\2_20201215 (3326).JPG;1
\caballo\HORSE_ZOO_1_4\28_20201117 (610).JPG;1
\cervidae\Ciervo_PNC_2013-O_ME\b18030IM000090.JPG;1
\jabali\jabali_javi_JC\37_20201024 (8231).JPG;1
\vacia\Nothing_mammalWeb\9422.jpg;0
\vacia\empty_IslandConservationCameraTraps\dominicanrepublic_cam1826julio2015_20150713_094125_img_2115.jpg;0
\cervidae\CERVIDREDORFALLOWDEER_ZOO_1_4\35_20201218 (55).JPG;1
\humanovehiculo\humanovehiculo_Caltech\59e5e1ea-23d2-11e8-a6a3-ec086b02610b.jpg;1
\vacia\NOANIMAL_ZOO_1_4\6_20201812 (14870).JPG;0
\humanovehiculo\HUMANORVEHICLE_ZOO_5_6_7_9\33_20210318 (12).JPG;1
\cervidae\CERVIDREDORFALLOWDEER_ZOO_5_6_7_9\15_20210219 (10699) (2021_04_15 06_16_22 UTC).JPG;1
\jabali\WILDBOAR_ZOO_5_6_7_9\15_20210219 (10546) (2021_04_15 06_16_22 UTC).JPG;1
\leporido\Rabbit_mammalWeb\162698.jpg;1
\humanovehiculo\car_CaltechCameraTrap_ME\vehiculo\586fdccc-23d2-11e8-a6a3-ec086b02610b.jpg;1
\jabali\jabali_javi_JC\31_20201023 (231).JPG;1
\vacia\NOANIMAL_ZOO_5_6_7_9\31_20210417 (1235).JPG;0
\cervidae\Ciervo_PNC_2013-O_ME\b14420IM000104.JPG;1
\ave\ave_ave_WellingtonCameraTraps_SS\010116145302043c1603.JPG;1
\leporido\LEPORIDRABBITORHARE_ZOO_1_4\6_20201116 (4342).JPG;1
\gato_domestico\cat_CaltechCameraTrap\5987b4b9-23d2-11e8-a6a3-ec086b02610b.jpg;1
\vacia\NOANIMAL_ZOO_5_6_7_9\50_20210417 (20786).JPG;0
\cervidae\Ciervo_PNC_2013-O_ME\b16456IM000064.JPG;1
\vacia\NOANIMAL_ZOO_5_6_7_9\2_20210417 (16455).JPG;0
\ave\ave_Soraya_Padilla_Alumno_1_TH\STC_0040_frame100.jpg;1
\vacia\NOANIMAL_ZOO_5_6_7_9\24_20210615 (15983).JPG;0
\jabali\WILDBOAR_ZOO_1_4\29_20201023 (969).JPG;1
\vacia\vacias_1_de_2_PNC_2012_ISAAC\a38400IMAG0129.JPG;0
\vacia\empty_IslandConservationCameraTraps\ecuador1_cam1612_20150216_225551_img_1626.jpg;0
\vacia\NOANIMAL_ZOO_5_6_7_9\36_20210618 (2037).JPG;0
\vacia\NOANIMAL_ZOO_5_6_7_9\32_20210417 (3317).JPG;0
\vaca\COW_ZOO_1_4\15_20201024 (7535).JPG;1
\vacia\empty_IslandConservationCameraTraps\dominicanrepublic_cam0425abril2015_20130821_043035_sunp3926.jpg;0
\jabali\WILDBOAR_ZOO_5_6_7_9\20_20210219 (990) (2021_04_15 06_16_22 UTC).JPG;1
\vacia\NOANIMAL_ZOO_5_6_7_9\20_20210319 (13365).JPG;0
\vacia\NOANIMAL_ZOO_5_6_7_9\11_20210615 (7635).JPG;0
\zorro\REDFOX_ZOO_1_4\32_20201218 (110).JPG;1
\vacia\NOANIMAL_ZOO_5_6_7_9\11_20210418 (3490).JPG;0
\humanovehiculo\humanovehiculo_PNC_2013-O_RED_ISAAC\b12538IM000038.JPG;1
\lince\linces_fecha_Linces2_Leo_JC\2_Lince_flecha_Linces2_Leo_JC\lince147 (8).JPG;1
\vacia\NOANIMAL_ZOO_5_6_7_9\47_20210404 (189).JPG;0
\ave\ave_Soraya_Padilla_Alumno_1_TH\STC_0047_frame160.jpg;1
\humanovehiculo\humanos_Paco_Carro_JC\PICT0001 (4).JPG;1
\vacia\NOANIMAL_ZOO_1_4\34_20210115 (6834).JPG;0
\vacia\NOANIMAL_ZOO_1_4\6_20201116 (4862).JPG;0
\vacia\NOANIMAL_ZOO_5_6_7_9\24_20210615 (9657).JPG;0
\jabali\WILDBOAR_ZOO_5_6_7_9\31_20210318 (67).JPG;1
\vacia\vacia_PNM_2013-O_ME\f19967IM000854.JPG;0
\vacia\NOANIMAL_ZOO_1_4\6_20201116 (4219).JPG;0
\leporido\Eastern Cottontail_ena24\820.jpg;1
\jabali\WILDBOAR_ZOO_5_6_7_9\20_20210219 (989) (2021_04_15 06_16_22 UTC).JPG;1
\ave\ave_ave_WellingtonCameraTraps_SS\2805150839560324L073.JPG;1
\vacia\NOANIMAL_ZOO_1_4\7_20210115 (4021).JPG;0
\vacia\empty_SnapshotMountainZebra\MTZ_S1_E06_R3_IMAG0534.JPG;0
\lince\Lince_b_Linces2_Leo_JC\lince144 (104).JPG;1
\vacia\NOANIMAL_ZOO_5_6_7_9\50_20210417 (24197).JPG;0
\vacia\NOANIMAL_ZOO_1_4\6_20201812 (11645).JPG;0
\cervidae\3_ciervo_simone_2\34_20201024 (4877).JPG;1
\humanovehiculo\humanovehiculo_PNC_2014_manuel\c28415FILE0073.JPG;1
\humanovehiculo\humano_vehiculo_PNM_2012_ISAAC\d1268IM000011.JPG;1
\cervidae\CERVIDREDORFALLOWDEER_ZOO_1_4\9_20210114 (1227).JPG;1
\cervidae\ciervo_simone_2\34_20201024 (6337).JPG;1
\vacia\empty_SnapshotMountainZebra\MTZ_S1_D05_R1_IMAG1984.JPG;0
\ave\ave_ave_WellingtonCameraTraps_SS\1106151544240888S483.JPG;1
\vacia\empty_IslandConservationCameraTraps\dominicanrepublic_cam1826junio2015_20150505_103335_img_2254.jpg;0
\zorro\Zorro_Pepe_IREC\Zorro_Pepe_Irec_ME\IMAG0028_(11).JPG;1
\jabali\WILDBOAR_ZOO_1_4\39_20201019 (533).JPG;1
\caballo\caballos_javier_JC\2_20201117 (3846).JPG;1
\cervidae\2_ciervo_Javi_3_JC\21_20201025 (1796).JPG;1
\vacia\vacias_PNC_2014_ISAAC\c9352IM000091.JPG;0
\vacia\NOANIMAL_ZOO_5_6_7_9\39_20210615 (931).JPG;0
\humanovehiculo\car_CaltechCameraTrap_ME\vehiculo\588dba4c-23d2-11e8-a6a3-ec086b02610b.jpg;1
\ave\ave_ave_WellingtonCameraTraps_SS\151016180610001as463.JPG;1
\vacia\NOANIMAL_ZOO_1_4\6_20201812 (8428).JPG;0
\cervidae\deer_CaltechCameraTrap\59bca69f-23d2-11e8-a6a3-ec086b02610b.jpg;1
\vacia\NOANIMAL_ZOO_5_6_7_9\20_20210319 (7416).JPG;0
\ave\American Crow_ena24\8749.jpg;1
\zorro\zorro_vacías_humanos_PNC_2012_ME\a52499IM000045.JPG;1
\gineta\gineta_Saul Martin_FRAMES_SIN_REPETIDOS_REVISADOS_DIEGO\IMAG0010_frame460.jpg;1
\vacia\empty_caltechCameraTraps\5995aec8-23d2-11e8-a6a3-ec086b02610b.jpg;0
\zorro\zorro_PNM_2013-O_ISAAC\f3181IMAG0067.JPG;1
\leporido\rabbit_CaltechCameraTrap_ME\59782fae-23d2-11e8-a6a3-ec086b02610b.jpg;1
\vacia\NOANIMAL_ZOO_1_4\26_20201020 (7183).JPG;0
\leporido\rabbit_IslandConservationCameraTraps\chile_frances022013_26052013121439.jpg;1
\vacia\vacias_1_de_2_PNC_2012_ISAAC\a39232IMAG0976.JPG;0
\vacia\empty_SnapshotMountainZebra\MTZ_S1_C06_R1_IMAG0294.JPG;0
\vacia\empty_IslandConservationCameraTraps\chile_frances022013_2104201393058.jpg;0
\zorro\Zorro_PNC_2014_JC\c3104IM000048.JPG;1
\vacia\empty_SnapshotMountainZebra\MTZ_S1_D05_R1_IMAG1519.JPG;0
\jabali\WILDBOAR_ZOO_1_4\37_20201116 (1819).JPG;1
\ave\Pheasant_mammalWeb\62261.jpg;1
\ave\2_ave_ave_WellingtonCameraTraps_SS\010116111014033a5753.JPG;1
\vacia\empty_caltechCameraTraps\5a1cb1bb-23d2-11e8-a6a3-ec086b02610b.jpg;0
\vacia\empty_IslandConservationCameraTraps\dominicanrepublic_cam1826julio2015_20150630_113056_img_0747.jpg;0
\cervidae\CERVIDREDORFALLOWDEER_ZOO_5_6_7_9\5_20210219 (591) (2021_04_15 06_16_22 UTC).JPG;1
\cervidae\Ciervo_PNC_2014_JC\c25450IM000053.JPG;1
\cervidae\deer_CaltechCameraTrap\59c4bf65-23d2-11e8-a6a3-ec086b02610b.jpg;1
\vacia\vacia_alumno_AM_2\29_20201023 (246).JPG;0
\vaca\cow_CaltechCameraTrap\58c66375-23d2-11e8-a6a3-ec086b02610b.jpg;1
\zorro\REDFOX_ZOO_5_6_7_9\2_20210417 (3014).JPG;1
\cervidae\deer_CaltechCameraTrap\59373374-23d2-11e8-a6a3-ec086b02610b.jpg;1
\micromamiferos\rat_IslandConservationCameraTraps\micronesia_cam03april2019_20190412_005901_rcnx0500.jpg;1
\cervidae\Ciervo_PNC_2014_JC\c21619IM000176.JPG;1
\cervidae\CERVIDREDORFALLOWDEER_ZOO_5_6_7_9\35_20210318 (1182).JPG;1
\jabali\jabali_PNC_2014_manuel\c17939IMAG0045.JPG;1
\cervidae\ciervo_PNM_2012_ISAAC\d7726IM000029.JPG;1
\humanovehiculo\humanovehiculo_vacías_humanos_PNC_2012_ME\a4IM000003.JPG;1
\zorro\ZORRO_PNM_2012_ISAAC\d13840IM000020.JPG;1
\zorro\zorro_PNC_2013-I_RED_ME\57IM000060.JPG;1
\humanovehiculo\humanovehiculo_ss\31_20201023 (32).JPG;1
\gato_domestico\gato_WellingtonCameraTraps_SS\2005151400360424S231.JPG;1
\gato_domestico\gato_WellingtonCameraTraps_SS\0407152358400106S471.JPG;1
\cervidae\CERVIDREDORFALLOWDEER_ZOO_1_4\37_20201215 (2820).JPG;1
\ave\ave_ave_WellingtonCameraTraps_SS\231016100912009bs341.JPG;1
\vacia\vacias_PNM_2013-O_ISAAC\f15532IMAG0304.JPG;0
\lince\Lince_b_Linces2_Leo_JC\lince222 (27).jpg;1
\zorro\Zorro_Pepe_IREC\Zorro_Pepe_Irec_ME\IMAG0138.JPG;1
\vacia\NOANIMAL_ZOO_5_6_7_9\24_20210418 (2997).JPG;0
\gato_domestico\cat_CaltechCameraTrap\58d16080-23d2-11e8-a6a3-ec086b02610b.jpg;1
\vacia\NOANIMAL_ZOO_5_6_7_9\13_20210218 (1532) (2021_04_15 06_16_22 UTC).JPG;0
\ave\birdother_SnapshotKgalagai\KGA_S1_B07_R1_IMAG0080.JPG;1
\humanovehiculo\humano_vehiculo_PNM_2013-O_ISAAC\f22499IM000010.JPG;1
\cervidae\ciervo_alumno_1_AM_2\37_20201024 (8813).JPG;1
\jabali\WILDBOAR_ZOO_1_4\20_20210115 (399).JPG;1
\leporido\conejo_alumno_1_TH\Nada (26)_frame010.jpg;1
\cervidae\deer_CaltechCameraTrap\59aadc3d-23d2-11e8-a6a3-ec086b02610b.jpg;1
\lince\Lince_a_Linces2_Leo_JC\lince91 (146).JPG;1
\cervidae\Ciervo_Paco_Carro_camarasliron_4_2_PASADAS_POR_LA_RED_JC\MDGC0311.JPG;1
\humanovehiculo\humanovehiculo_Caltech\5954a942-23d2-11e8-a6a3-ec086b02610b.jpg;1
\humanovehiculo\car_CaltechCameraTrap_ME\vehiculo\59782f06-23d2-11e8-a6a3-ec086b02610b.jpg;1
\humanovehiculo\car_CaltechCameraTrap_ME\vehiculo\588f67f2-23d2-11e8-a6a3-ec086b02610b.jpg;1
\cervidae\ciervo_PNM_2012_ME\d7663IM000189.JPG;1
\cervidae\CERVIDREDORFALLOWDEER_ZOO_1_4\29_20201117 (561).JPG;1
\vacia\NOANIMAL_ZOO_1_4\35_20210114 (3293).JPG;0
\gato_domestico\gato_WellingtonCameraTraps_SS\14091511222602359703.JPG;1
\cervidae\ciervo_PNC_2014_ISAAC\c10015IM000111.JPG;1
\cervidae\5_ciervo_Javi_3_JC\21_20201025 (1072).JPG;1
\leporido\liebre\Liebre_PNC_2012_JC\a28752IM000039.JPG;1
\vacia\vacia_alumno_1_AM\6_20201023 (567).JPG;0
\vacia\NOANIMAL_ZOO_5_6_7_9\50_20210408 (7375).JPG;0
\vacia\NOANIMAL_ZOO_5_6_7_9\50_20210417 (23279).JPG;0
\vacia\vacia_Paco_Carro_JC\IMG_2048.JPG;0
\jabali\jabali_revGinetasJC_REV1_4_donana\37_20201116 (13024).JPG;1
\zorro\Zorro_PNC_2014_JC\c18312IMAG0041.JPG;1
\vaca\COW_ZOO_1_4\17_20201026 (209).JPG;1
\ave\rooster_IslandConservationCameraTraps\palau_cam02a12132018_20181013_110455_rcnx0944.jpg;1
\vacia\NOANIMAL_ZOO_1_4\6_20201812 (11195).JPG;0
\vacia\empty_IslandConservationCameraTraps\dominicanrepublic_cam0526julio2015_20150624_141827_sunp0214.jpg;0
\lince\Lince_a_Linces2_Leo_JC\lince94 (351).JPG;1
\vaca\COW_ZOO_1_4\17_20201026 (691).JPG;1
\cervidae\gamo_Leo_Otra_fauna_PASADA_POR_LA_RED_JC\Otrafauna (552).JPG;1
\vaca\COW_ZOO_5_6_7_9\9_20210615 (1539).JPG;1
\cervidae\CERVIDREDORFALLOWDEER_ZOO_1_4\8_20201029 (314).JPG;1
\ave\ave_vacías_humanos_PNC_2012_ME\a23767IM000218.JPG;1
\gato_domestico\gato_WellingtonCameraTraps_SS\18101504040606997494.JPG;1
\vacia\empty_IslandConservationCameraTraps\dominicanrepublic_cam1425abril2015_20150409_125045_img_0701.jpg;0
\vaca\COW_ZOO_5_6_7_9\9_20210615 (2068).JPG;1
\vaca\COW_ZOO_5_6_7_9\2_20210319 (6360).JPG;1
\vacia\empty_SnapshotMountainZebra\MTZ_S1_D07_R1_IMAG1353.JPG;0
\vacia\empty_SnapshotMountainZebra\MTZ_S1_E06_R3_IMAG1284.JPG;0
\vacia\NOANIMAL_ZOO_1_4\34_20210115 (3604).JPG;0
\ave\shearwater_IslandConservationCameraTraps\chile_vaqueria2013_1212201215010.jpg;1
\lince\Lince_a_Linces2_Leo_JC\Lince61 (32).JPG;1
\cervidae\ciervo_PNM_2012_ME\d7646IM000171.JPG;1
\vacia\empty_SnapshotMountainZebra\MTZ_S1_D06_R1_IMAG1891.JPG;0
\leporido\conejo_WellingtonCameraTraps_SS\240816021154023bs161.JPG;1
\cervidae\ciervo_PNC_2014_ISAAC\c12308IMAG0062.JPG;1
\vacia\NOANIMAL_ZOO_5_6_7_9\2_20210417 (15866).JPG;0
\vacia\empty_caltechCameraTraps\598acd69-23d2-11e8-a6a3-ec086b02610b.jpg;0
\jabali\WILDBOAR_ZOO_1_4\11_20210114 (85).JPG;1
\leporido\rabbit_CaltechCameraTrap_ME\58d7a3f2-23d2-11e8-a6a3-ec086b02610b.jpg;1
\vacia\NOANIMAL_ZOO_5_6_7_9\28_20210219 (941) (2021_04_15 06_16_22 UTC).JPG;0
\vaca\COW_ZOO_1_4\24_20201019 (1398).JPG;1
\jabali\WILDBOAR_ZOO_5_6_7_9\20_20210219 (3124) (2021_04_15 06_16_22 UTC).JPG;1
\micromamiferos\micromamiferos_fotosManuelEmilio20200912\IMG_0519_x1.JPG;1
\vacia\NOANIMAL_ZOO_1_4\6_20201116 (4698).JPG;0
\vacia\NOANIMAL_ZOO_1_4\26_20201020 (3045).JPG;0
\caballo\caballos_javier_JC\2_20201117 (4654).JPG;1
\cervidae\deer_CaltechCameraTrap\59a7bc34-23d2-11e8-a6a3-ec086b02610b.jpg;1
\vacia\vacia_Paco_Carro_JC\01130500.JPG;0
\lince\Lince_b_Linces2_Leo_JC\lince169 (43).JPG;1
\vacia\NOANIMAL_ZOO_1_4\7_20210115 (1062).JPG;0
\lince\Lince_b_Linces2_Leo_JC\lince230 (66).jpg;1
\jabali\2_Jabali_PNC_2013-O_ME\b1405IMAG0258.JPG;1
\vacia\empty_SnapshotMountainZebra\MTZ_S1_C06_R1_IMAG3468.JPG;0
\ave\bird_CaltechCameraTrap\59bfdf2e-23d2-11e8-a6a3-ec086b02610b.jpg;1
\caballo\HORSE_ZOO_1_4\15_20210117 (1641).JPG;1
\zorro\zorro_PNC_2013-I_RED_ME\2144IM000035.JPG;1
\vacia\empty_IslandConservationCameraTraps\dominicanrepublic_cam23agosto2015_20150823_091317_img_0021.jpg;0
\cervidae\3_ciervo_simone_2\34_20201024 (5557).JPG;1
\cervidae\CERVIDREDORFALLOWDEER_ZOO_1_4\21_20201025 (2922).JPG;1
\gato_domestico\gato_WellingtonCameraTraps_SS\19091515592601069483.JPG;1
\vacia\vacia_alumno_1_TH\Nada (36)_frame020.jpg;0
\caballo\HORSE_ZOO_5_6_7_9\44_20210618 (375).JPG;1
\vacia\NOANIMAL_ZOO_1_4\1_20201220 (489).JPG;0
\zorro\zorro_PNM_2013-I_ME\e1035IM000015.JPG;1
\vacia\SnampshotEnonkishu\ENO_S1_D06_R1_IMAG3263.JPG;0
\leporido\rabbit_IslandConservationCameraTraps\chile_frances012013_0301201303918.jpg;1
\vacia\vacia_alumno_1_TH\Nada (11)_frame130.jpg;0
\vacia\empty_SnapshotMountainZebra\MTZ_S1_E06_R1_IMAG0678.JPG;0
\leporido\conejo_Paco_Carro_JC\PICT0048 (3).JPG;1
\zorro\Zorro_PNC_2014_JC\c25888IM000102.JPG;1
\jabali\WILDBOAR_ZOO_5_6_7_9\46_20210404 (238).JPG;1
\ave\ave_PNC_2013-O_RED_ISAAC\b4232IMAG0094.JPG;1
\zorro\zorro_PNM_2013-I_ISAAC\e2809IM000021.JPG;1
\vaca\COW_ZOO_5_6_7_9\2_20210319 (6205).JPG;1
\tejon\Tejon_PEPE_IREC_JC\IMAG1188.JPG;1
\vacia\Vacio__diego_2_rev_donana\33_20201025 (30).JPG;0
\vacia\Vacia_Paco_Carro_camarasliron_4_2_PASADAS_POR_LA_RED_JC\MDGC0225.JPG;0
\cervidae\CERVIDREDORFALLOWDEER_ZOO_1_4\1_20210115 (141).JPG;1
\vacia\vacia_Paco_Carro_JC\01130544.JPG;0
\cervidae\ciervo_vacías_humanos_PNC_2012_ME\a23623IM000078.JPG;1
\jabali\WILDBOAR_ZOO_1_4\37_20201116 (4865).JPG;1
\zorro\zorro_PNC_2013-I_ME\201IM000092.JPG;1
\cervidae\cervidae_ME_rev_3_donana\16_20201025 (267).JPG;1
\cervidae\CERVIDREDORFALLOWDEER_ZOO_1_4\9_20201712 (213).JPG;1
\gato_domestico\cat_IslandConservationCameraTraps\palau_cam04a12132018_20180824_221449_rcnx0631.jpg;1
\perro\dog_caltechCameraTraps\5a17df2d-23d2-11e8-a6a3-ec086b02610b.jpg;1
\cervidae\CERVIDREDORFALLOWDEER_ZOO_1_4\21_20201025 (1775).JPG;1
\lince\Lince_a_Linces2_Leo_JC\lince102 (169).JPG;1
\humanovehiculo\car_CaltechCameraTrap_ME\vehiculo\5883e8f6-23d2-11e8-a6a3-ec086b02610b.jpg;1
\cervidae\ciervo_PNC_2013-O_RED_ISAAC\b14182IM000433.JPG;1
\jabali\jabali_vacías_humanos_PNC_2012_ME\a34336IM000575.JPG;1
\zorro\zorro_vacías_humanos_PNC_2012_ME\a33052IM000071.JPG;1
\vacia\vacias_PNM_2013-O_ISAAC\f10540IMAG0050.JPG;0
\vacia\NOANIMAL_ZOO_5_6_7_9\50_20210408 (16421).JPG;0
\cervidae\CERVIDREDORFALLOWDEER_ZOO_1_4\21_20201025 (4545).JPG;1
\vacia\vacia_Paco_Carro_JC\IMG_0680.JPG;0
\vacia\empty_IslandConservationCameraTraps\dominicanrepublic_cam1826junio2015_20150505_090503_img_1749.jpg;0
\perro\dog_caltechCameraTraps\5a0e3812-23d2-11e8-a6a3-ec086b02610b.jpg;1
\cervidae\2_Ciervos_PNC2012_JC\a19006IM000128.JPG;1
\zorro\Zorro_Pepe_IREC\Zorro_Pepe_Irec_ME\IMAG0138_(2).JPG;1
\cervidae\CERVIDREDORFALLOWDEER_ZOO_1_4\21_20201025 (2770).JPG;1
\cervidae\CERVIDREDORFALLOWDEER_ZOO_1_4\37_20201024 (2206).JPG;1
\vaca\COW_ZOO_5_6_7_9\2_20210319 (8510).JPG;1
\humanovehiculo\humanovehiculo_Caltech\59b61483-23d2-11e8-a6a3-ec086b02610b.jpg;1
\vacia\NOANIMAL_ZOO_1_4\34_20210115 (7542).JPG;0
\cervidae\cervidae_ME_rev_1_donana\21_20201025 (3815).JPG;1
\jabali\WILDBOAR_ZOO_5_6_7_9\11_20210218 (270) (2021_04_15 06_16_22 UTC).JPG;1
\lince\Lince_b_Linces2_Leo_JC\lince150 (32).JPG;1
\jabali\WILDBOAR_ZOO_1_4\41_20201025 (151).JPG;1
\vacia\vacias_1_de_2_PNC_2012_ISAAC\a42692IM000895.JPG;0
\gato_domestico\cat_IslandConservationCameraTraps\dominicanrepublic_cam15agosto2015_20150823_031637_img_0038.jpg;1
\vacia\vacias_2_de_2_PNC_2012_ISAAC\a1164IM000125.JPG;0
\vacia\vacias_1_de_2_PNC_2012_ISAAC\a36555IM000114.JPG;0
\cervidae\ciervo_simone_2\34_20201024 (2905).JPG;1
\tejon\Tejon_PEPE_IREC_JC\IMAG0126.JPG;1
\gato_domestico\gato_WellingtonCameraTraps_SS\231215133548012cs513.JPG;1
\vacia\NOANIMAL_ZOO_1_4\26_20201020 (10937).JPG;0
\humanovehiculo\humano_vehiculo_PNM_2012_ISAAC\d15263IM000022.JPG;1
\vaca\COW_ZOO_5_6_7_9\21_20210418 (1191).JPG;1
\vacia\NOANIMAL_ZOO_5_6_7_9\11_20210615 (2973).JPG;0
\vacia\NOANIMAL_ZOO_1_4\34_20210115 (2196).JPG;0
\tejon\Tejon_PEPE_IREC_JC\IMAG0231.JPG;1
\vacia\empty_caltechCameraTraps\59d0e17f-23d2-11e8-a6a3-ec086b02610b.jpg;0
\vacia\empty_IslandConservationCameraTraps\dominicanrepublic_cam1826junio2015_20150505_124913_img_2995.jpg;0
\gato_domestico\cat_CaltechCameraTrap\59ffbcb6-23d2-11e8-a6a3-ec086b02610b.jpg;1
\caballo\HORSE_ZOO_1_4\15_20201117 (2761).JPG;1
\vacia\NOANIMAL_ZOO_5_6_7_9\50_20210408 (7942).JPG;0
\cervidae\ciervo_vacías_humanos_PNC_2012_ME\a15417IM000463.JPG;1
\humanovehiculo\humano_vehiculo_PNM_2013-O_ISAAC\f7295IMAG0136.JPG;1
\leporido\2_conejo_Paco_Carro_JC\PICT1319.JPG;1
\vacia\empty_IslandConservationCameraTraps\dominicanrepublic_cam1725abril2015_20150416_093517_img_0650.jpg;0
\cervidae\ciervo_PNC_2013-O_RED_ISAAC\b7516IM000087.JPG;1
\micromamiferos\ratoncampo_Saul Martin_FRAMES_SIN_REPETIDOS_REVISADOS_DIEGO\IMAG0008_frame120.jpg;1
\micromamiferos\rat_IslandConservationCameraTraps\palau_cam10a12122018_20180922_031944_rcnx0405.jpg;1
\humanovehiculo\humano_vehiculo_PNM_2012_ISAAC\d13576IM000003.JPG;1
\lince\Lince_a_Linces2_Leo_JC\lince74 (195).JPG;1
\gato_domestico\gato_WellingtonCameraTraps_SS\2005151216320379L133.JPG;1
\lince\Lince_a_Linces2_Leo_JC\lince94 (74).JPG;1
\gato_domestico\gato_WellingtonCameraTraps_SS\23091516064202428283.JPG;1
\cervidae\cervidae_alumno_2_TH\37_20201024 (9020).JPG;1
\ave\ave_ave_WellingtonCameraTraps_SS\090116071056046a6244.JPG;1
\zorro\Zorro_PNC_2014_JC\c4879IM000135.JPG;1
\vacia\Vacia_ME_rev_2_donana\32_20201022 (368).JPG;0
\cervidae\Ciervo_PNC_2013-O_ME\b11741IMAG0171.JPG;1
\cervidae\CERVIDREDORFALLOWDEER_ZOO_5_6_7_9\37_20210319 (344).JPG;1
\vacia\empty_IslandConservationCameraTraps\dominicanrepublic_cam0425abril2015_20130823_054832_sunp4795.jpg;0
\vacia\empty_SnapshotMountainZebra\MTZ_S1_D05_R1_IMAG0636.JPG;0
\vacia\vacias_2_de_2_PNC_2012_ISAAC\a8741IM000490.JPG;0
\vacia\NOANIMAL_ZOO_5_6_7_9\50_20210408 (383).JPG;0
\vacia\empty_SnapshotMountainZebra\MTZ_S1_D05_R1_IMAG2938.JPG;0
\vacia\NOANIMAL_ZOO_5_6_7_9\28_20210417 (2670).JPG;0
\vacia\vacias_PNM_2013-O_ISAAC\f3152IMAG0037.JPG;0
\ave\American Crow_ena24\8768.jpg;1
\vacia\vacia_Paco_Carro_JC\IMG_0795.JPG;0
\humanovehiculo\car_CaltechCameraTrap_ME\vehiculo\58c03407-23d2-11e8-a6a3-ec086b02610b.jpg;1
\tejon\Tejon_PEPE_IREC_JC\CA_02-03.05-02_03.JPG;1
\jabali\2_Jabali_PNC_2014_JC\c21857IM000023.JPG;1
\cervidae\CERVIDREDORFALLOWDEER_ZOO_5_6_7_9\44_20210618 (79).JPG;1
\vacia\vacias_1_de_2_PNC_2012_ISAAC\a49782IM000222.JPG;0
\vacia\vacia_Paco_Carro_JC\IMG_0529.JPG;0
\vacia\NOANIMAL_ZOO_1_4\20_20201215 (550).JPG;0
\cervidae\ciervo_PNC_2014_ISAAC\c21748IM000117.JPG;1
\leporido\CONEJO_PNM_2012_ISAAC\d11077IM000470.JPG;1
\vacia\NOANIMAL_ZOO_1_4\40_20201024 (5976).JPG;0
\vacia\NOANIMAL_ZOO_1_4\26_20201020 (11282).JPG;0
\vaca\COW_ZOO_5_6_7_9\21_20210418 (2729).JPG;1
\zorro\zorro_vacías_humanos_PNC_2012_ME\a28926IM000051.JPG;1
\caballo\HORSE_ZOO_1_4\15_20201117 (3313).JPG;1
\humanovehiculo\humanovehiculo_PNC_2014_manuel\c5596IM000001.JPG;1
\vacia\NOANIMAL_ZOO_1_4\26_20201020 (16801).JPG;0
\cervidae\CERVIDREDORFALLOWDEER_ZOO_1_4\35_20210114 (2467).JPG;1
\ave\bird_CaltechCameraTrap\5860f05e-23d2-11e8-a6a3-ec086b02610b.jpg;1
\caballo\caballos_alumno_AM\caballos_alumno_AM\28_20201117 (630).JPG;1
\vacia\NOANIMAL_ZOO_1_4\26_20201020 (12163).JPG;0
\mapache\raccoon_CaltechCameraTrap_ME\58e0f652-23d2-11e8-a6a3-ec086b02610b.jpg;1
\zorro\Zorro_PNC_2014_JC\c7029IM000018.JPG;1
\cervidae\deer_CaltechCameraTrap\5a2c83cf-23d2-11e8-a6a3-ec086b02610b.jpg;1
\cervidae\ciervo_Paco_Carro_JC\PICT0051.JPG;1
\cervidae\Ciervo_Leo_Otra_fauna_PASADA_POR_LA_RED_JC\Otrafauna (1671).JPG;1
\vaca\COW_ZOO_5_6_7_9\49_20210418 (2383).JPG;1
\zorro\REDFOX_ZOO_1_4\34_20201215 (62).JPG;1
\cervidae\ciervo_alumno_1_AM_2\10_20201019 (1287).JPG;1
\vacia\NOANIMAL_ZOO_5_6_7_9\2_20210417 (19955).JPG;0
\vaca\COW_ZOO_1_4\21_20201119 (1409).JPG;1
\gineta\GINETA_PNM_2013-I_ISAAC\e3105IM000027.JPG;1
\jabali\jabali_PNC_2014_manuel\c5877IM000078.JPG;1
\cervidae\CERVIDREDORFALLOWDEER_ZOO_1_4\34_20201024 (2264).JPG;1
\cervidae\CERVIDREDORFALLOWDEER_ZOO_1_4\6_20201812 (335).JPG;1
\vacia\NOANIMAL_ZOO_5_6_7_9\24_20210318 (10534).JPG;0
\vacia\NOANIMAL_ZOO_5_6_7_9\50_20210408 (23479).JPG;0
\humanovehiculo\Vehicle_ena24\2924.jpg;1
\vacia\vacia_Paco_Carro_JC\IMG_0930.JPG;0
\cervidae\ciervo_Javi_3_JC\21_20201025 (1273).JPG;1
\zorro\REDFOX_ZOO_1_4\32_20201117 (79).JPG;1
\vacia\empty_SnapshotMountainZebra\MTZ_S1_D05_R1_IMAG2500.JPG;0
\vacia\NOANIMAL_ZOO_1_4\6_20201116 (6641).JPG;0
\leporido\rabbit_CaltechCameraTrap_ME\59da8ae7-23d2-11e8-a6a3-ec086b02610b.jpg;1
\ave\Pheasant_mammalWeb\7331.jpg;1
\vacia\NOANIMAL_ZOO_1_4\7_20210115 (2149).JPG;0
\vacia\NOANIMAL_ZOO_1_4\11_20210114 (736).JPG;0
\vaca\cow_CaltechCameraTrap\58e597a4-23d2-11e8-a6a3-ec086b02610b.jpg;1
\lince\linces_fecha_Linces2_Leo_JC\2_Lince_flecha_Linces2_Leo_JC\lince50 (162).JPG;1
\vacia\NOANIMAL_ZOO_5_6_7_9\39_20210615 (2520).JPG;0
\cervidae\ciervo_simone_2\34_20201024 (5906).JPG;1
\gato_domestico\gato_WellingtonCameraTraps_SS\11111501373006997491.JPG;1
\caballo\HORSE_ZOO_1_4\15_20201117 (3864).JPG;1
\ave\Bird_ena24\1607.jpg;1
\cervidae\ciervo_PNM_2012_ME\d15480IM000042.JPG;1
\micromamiferos\micromamifero_Leo_Otra_fauna_PASADA_POR_LA_RED_JC\Otrafauna (2004).jpg;1
\ave\ave_ave_WellingtonCameraTraps_SS\071016153402002cs381.JPG;1
\cervidae\CERVIDREDORFALLOWDEER_ZOO_1_4\21_20201025 (1140).JPG;1
\vacia\empty_IslandConservationCameraTraps\dominicanrepublic_cam0425abril2015_20130809_044734_sunp1721.jpg;0
\vaca\Vaca1_diego_1_rev_donana\17_20201026 (493).JPG;1
\leporido\rabbit_CaltechCameraTrap_ME\59b7a9bf-23d2-11e8-a6a3-ec086b02610b.jpg;1
\caballo\caballos_javier_JC\2_20201117 (2161).JPG;1
\vacia\NOANIMAL_ZOO_5_6_7_9\2_20210417 (19546).JPG;0
\gato_domestico\gato_WellingtonCameraTraps_SS\060216044634021bs113.JPG;1
\vacia\empty_SnapshotMountainZebra\MTZ_S1_E06_R3_IMAG0653.JPG;0
\ave\bird_CaltechCameraTrap\5a130948-23d2-11e8-a6a3-ec086b02610b.jpg;1
\vacia\vacias_ME_CASA\IMG_0658.JPG;0
\vacia\vacia_alumno_TH_3_TH_JC\15_20201024 (7759).JPG;0
\vacia\empty_IslandConservationCameraTraps\dominicanrepublic_cam1725abril2015_20150406_093424_img_0098.jpg;0
\jabali\WILDBOAR_ZOO_5_6_7_9\11_20210318 (2316).JPG;1
\vacia\Nothing_mammalWeb\99420.jpg;0
\vacia\NOANIMAL_ZOO_5_6_7_9\32_20210615 (1639).JPG;0
\cervidae\2_ciervo_Javi_3_JC\21_20201025 (1924).JPG;1
\ave\OTHERSPECIES_ZOO_5_6_7_9\37_20210319 (1330).JPG;1
\cervidae\CERVIDREDORFALLOWDEER_ZOO_1_4\21_20201025 (1189).JPG;1
\caballo\caballos_alumno_AM\caballos_alumno_AM\2_20201215 (565).JPG;1
\caballo\HORSE_ZOO_1_4\38_20201117 (1377).JPG;1
\leporido\rabbit_IslandConservationCameraTraps\chile_vaqueria2013_05022013172055.jpg;1
\lince\Lince_b_Linces2_Leo_JC\lince229 (22).jpg;1
\cervidae\gamo_Javi_3_JC\21_20201025 (1227).JPG;1
\micromamiferos\micromamifero_WellingtonCameraTraps_SS\010816061814011a5903.JPG;1
\micromamiferos\micromamifero_WellingtonCameraTraps_SS\290416021220015c9351.JPG;1
\vacia\NOANIMAL_ZOO_1_4\24_20210115 (2551).JPG;0
\zorro\Zorro_Pepe_IREC\Zorro_Pepe_Irec_ME\CA_50-03.31-10_38.JPG;1
\cervidae\ciervo_Javi_3_JC\26_20201020 (1786).JPG;1
\vaca\COW_ZOO_5_6_7_9\2_20210219 (2196) (2021_04_15 06_16_22 UTC).JPG;1
\cervidae\CERVIDREDORFALLOWDEER_ZOO_5_6_7_9\2_20210219 (1669) (2021_04_15 06_16_22 UTC).JPG;1
\vacia\NOANIMAL_ZOO_5_6_7_9\28_20210219 (5083) (2021_04_15 06_16_22 UTC).JPG;0
\cervidae\ciervo_PNC_2013-O_RED_ISAAC\b6753FILE0055.JPG;1
\leporido\rabbit_IslandConservationCameraTraps\chile_piedra012013_24052013215608.jpg;1
\cervidae\CERVIDREDORFALLOWDEER_ZOO_1_4\35_20210114 (86).JPG;1
\cervidae\CERVIDREDORFALLOWDEER_ZOO_1_4\36_20201117 (385).JPG;1
\caballo\HORSE_ZOO_1_4\38_20201117 (1927).JPG;1
\vacia\NOANIMAL_ZOO_1_4\7_20210115 (1100).JPG;0
\ave\short-eared_owl_IslandConservationCameraTraps\chile_piedra012013_1903201362548.jpg;1
\vacia\empty_caltechCameraTraps\5a1641cb-23d2-11e8-a6a3-ec086b02610b.jpg;0
\cervidae\CERVIDREDORFALLOWDEER_ZOO_5_6_7_9\5_20210319 (182).JPG;1
\vacia\NOANIMAL_ZOO_1_4\26_20201020 (10842).JPG;0
\vacia\NOANIMAL_ZOO_5_6_7_9\25_20210417 (11957).JPG;0
\vacia\empty_IslandConservationCameraTraps\dominicanrepublic_cam0425abril2015_20130821_013117_sunp3725.jpg;0
\jabali\Jabalí_PNC_2013-O_ME\b7301IM000117.JPG;1
\meloncillo\2_Meloncillo_PEPE_IREC_JC\IMAG0166_(2).JPG;1
\zorro\fox_CaltechCameraTrap_ME\59247a42-23d2-11e8-a6a3-ec086b02610b.jpg;1
\caballo\caballos_alumno_AM\caballos_alumno_AM\9_20201712 (2151).JPG;1
\cervidae\CERVIDREDORFALLOWDEER_ZOO_1_4\1_20201220 (9).JPG;1
\humanovehiculo\humanovehiculo_vacías_humanos_PNC_2012_ME\a47251IM000005.JPG;1
\cervidae\2_ciervo_simone_2\34_20201024 (6648).JPG;1
\leporido\LEPORIDRABBITORHARE_ZOO_5_6_7_9\2_20210219 (55) (2021_04_15 06_16_22 UTC).JPG;1
\cervidae\2_ciervo_PNC_2013-I_ME\9966IM000148.JPG;1
\cervidae\ciervo_vacías_humanos_PNC_2012_ME\a30746IM000063.JPG;1
\vacia\NOANIMAL_ZOO_1_4\10_20201218 (1745).JPG;0
\jabali\WILDBOAR_ZOO_1_4\15_20210117 (239).JPG;1
\caballo\HORSE_ZOO_1_4\2_20201117 (3519).JPG;1
\vacia\empty_caltechCameraTraps\5a2311bd-23d2-11e8-a6a3-ec086b02610b.jpg;0
\vacia\NOANIMAL_ZOO_5_6_7_9\25_20210417 (1095).JPG;0
\humanovehiculo\humanovehiculo_vacías_humanos_PNC_2012_ME\a651IM000005.JPG;1
\zorro\Zorro_PNC_2014_JC\c28130IM000019.JPG;1
\humanovehiculo\humanovehiculo_PNC_2014_manuel\c11760IMAG0002.JPG;1
\cervidae\CERVIDREDORFALLOWDEER_ZOO_5_6_7_9\28_20210615 (2711).JPG;1
\tejon\EUROPEANBADGER_ZOO_1_4\9_20201712 (1633).JPG;1
\leporido\rabbit_CaltechCameraTrap_ME\59c31b61-23d2-11e8-a6a3-ec086b02610b.jpg;1
\humanovehiculo\car_CaltechCameraTrap_ME\vehiculo\58eaca32-23d2-11e8-a6a3-ec086b02610b.jpg;1
\cervidae\ciervo_simone_2\39_20201019 (239).JPG;1
\vaca\vaca_Paco_Carro_JC\PICT0021.JPG;1
\caballo\HORSE_ZOO_1_4\2_20201117 (3641).JPG;1
\vacia\NOANIMAL_ZOO_5_6_7_9\19_20210219 (1661) (2021_04_15 06_16_22 UTC).JPG;0
\cervidae\CERVIDREDORFALLOWDEER_ZOO_5_6_7_9\47_20210418 (2149).JPG;1
\vacia\NOANIMAL_ZOO_5_6_7_9\24_20210219 (883) (2021_04_15 06_16_22 UTC).JPG;0
\vacia\empty_IslandConservationCameraTraps\ecuador1_ic1611_20150101_000004_img_0648.jpg;0
\caballo\caballos_javier_JC\35_20201218 (279).JPG;1
\cervidae\CERVIDREDORFALLOWDEER_ZOO_5_6_7_9\19_20210219 (1219) (2021_04_15 06_16_22 UTC).JPG;1
\cervidae\ciervo_simone_2\34_20201024 (4200).JPG;1
\vacia\empty_IslandConservationCameraTraps\ecuador1_ic1617_20150101_000003_img_0054.jpg;0
\cervidae\ciervo_PNM_2012_ISAAC\d13982FILE0034.JPG;1
\jabali\WILDBOAR_ZOO_5_6_7_9\33_20210218 (185) (2021_04_15 06_16_22 UTC).JPG;1
\leporido\conejo_alumno_1_TH\Conejo_alumno_2_AM_JC\Orycun (4)_frame080.jpg;1
\jabali\WILDBOAR_ZOO_5_6_7_9\28_20210417 (7519).JPG;1
\cervidae\ciervo_vacías_humanos_PNC_2012_ME\a35801IMAG0082.JPG;1
\humanovehiculo\humanovehiculo_PNM_2013-I_ME\e2793IM000004.JPG;1
\cervidae\ciervo_PNC_2014_ISAAC\c6712IM000063.JPG;1
\vacia\NOANIMAL_ZOO_5_6_7_9\2_20210417 (3725).JPG;0
\ave\raven_IslandConservationCameraTraps\dominicanrepublic_cam11101agosto2017_20170525_080421_img_0025.jpg;1
\lince\Lince_b_Linces2_Leo_JC\lince145 (52).jpg;1
\leporido\rabbit_IslandConservationCameraTraps\chile_frances012013_24122012150027.jpg;1
\lince\Lince_a_Linces2_Leo_JC\lince94 (181).JPG;1
\vacia\empty_IslandConservationCameraTraps\dominicanrepublic_cam0425abril2015_20130808_043405_sunp1129.jpg;0
\ave\OTHERSPECIES_ZOO_5_6_7_9\50_20210417 (81).JPG;1
\zorro\Zorro_PNC_2014_JC\c30427IM000064.JPG;1
\vacia\NOANIMAL_ZOO_1_4\11_20210114 (173).JPG;0
\cervidae\CERVIDREDORFALLOWDEER_ZOO_1_4\37_20201116 (3993).JPG;1
\vacia\empty_IslandConservationCameraTraps\dominicanrepublic_cam1725abril2015_20150422_093219_img_0785.jpg;0
\cervidae\deer_CaltechCameraTrap\58e28045-23d2-11e8-a6a3-ec086b02610b.jpg;1
\vacia\NOANIMAL_ZOO_1_4\40_20201024 (6025).JPG;0
\cervidae\CERVIDREDORFALLOWDEER_ZOO_1_4\21_20201025 (1888).JPG;1
\cervidae\CERVIDREDORFALLOWDEER_ZOO_5_6_7_9\17_20210218 (152) (2021_04_15 06_16_22 UTC).JPG;1
\jabali\jabali_javi_JC\37_20201024 (377).JPG;1
\vacia\empty_SnapshotMountainZebra\MTZ_S1_D07_R1_IMAG1736.JPG;0
\cervidae\Ciervo_PNC_2014_JC\c10389IM000048.JPG;1
\vacia\NOANIMAL_ZOO_1_4\6_20201812 (11268).JPG;0
\zorro\zorro_PNC_2014_manuel\c30647IM000057.JPG;1
\vacia\NOANIMAL_ZOO_5_6_7_9\18_20210219 (1626) (2021_04_15 06_16_22 UTC).JPG;0
\caballo\HORSE_ZOO_1_4\15_20201215 (6063).JPG;1
\cervidae\CERVIDREDORFALLOWDEER_ZOO_1_4\21_20201025 (452).JPG;1
\ave\shearwater_IslandConservationCameraTraps\chile_vaqueria2013_2512201235730.jpg;1
\ave\raven_IslandConservationCameraTraps\dominicanrepublic_cam0117abril2015_20130828_085301_sunp0084.jpg;1
\vacia\NOANIMAL_ZOO_5_6_7_9\2_20210417 (20550).JPG;0
\vacia\NOANIMAL_ZOO_5_6_7_9\36_20210618 (6582).JPG;0
\vacia\vacia_Paco_Carro_JC\IMG_0735.JPG;0
\jabali\WILDBOAR_ZOO_5_6_7_9\24_20210318 (10625).JPG;1
\cervidae\CERVIDREDORFALLOWDEER_ZOO_5_6_7_9\8_20210219 (806) (2021_04_15 06_16_22 UTC).JPG;1
\leporido\conejo_Paco_Carro_JC\PICT1110.JPG;1
\vacia\empty_SnapshotMountainZebra\MTZ_S1_G04_R3_IMAG1630.JPG;0
\cervidae\CERVIDREDORFALLOWDEER_ZOO_1_4\2_20210115 (7833).JPG;1
\vacia\empty_caltechCameraTraps\59a7bed2-23d2-11e8-a6a3-ec086b02610b.jpg;0
\humanovehiculo\HUMANORVEHICLE_ZOO_5_6_7_9\9_20210418 (6).JPG;1
\vacia\vacias_2_de_2_PNC_2012_ISAAC\a5323IM000115.JPG;0
\zorro\zorro_PNM_2012_ME\d16390IM000067.JPG;1
\gineta\GINETA_PNM_2012_ISAAC\d14296IMAG0082.JPG;1
\cervidae\CERVIDREDORFALLOWDEER_ZOO_1_4\18_20210115 (491).JPG;1
\lince\Lince_b_Linces2_Leo_JC\lince144 (42).JPG;1
\vacia\empty_IslandConservationCameraTraps\dominicanrepublic_cam0527septiembre2015_20130729_105417_sunp0104.jpg;0
\vacia\NOANIMAL_ZOO_5_6_7_9\25_20210417 (2428).JPG;0
\leporido\rabbit_CaltechCameraTrap_ME\58a1cb92-23d2-11e8-a6a3-ec086b02610b.jpg;1
\vacia\NOANIMAL_ZOO_5_6_7_9\25_20210319 (5766).JPG;0
\vacia\empty_IslandConservationCameraTraps\dominicanrepublic_cam1425abril2015_20150419_132052_img_1840.jpg;0
\ave\ave_PNC_2014_manuel\c18966IMAG0152.JPG;1
\vacia\NOANIMAL_ZOO_5_6_7_9\25_20210417 (4687).JPG;0
\cervidae\CERVIDREDORFALLOWDEER_ZOO_1_4\39_20201019 (235).JPG;1
\cervidae\CERVIDREDORFALLOWDEER_ZOO_5_6_7_9\1_20210618 (1841).JPG;1
\jabali\WILDBOAR_ZOO_1_4\37_20210115 (615).JPG;1
\vacia\NOANIMAL_ZOO_1_4\26_20201020 (6357).JPG;0
\leporido\rabbit_IslandConservationCameraTraps\chile_piedra012013_07052013152957.jpg;1
\gato_domestico\cat_CaltechCameraTrap\5935a64d-23d2-11e8-a6a3-ec086b02610b.jpg;1
\vacia\NOANIMAL_ZOO_1_4\6_20210115 (13641).JPG;0
\lince\linces_fecha_Linces2_Leo_JC\2_Lince_flecha_Linces2_Leo_JC\lince151 (61).JPG;1
\vacia\NOANIMAL_ZOO_1_4\29_20201117 (924).JPG;0
\cervidae\ciervo_vacías_humanos_PNC_2012_ME\a2258IM000053.JPG;1
\vacia\vacia_Paco_Carro_JC\01130607.JPG;0
\vaca\Vaca_Paco_Carro_camarasliron_4_2_PASADAS_POR_LA_RED_JC\PICT0036.JPG;1
\caballo\HORSE_ZOO_1_4\15_20210117 (8878).JPG;1
\vacia\vacia_Paco_Carro_JC\IMG_1527.JPG;0
\vacia\empty_caltechCameraTraps\599fbf70-23d2-11e8-a6a3-ec086b02610b.jpg;0
\vacia\empty_SnapshotKaroo\KAR_S1_C02_R1_IMAG1497.JPG;0
\cervidae\deer_CaltechCameraTrap\5a27d803-23d2-11e8-a6a3-ec086b02610b.jpg;1
\leporido\conejo_Paco_Carro_JC\PICT0245.JPG;1
\vacia\NOANIMAL_ZOO_5_6_7_9\41_20210218 (230) (2021_04_15 06_16_22 UTC).JPG;0
\vacia\empty_IslandConservationCameraTraps\dominicanrepublic_cam1425abril2015_20150409_122604_img_0666.jpg;0
\ave\bird_CaltechCameraTrap\586e2f18-23d2-11e8-a6a3-ec086b02610b.jpg;1
\vacia\NOANIMAL_ZOO_5_6_7_9\28_20210417 (4432).JPG;0
\vacia\empty_IslandConservationCameraTraps\micronesia_cam04_cam04june2019_20190619044503_rcnx3380.jpg;0
\jabali\WILDBOAR_ZOO_5_6_7_9\48_20210418 (515).JPG;1
\vacia\empty_IslandConservationCameraTraps\dominicanrepublic_cam11101agosto2017_20170614_132909_img_0201.jpg;0
\zorro\zorro_PNM_2012_ME\d11158IM000555.JPG;1
\leporido\rabbit_IslandConservationCameraTraps\chile_piedra012013_1102201362741.jpg;1
\jabali\WILDBOAR_ZOO_1_4\16_20201025 (312).JPG;1
\vacia\NOANIMAL_ZOO_5_6_7_9\50_20210408 (23614).JPG;0
\leporido\rabbit_CaltechCameraTrap_ME\59ac6bf6-23d2-11e8-a6a3-ec086b02610b.jpg;1
\vacia\empty_IslandConservationCameraTraps\micronesia_cam14april2019_20190416_143156_rcnx0154.jpg;0
\vacia\NOANIMAL_ZOO_5_6_7_9\2_20210618 (16313).JPG;0
\jabali\WILDBOAR_ZOO_1_4\37_20201116 (4987).JPG;1
\gato_domestico\gato_WellingtonCameraTraps_SS\17111508070604241021.JPG;1
\vacia\vacias_PNC_2014_ISAAC\c9410IM000152.JPG;0
\vacia\vacia_alumno_2_2_TH_JC\27_20201023 (7407).JPG;0
\zorro\zorro_PNM_2013-O_ISAAC\f12451IM000612.JPG;1
\vacia\vacias_PNC_2014_ISAAC\c12739IMAG0265.JPG;0
\tejon\Badger_mammalWeb\20296.jpg;1
\cervidae\ciervo_PNC_2013-I_RED_ME\1630IM000186.JPG;1
\cervidae\deer_CaltechCameraTrap\59fe22bd-23d2-11e8-a6a3-ec086b02610b.jpg;1
\vacia\empty_SnapshotMountainZebra\MTZ_S1_C06_R1_IMAG2691.JPG;0
\vacia\vacia_vacías_humanos_PNC_2012_ME\a12478IM000907.JPG;0
\vacia\NOANIMAL_ZOO_1_4\6_20201812 (14276).JPG;0
\vacia\NOANIMAL_ZOO_1_4\7_20201025 (220).JPG;0
\leporido\conejo_Paco_Carro_JC\PICT0493 (2).JPG;1
\vacia\NOANIMAL_ZOO_5_6_7_9\50_20210408 (8784).JPG;0
\cervidae\CERVIDREDORFALLOWDEER_ZOO_5_6_7_9\42_20210218 (258) (2021_04_15 06_16_22 UTC).JPG;1
\vacia\empty_IslandConservationCameraTraps\dominicanrepublic_cam1025abril2015_20150424_083731_img_0062.jpg;0
\cervidae\Ciervo_PNC_2012_JC\a15625IMAG0026.JPG;1
\cervidae\ciervo_PNM_2012_ME\d15427IM000062.JPG;1
\vacia\vacia_Paco_Carro_JC\PICT0168 (2).JPG;0
\vacia\empty_caltechCameraTraps\5992934b-23d2-11e8-a6a3-ec086b02610b.jpg;0
\vacia\empty_IslandConservationCameraTraps\chile_piedra012013_21012013184135.jpg;0
\vacia\empty_caltechCameraTraps\59941dbb-23d2-11e8-a6a3-ec086b02610b.jpg;0
\cervidae\CERVIDREDORFALLOWDEER_ZOO_5_6_7_9\35_20210218 (2547) (2021_04_15 06_16_22 UTC).JPG;1
\vacia\NOANIMAL_ZOO_5_6_7_9\39_20210417 (3206).JPG;0
\vacia\empty_caltechCameraTraps\5979bee4-23d2-11e8-a6a3-ec086b02610b.jpg;0
\cervidae\CERVIDREDORFALLOWDEER_ZOO_1_4\35_20210114 (47).JPG;1
\cervidae\ciervo_Javi_3_JC\30_20201021 (112).JPG;1
\gato_domestico\cat_IslandConservationCameraTraps\chile_piedra012013_23052013191927.jpg;1
\micromamiferos\rodent_CaltechCameraTrap_JC\Roedor_ rodent_CaltechCameraTrap_JC\5a17dd85-23d2-11e8-a6a3-ec086b02610b.jpg;1
\vacia\empty_caltechCameraTraps\597cd6d1-23d2-11e8-a6a3-ec086b02610b.jpg;0
\jabali\WILDBOAR_ZOO_5_6_7_9\11_20210218 (336) (2021_04_15 06_16_22 UTC).JPG;1
\meloncillo\Meloncillo_PEPE_IREC_JC\IMAG0115_(3).JPG;1
\vacia\empty_IslandConservationCameraTraps\dominicanrepublic_cam0317abril2015_20130727_162812_sunp0048.jpg;0
\vaca\cow_CaltechCameraTrap\5942117d-23d2-11e8-a6a3-ec086b02610b.jpg;1
\tejon\Tejon_PEPE_IREC_JC\IMAG0559_(2).JPG;1
\vacia\vacias_2_de_2_PNC_2012_ISAAC\a1673IM000635.JPG;0
\vacia\empty_caltechCameraTraps\59a30d20-23d2-11e8-a6a3-ec086b02610b.jpg;0
\ave\OTHERSPECIES_ZOO_5_6_7_9\15_20210219 (1886) (2021_04_15 06_16_22 UTC).JPG;1
\zorro\zorro_PNC_2014_manuel\c3097IM000041.JPG;1
\vacia\empty_caltechCameraTraps\596737a2-23d2-11e8-a6a3-ec086b02610b.jpg;0
\vacia\empty_caltechCameraTraps\59e77f3a-23d2-11e8-a6a3-ec086b02610b.jpg;0
\meloncillo\Meloncillo_PEPE_IREC_JC\IMAG1841.JPG;1
\vacia\empty_IslandConservationCameraTraps\dominicanrepublic_cam1425abril2015_20150411_131534_img_0920.jpg;0
\vacia\NOANIMAL_ZOO_5_6_7_9\25_20210417 (5750).JPG;0
\garduna\Garduna_PNM_2013-0_ME\f11381IM000024.JPG;1
\vacia\NOANIMAL_ZOO_5_6_7_9\32_20210218 (4020) (2021_04_15 06_16_22 UTC).JPG;0
\jabali\WILDBOAR_ZOO_1_4\11_20210114 (872).JPG;1
\vacia\vacias_PNM_2013-O_ISAAC\f3011IMAG0776.JPG;0
\cervidae\ciervo_vacías_humanos_PNC_2012_ME\a35861IMAG0138.JPG;1
\vacia\vacias_PNM_2013-O_ISAAC\f15873IMAG0638.JPG;0
\vacia\NOANIMAL_ZOO_5_6_7_9\2_20210618 (16365).JPG;0
\leporido\rabbit_CaltechCameraTrap_ME\59c6692f-23d2-11e8-a6a3-ec086b02610b.jpg;1
\perro\dog_IslandConservationCameraTraps\ecuador1_ic1619_20180811_141939_img_0109.jpg;1
\gato_domestico\gato_WellingtonCameraTraps_SS\2803150444120237S061.JPG;1
\leporido\rabbit_CaltechCameraTrap_ME\58d7a0b1-23d2-11e8-a6a3-ec086b02610b.jpg;1
\caballo\HORSE_ZOO_1_4\15_20210117 (13700).JPG;1
\vacia\Nothing_mammalWeb\34273.jpg;0
\vacia\vacias_2_de_2_PNC_2012_ISAAC\a13574IM000006.JPG;0
\humanovehiculo\HUMANORVEHICLE_ZOO_1_4\1_20210115 (392).JPG;1
\ave\Ave_Leo_Otra_fauna_PASADA_POR_LA_RED_JC\Otrafauna (1629).JPG;1
\vacia\NOANIMAL_ZOO_1_4\34_20210115 (2825).JPG;0
\vacia\NOANIMAL_ZOO_1_4\7_20210115 (2292).JPG;0
\vacia\NOANIMAL_ZOO_5_6_7_9\50_20210408 (23024).JPG;0
\gineta\gineta_Soraya_Padilla_Alumno_1_TH\STC_0191_frame010.jpg;1
\vaca\cow_CaltechCameraTrap\5946ba57-23d2-11e8-a6a3-ec086b02610b.jpg;1
\vacia\NOANIMAL_ZOO_5_6_7_9\20_20210319 (5875).JPG;0
\ave\bustardkori_SnapshotKgalagai\KGA_S1_B08_R1_IMAG0106.JPG;1
\vacia\NOANIMAL_ZOO_5_6_7_9\25_20210417 (17054).JPG;0
\zorro\zorro_Leo_Otra_fauna_PASADA_POR_LA_RED_JC\Otrafauna (273).JPG;1
\cervidae\3_ciervo_simone_2\37_20201024 (12466).JPG;1
\caballo\caballos_TH_JC\17_20201611 (207).JPG;1
\vacia\vacia_Soraya_Padilla_Alumno_1_TH\STC_0058_frame040.jpg;0
\vacia\empty_caltechCameraTraps\5a1caec9-23d2-11e8-a6a3-ec086b02610b.jpg;0
\jabali\jabali_buscar_cab_isaac_sin_contar\9_20201712 (20).JPG;1
\vaca\cow_CaltechCameraTrap\58ff0e27-23d2-11e8-a6a3-ec086b02610b.jpg;1
\cervidae\corzo_alumno_2_AM_JC\STC_0027_frame070.jpg;1
\vacia\Nothing_mammalWeb\69939.jpg;0
\vacia\empty_IslandConservationCameraTraps\ecuador2_ic1607_20150122_054827_img_0413.jpg;0
\vacia\NOANIMAL_ZOO_1_4\6_20201812 (10618).JPG;0
\cervidae\ciervo_PNM_2012_ME\d15514IM000077.JPG;1
\caballo\HORSE_ZOO_1_4\2_20201117 (257).JPG;1
\vacia\SnampshotEnonkishu\ENO_S1_D03_R1_IMAG1677.JPG;0
\vacia\empty_IslandConservationCameraTraps\dominicanrepublic_cam0425abril2015_20130824_235140_sunp5424.jpg;0
\ave\bird_CaltechCameraTrap\5976a2a3-23d2-11e8-a6a3-ec086b02610b.jpg;1
\caballo\HORSE_ZOO_1_4\10_20201117 (5646).JPG;1
\ave\OTHERSPECIES_ZOO_5_6_7_9\25_20210219 (2741) (2021_04_15 06_16_22 UTC).JPG;1
\cervidae\cervidae_ME_rev_3_donana\34_20201024 (4426).JPG;1
\vacia\NOANIMAL_ZOO_5_6_7_9\50_20210417 (24958).JPG;0
\zorro\Red fox_mammalWeb\36270.jpg;1
\ave\OTHERSPECIES_ZOO_1_4\21_20201025 (5552).JPG;1
\leporido\rabbit_IslandConservationCameraTraps\chile_piedra012013_2303201391915.jpg;1
\vacia\NOANIMAL_ZOO_5_6_7_9\2_20210417 (10538).JPG;0
\humanovehiculo\humano_vehiculo_PNM_2013-O_ISAAC\f21263IM000761.JPG;1
\vacia\empty_caltechCameraTraps\5979bb50-23d2-11e8-a6a3-ec086b02610b.jpg;0
\vaca\cow_CaltechCameraTrap\58ac0e9f-23d2-11e8-a6a3-ec086b02610b.jpg;1
\vaca\COW_ZOO_5_6_7_9\21_20210318 (14337).JPG;1
\vacia\vacia_alumno_TH_3_TH_JC\30_20201021 (14978).JPG;0
\ave\OTHERSPECIES_ZOO_5_6_7_9\38_20210618 (3013).JPG;1
\vacia\NOANIMAL_ZOO_5_6_7_9\25_20210417 (8743).JPG;0
\humanovehiculo\car_CaltechCameraTrap_ME\vehiculo\5a0c9a91-23d2-11e8-a6a3-ec086b02610b.jpg;1
\vacia\vacias_PNM_2013-O_ISAAC\f3453IMAG0334.JPG;0
\cervidae\ciervo_PNC_2013-O_RED_ISAAC\b1273IMAG0118.JPG;1
\cervidae\ciervo_PNM_2013-O_ISAAC\f11236IM000247.JPG;1
\cervidae\CERVIDREDORFALLOWDEER_ZOO_5_6_7_9\2_20210319 (3666).JPG;1
\lince\Lince_b_Linces2_Leo_JC\lince133 (98).JPG;1
\cervidae\corzo_alumno_2_AM_JC\DSCF0008_frame280.jpg;1
\cervidae\ciervo_ME_rev_3_donana\34_20201024 (3630).JPG;1
\jabali\WILDBOAR_ZOO_1_4\28_20201019 (1626).JPG;1
\cervidae\2_ciervo_simone_2\34_20201024 (4885).JPG;1
\mapache\raccoon_CaltechCameraTrap_ME\58e0f48e-23d2-11e8-a6a3-ec086b02610b.jpg;1
\cervidae\Ciervo_PNC_2012_JC\a18421IM000034.JPG;1
\vacia\vacia_Paco_Carro_JC\01130019.JPG;0
\ave\ave_ave_WellingtonCameraTraps_SS\030716084454043a7513.JPG;1
\leporido\rabbit_IslandConservationCameraTraps\chile_frances012013_22122012140600.jpg;1
\humanovehiculo\humano_vehiculo_PNM_2013-O_ISAAC\f1522IM000009.JPG;1
\meloncillo\Meloncillo_PEPE_IREC_JC\IMAG0077.JPG;1
\vacia\empty_IslandConservationCameraTraps\dominicanrepublic_cam1825septiembre2015_20150725_121702_img_0030.jpg;0
\zorro\Zorro_Pepe_IREC\Zorro_Pepe_Irec_ME\IMAG0906.JPG;1
\leporido\rabbit_IslandConservationCameraTraps\chile_piedra012013_24032013194324.jpg;1
\vacia\vacia_ave_WellingtonCameraTraps_SS\110116090554046a6243.JPG;0
\vacia\Nothing_mammalWeb\44772.jpg;0
\humanovehiculo\humanovehiculo_PNC_2014_manuel\c25673IM000010.JPG;1
\vacia\empty_IslandConservationCameraTraps\micronesia_cam04_cam04june2019_20190623035003_rcnx4634.jpg;0
\lince\linces_fecha_Linces2_Leo_JC\3_Lince_flecha_Linces2_Leo_JC\lince228 (295).jpg;1
\mapache\raccoon_CaltechCameraTrap_ME\59dc2559-23d2-11e8-a6a3-ec086b02610b.jpg;1
\lince\Lince_b_Linces2_Leo_JC\lince168 (44).JPG;1
\vacia\empty_IslandConservationCameraTraps\puertorico_17b_20141123_140152_img_0059.jpg;0
\vacia\empty_IslandConservationCameraTraps\dominicanrepublic_cam0425abril2015_20130821_050152_sunp4030.jpg;0
\lince\Lince_a_Linces2_Leo_JC\Lince60 (171).JPG;1
\cervidae\CERVIDREDORFALLOWDEER_ZOO_1_4\4_20210117 (1244).JPG;1
\cervidae\ciervo_simone_2\40_20201024 (6508).JPG;1
\vacia\NOANIMAL_ZOO_1_4\37_20201116 (10357).JPG;0
\leporido\conejo_leo_donana\0010011.JPG;1
\humanovehiculo\humanovehiculo_PNC_2014_manuel\c4522IM000067.JPG;1
\vacia\empty_caltechCameraTraps\59af9663-23d2-11e8-a6a3-ec086b02610b.jpg;0
\cervidae\Ciervo_PNC_2012_JC\a13459IM000079.JPG;1
\cervidae\ciervo_PNC_2013-O_RED_ISAAC\b18753IMAG0091.JPG;1
\caballo\caballos_alumno_AM\caballos_alumno_AM\2_20201215 (4614).JPG;1
\vacia\vacia_ss\28_20201019 (48).JPG;0
\vacia\NOANIMAL_ZOO_1_4\29_20201117 (627).JPG;0
\cervidae\CERVIDREDORFALLOWDEER_ZOO_1_4\29_20201117 (638).JPG;1
\caballo\caballos_alumno_AM\caballos_alumno_AM\2_20201215 (6707).JPG;1
\ave\bird_CaltechCameraTrap\5888bcaa-23d2-11e8-a6a3-ec086b02610b.jpg;1
\micromamiferos\Small rodent_mammalWeb\22329.jpg;1
\ave\ave_Soraya_Padilla_Alumno_1_TH\STC_0049_frame010.jpg;1
\vacia\empty_IslandConservationCameraTraps\micronesia_cam12april2019_20190413_071502_rcnx0891.jpg;0
\vacia\vacia_alumno_AM_2\25_20201024 (303).JPG;0
\vacia\vacia_alumno_2_AM\Melmel 12_frame380.jpg;0
\vacia\NOANIMAL_ZOO_5_6_7_9\31_20210318 (840).JPG;0
\vaca\COW_ZOO_5_6_7_9\17_20210218 (487) (2021_04_15 06_16_22 UTC).JPG;1
\vaca\COW_ZOO_5_6_7_9\21_20210318 (14753).JPG;1
\cervidae\CERVIDREDORFALLOWDEER_ZOO_1_4\21_20201025 (2174).JPG;1
\cervidae\ciervo_PNC_2014_ISAAC\c21325IM000045.JPG;1
\cervidae\ciervo_PNC_2013-I_RED_ME\6083IM000145.JPG;1
\meloncillo\Meloncillo_PEPE_IREC_JC\IMAG0025_(9).JPG;1
\cervidae\ciervo_Javi_3_JC\21_20201025 (4269).JPG;1
\vacia\vacia_Paco_Carro_JC\IMG_1214.JPG;0
\vacia\empty_SnapshotMountainZebra\MTZ_S1_D06_R1_IMAG2555.JPG;0
\cervidae\deer_CaltechCameraTrap\5a2af3ce-23d2-11e8-a6a3-ec086b02610b.jpg;1
\jabali\WILDBOAR_ZOO_1_4\37_20201116 (12451).JPG;1
\vacia\NOANIMAL_ZOO_5_6_7_9\24_20210318 (13140).JPG;0
\vacia\NOANIMAL_ZOO_1_4\16_20210116 (32).JPG;0
\zorro\Zorro_PNC_2014_JC\c4790IM000053.JPG;1
\cervidae\ciervo_vacías_humanos_PNC_2012_ME\a14932IM000860.JPG;1
\vacia\empty_SnapshotKaroo\KAR_S1_B01_R1_IMAG2243.JPG;0
\tejon\Tejon_PNC_2014_JC\c30334IM000110.JPG;1
\zorro\zorro_PNC_2014_manuel\c3119IM000064.JPG;1
\cervidae\deer_CaltechCameraTrap\59c99dc9-23d2-11e8-a6a3-ec086b02610b.jpg;1
\vacia\empty_SnapshotMountainZebra\MTZ_S1_C04_R3_IMAG0073.JPG;0
\leporido\rabbit_IslandConservationCameraTraps\chile_frances012013_27122012194111.jpg;1
\gato_domestico\gato_WellingtonCameraTraps_SS\1803151200240220S163.JPG;1
\ave\ave_ave_WellingtonCameraTraps_SS\060216120318009cs151.JPG;1
\humanovehiculo\humano_vehiculo_PNC_2013-I_ISAAC\4720IM000158.JPG;1
\ave\aves_ME_CASA\IMG_0567.JPG;1
\caballo\caballos_alumno_AM\caballos_alumno_AM\9_20201712 (1038).JPG;1
\vaca\COW_ZOO_5_6_7_9\39_20210417 (1844).JPG;1
\vacia\vacia_javi_2_JC\27_20201023 (6891).JPG;0
\cervidae\deer_CaltechCameraTrap\592f7006-23d2-11e8-a6a3-ec086b02610b.jpg;1
\vaca\cow_CaltechCameraTrap\58b6669f-23d2-11e8-a6a3-ec086b02610b.jpg;1
\ave\MIRLO_PNM_2012_ISAAC\d13515IM000007.JPG;1
\vacia\vacia_Paco_Carro_JC\IMG_0888.JPG;0
\cervidae\3_ciervo_simone_2\37_20201024 (9611).JPG;1
\jabali\WILDBOAR_ZOO_1_4\40_20201215 (426).JPG;1
\humanovehiculo\car_CaltechCameraTrap_ME\vehiculo\59439c41-23d2-11e8-a6a3-ec086b02610b.jpg;1
\vacia\NOANIMAL_ZOO_5_6_7_9\24_20210318 (5985).JPG;0
\vacia\NOANIMAL_ZOO_1_4\10_20201019 (2131).JPG;0
\vacia\NOANIMAL_ZOO_5_6_7_9\31_20210219 (1021) (2021_04_15 06_16_22 UTC).JPG;0
\lince\linces_Linces2_Leo_JC\2_Lince_Linces2_Leo_JC\lince179 (16).JPG;1
\cervidae\ciervo_PNM_2012_ME\d494IM000121.JPG;1
\cervidae\CERVIDREDORFALLOWDEER_ZOO_5_6_7_9\35_20210418 (240).JPG;1
\cervidae\ciervo_PNC_2013-O_RED_ISAAC\b14186IM000437.JPG;1
\jabali\WILDBOAR_ZOO_1_4\12_20210116 (31).JPG;1
\ave\bird_CaltechCameraTrap\59b483a0-23d2-11e8-a6a3-ec086b02610b.jpg;1
\cervidae\Ciervo_PNC_2014_JC\c29618IM000038.JPG;1
\vacia\empty_IslandConservationCameraTraps\dominicanrepublic_cam1826junio2015_20150504_131345_img_0329.jpg;0
\cervidae\ciervo_simone_2\37_20201024 (9405).JPG;1
\zorro\zorro_PNC_2014_manuel\c40IM000043.JPG;1
\ave\bird_CaltechCameraTrap\5938c115-23d2-11e8-a6a3-ec086b02610b.jpg;1
\leporido\rabbit_CaltechCameraTrap_ME\587b7d10-23d2-11e8-a6a3-ec086b02610b.jpg;1
\vacia\vacias_PNM_2013-O_ISAAC\f2968IMAG0730.JPG;0
\vacia\NOANIMAL_ZOO_5_6_7_9\31_20210615 (381).JPG;0
\vaca\COW_ZOO_1_4\17_20210114 (1676).JPG;1
\cervidae\ciervo_PNC_2013-I_ME\8804IM000046.JPG;1
\vacia\vacias_PNC_2014_ISAAC\c20664IM000342.JPG;0
\cervidae\CERVIDREDORFALLOWDEER_ZOO_5_6_7_9\49_20210418 (4540).JPG;1
\vaca\COW_ZOO_1_4\35_20210114 (552).JPG;1
\leporido\rabbit_IslandConservationCameraTraps\chile_frances012013_27122012154947.jpg;1
\vacia\empty_SnapshotMountainZebra\MTZ_S1_D06_R1_IMAG2243.JPG;0
\humanovehiculo\humanovehiculo_vacías_humanos_PNC_2012_ME\a20398IM000008.JPG;1
\caballo\caballos_alumno_AM\caballos_alumno_AM\9_20201712 (1357).JPG;1
\vacia\NOANIMAL_ZOO_1_4\21_20210114 (1245).JPG;0
\vacia\empty_IslandConservationCameraTraps\puertorico_19_20150112_122924_img_0219.jpg;0
\cervidae\CERVIDREDORFALLOWDEER_ZOO_1_4\34_20201024 (4642).JPG;1
\cervidae\cervidae_buscar_cab_isaac_sin_contar\9_20201712 (2387).JPG;1
\vacia\NOANIMAL_ZOO_5_6_7_9\41_20210218 (303) (2021_04_15 06_16_22 UTC).JPG;0
\lince\Lince_a_Linces2_Leo_JC\lince102 (105).JPG;1
\leporido\Lagomorpha1__diego_1_rev_donana\21_20201025 (1389).JPG;1
\cervidae\cervidae_PNM_2013-I_ISAAC\e5431IMAG0034.JPG;1
\vacia\NOANIMAL_ZOO_1_4\15_20201024 (20863).JPG;0
\leporido\rabbit_IslandConservationCameraTraps\chile_frances022013_01052013135838.jpg;1
\humanovehiculo\car_CaltechCameraTrap_ME\vehiculo\59910479-23d2-11e8-a6a3-ec086b02610b.jpg;1
\vaca\COW_ZOO_1_4\21_20201025 (3405).JPG;1
\vacia\vacia_Paco_Carro_JC\01140951.JPG;0
\tejon\TEJON_PNM_2012_ISAAC\d15945FILE0003.JPG;1
\cervidae\cervidae_Javi_3_JC\7_20201025 (50).JPG;1
\jabali\WILDBOAR_ZOO_1_4\37_20201116 (14440).JPG;1
\vacia\NOANIMAL_ZOO_5_6_7_9\50_20210408 (3456).JPG;0
\micromamiferos\micromamiferos_Paco_Carro_JC\IMG_0404.JPG;1
\zorro\zorro_PNM_2012_ME\d3327IM000017.JPG;1
\cervidae\ciervo_simone_2\37_20201024 (1561).JPG;1
\vacia\NOANIMAL_ZOO_5_6_7_9\28_20210417 (6374).JPG;0
\zorro\zorro_PNC_2014_manuel\c6674IM000023.JPG;1
\vacia\NOANIMAL_ZOO_1_4\43_20201217 (2219).JPG;0
\vacia\empty_IslandConservationCameraTraps\dominicanrepublic_cam11101agosto2017_20170707_141556_img_0371.jpg;0
\zorro\ZORRO_PNM_2012_ISAAC\d11224IMAG0015.JPG;1
\vacia\empty_IslandConservationCameraTraps\dominicanrepublic_cam1725abril2015_20150420_073612_img_0730.jpg;0
\jabali\jabali_PNC_2013-O_RED_ISAAC\b1393IMAG0245.JPG;1
\humanovehiculo\humanovehiculo_PNC_2014_manuel\c14615IMAG0077.JPG;1
\vacia\vacias_PNC_2014_ISAAC\c6656IM000004.JPG;0
\lince\linces_fecha_Linces2_Leo_JC\2_Lince_flecha_Linces2_Leo_JC\lince209 (20).JPG;1
\vacia\NOANIMAL_ZOO_5_6_7_9\42_20210618 (530).JPG;0
\jabali\WILDBOAR_ZOO_1_4\37_20201116 (5111).JPG;1
\vacia\vacia_Soraya_Padilla_Alumno_1_TH\DSCF0099_frame050.jpg;0
\vacia\empty_SnapshotCamdeboo\CDB_S1_C04_R2_IMAG0134.JPG;0
\zorro\Zorro_Pepe_IREC\Zorro_Pepe_Irec_ME\IMAG3606.JPG;1
\jabali\WILDBOAR_ZOO_5_6_7_9\11_20210218 (889) (2021_04_15 06_16_22 UTC).JPG;1
\meloncillo\meloncillo_Leo_Otra_fauna_PASADA_POR_LA_RED_JC\Otrafauna (180).JPG;1
\cervidae\ciervo_PNM_2013-O_ISAAC\f11253IM000265.JPG;1
\cervidae\CERVIDREDORFALLOWDEER_ZOO_1_4\21_20201025 (4807).JPG;1
\vacia\empty_IslandConservationCameraTraps\dominicanrepublic_cam0425abril2015_20130827_044652_sunp6509.jpg;0
\vacia\NOANIMAL_ZOO_1_4\6_20201812 (8704).JPG;0
\vacia\vacias_PNM_2013-I_ISAAC\e784IM000006.JPG;0
\vacia\vacia_alumno_1_AM\10_20201019 (258).JPG;0
\lince\linces_fecha_Linces2_Leo_JC\2_Lince_flecha_Linces2_Leo_JC\Lince69 (15).JPG;1
\micromamiferos\rat_IslandConservationCameraTraps\micronesia_cam09_cam09june2019_20190615204731_rcnx0083.jpg;1
\caballo\caballos_alumno_AM\caballos_alumno_AM\9_20201712 (1002).JPG;1
\cervidae\ciervo_PNC_2013-I_ME\3350IM000030.JPG;1
\humanovehiculo\humanovehiculo_PNC_2014_manuel\c9633IM000001.JPG;1
\cervidae\deer_CaltechCameraTrap\59c99f24-23d2-11e8-a6a3-ec086b02610b.jpg;1
\leporido\conejo_WellingtonCameraTraps_SS\210816175306011bs104.JPG;1
\vacia\vacia_alumno_AM_2\10_20201019 (7008).JPG;0
\micromamiferos\micromamifero_WellingtonCameraTraps_SS\080816025824045c7512.JPG;1
\vacia\NOANIMAL_ZOO_1_4\6_20201116 (4653).JPG;0
\vacia\NOANIMAL_ZOO_5_6_7_9\50_20210408 (20928).JPG;0
\vacia\NOANIMAL_ZOO_5_6_7_9\49_20210418 (4957).JPG;0
\vacia\NOANIMAL_ZOO_1_4\7_20210115 (2732).JPG;0
\cervidae\CERVIDREDORFALLOWDEER_ZOO_1_4\2_20201117 (1669).JPG;1
\cervidae\CERVIDREDORFALLOWDEER_ZOO_1_4\4_20210117 (4603).JPG;1
\vacia\NOANIMAL_ZOO_5_6_7_9\24_20210318 (14943).JPG;0
\vacia\NOANIMAL_ZOO_5_6_7_9\10_20210219 (21570) (2021_04_15 06_16_22 UTC).JPG;0
\cervidae\CERVIDREDORFALLOWDEER_ZOO_5_6_7_9\36_20210618 (3610).JPG;1
\vacia\vacia_javi_2_JC\27_20201023 (6278).JPG;0
\cervidae\CERVIDREDORFALLOWDEER_ZOO_1_4\2_20201215 (8785).JPG;1
\cervidae\CERVIDREDORFALLOWDEER_ZOO_5_6_7_9\5_20210417 (866).JPG;1
\vacia\NOANIMAL_ZOO_1_4\7_20210115 (3850).JPG;0
\vacia\empty_caltechCameraTraps\59f5fd9f-23d2-11e8-a6a3-ec086b02610b.jpg;0
\vaca\COW_ZOO_1_4\21_20201217 (1982).JPG;1
\humanovehiculo\humanovehiculo_PNC_2014_manuel\c14688IMAG0137.JPG;1
\vacia\Nothing_mammalWeb\24338.jpg;0
\vacia\NOANIMAL_ZOO_5_6_7_9\11_20210218 (155) (2021_04_15 06_16_22 UTC).JPG;0
\gato_domestico\gato_WellingtonCameraTraps_SS\2404151112400237S061.JPG;1
\cervidae\ciervo_PNC_2013-I_RED_ME\1578IM000131.JPG;1
\jabali\WILDBOAR_ZOO_1_4\32_20201218 (282).JPG;1
\lince\Lince_b_Linces2_Leo_JC\lince228 (586).JPG;1
\ave\ave_Soraya_Padilla_Alumno_1_TH\DSCF0035_frame060.jpg;1
\vacia\empty_caltechCameraTraps\59d5b752-23d2-11e8-a6a3-ec086b02610b.jpg;0
\jabali\WILDBOAR_ZOO_1_4\37_20210115 (588).JPG;1
\leporido\rabbit_IslandConservationCameraTraps\chile_frances012013_0901201390817.jpg;1
\jabali\WILDBOAR_ZOO_1_4\21_20201025 (2522).JPG;1
\cervidae\gamo_Leo_Otra_fauna_PASADA_POR_LA_RED_JC\Otrafauna (563).JPG;1
\cervidae\ciervo_vacías_humanos_PNC_2012_ME\a23788IM000239.JPG;1
\cervidae\ciervo_PNM_2012_ISAAC\d11147IM000544.JPG;1
\leporido\rabbit_IslandConservationCameraTraps\chile_piedra012013_2303201391726.jpg;1
\cervidae\CERVIDREDORFALLOWDEER_ZOO_1_4\39_20201116 (510).JPG;1
\cervidae\ciervo_PNC_2013-O_RED_ISAAC\b17907IM000209.JPG;1
\cervidae\CERVIDREDORFALLOWDEER_ZOO_1_4\15_20201215 (1410).JPG;1
\perro\dog_caltechCameraTraps\596d6578-23d2-11e8-a6a3-ec086b02610b.jpg;1
\zorro\zorro_vacías_humanos_PNC_2012_ME\a47551IM000044.JPG;1
\vacia\empty_caltechCameraTraps\59e1049e-23d2-11e8-a6a3-ec086b02610b.jpg;0
\cervidae\CERVIDREDORFALLOWDEER_ZOO_1_4\21_20201025 (4130).JPG;1
\vacia\vacia_javi_2_JC\27_20201023 (8321).JPG;0
\gato_domestico\gato_WellingtonCameraTraps_SS\150816045950003cs073.JPG;1
\vacia\Nothing_mammalWeb\25957.jpg;0
\jabali\WILDBOAR_ZOO_1_4\11_20201217 (250).JPG;1
\vacia\empty_IslandConservationCameraTraps\dominicanrepublic_cam1826julio2015_20150713_100222_img_2154.jpg;0
\vacia\NOANIMAL_ZOO_5_6_7_9\9_20210418 (1025).JPG;0
\caballo\HORSE_ZOO_1_4\15_20210117 (13611).JPG;1
\humanovehiculo\humanovehiculo_vacías_humanos_PNC_2012_ME\a44222IMAG0002.JPG;1
\humanovehiculo\humanovehiculo_vacías_humanos_PNC_2012_ME\a24520IM000291.JPG;1
\cervidae\CERVIDREDORFALLOWDEER_ZOO_1_4\29_20201117 (1103).JPG;1
\leporido\rabbit_IslandConservationCameraTraps\chile_piedra012013_18032013164144.jpg;1
\cervidae\6_ciervo_Paco_Carro_JC\IMG_0041.JPG;1
\vacia\NOANIMAL_ZOO_1_4\10_20201117 (1925).JPG;0
\vacia\empty_IslandConservationCameraTraps\dominicanrepublic_cam0425abril2015_20130820_071532_sunp3401.jpg;0
\leporido\2_conejo_Paco_Carro_JC\PICT1148.JPG;1
\vacia\NOANIMAL_ZOO_1_4\34_20210115 (7927).JPG;0
\jabali\3_jabali_javi_JC\37_20201024 (844).JPG;1
\cervidae\ciervo_PNC_2013-I_ME\6645IM000030.JPG;1
\garduna\garduna_PNM_2013-O_ME\f11141IM000147.JPG;1
\cervidae\CERVIDREDORFALLOWDEER_ZOO_1_4\40_20201117 (805).JPG;1
\vacia\empty_caltechCameraTraps\59ef8c8a-23d2-11e8-a6a3-ec086b02610b.jpg;0
\cervidae\ciervo_PNC_2012_ISAAC\a13670IM000096.JPG;1
\vacia\Nothing_mammalWeb\14770.jpg;0
\cervidae\CERVIDREDORFALLOWDEER_ZOO_5_6_7_9\22_20210318 (7856).JPG;1
\humanovehiculo\humanovehiculo_PNC_2014_manuel\c13229IMAG0178.JPG;1
\vacia\empty_IslandConservationCameraTraps\palau_cam15a083118_20180830_092642_rcnx0079.jpg;0
\cervidae\CERVIDREDORFALLOWDEER_ZOO_1_4\20_20201024 (740).JPG;1
\vacia\vacias_PNC_2014_ISAAC\c3756IMAG0091.JPG;0
\leporido\conejo_WellingtonCameraTraps_SS\160516070556016bs152.JPG;1
\ave\Chicken_ena24\6499.jpg;1
\zorro\Red fox_mammalWeb\37448.jpg;1
\zorro\zorro_vacías_humanos_PNC_2012_ME\a23095IM000028.JPG;1
\vaca\COW_ZOO_5_6_7_9\21_20200113 (986) (2021_04_15 06_16_22 UTC).JPG;1
\vacia\SnampshotEnonkishu\ENO_S1_D03_R1_IMAG2335.JPG;0
\vacia\NOANIMAL_ZOO_5_6_7_9\5_20210417 (3177).JPG;0
\vacia\empty_IslandConservationCameraTraps\ecuador1_cam1612_20150105_001548_img_1246.jpg;0
\vacia\empty_IslandConservationCameraTraps\dominicanrepublic_cam0425abril2015_20130818_044102_sunp2853.jpg;0
\cervidae\CERVIDREDORFALLOWDEER_ZOO_1_4\15_20201215 (6886).JPG;1
\micromamiferos\rat_IslandConservationCameraTraps\micronesia_cam09_cam09june2019_20190620175213_rcnx0543.jpg;1
\vacia\NOANIMAL_ZOO_1_4\7_20201217 (675).JPG;0
\vacia\NOANIMAL_ZOO_5_6_7_9\50_20210417 (24291).JPG;0
\lince\Lince_a_Linces2_Leo_JC\lince77 (280).JPG;1
\vacia\NOANIMAL_ZOO_1_4\34_20210115 (6878).JPG;0
\cervidae\ciervo_PNC_2013-I_ME\6196IM000077.JPG;1
\vaca\COW_ZOO_5_6_7_9\49_20210418 (2196).JPG;1
\vacia\empty_caltechCameraTraps\5a163e8d-23d2-11e8-a6a3-ec086b02610b.jpg;0
\cervidae\CERVIDREDORFALLOWDEER_ZOO_5_6_7_9\9_20210615 (2980).JPG;1
\humanovehiculo\humanovehiculo_PNC_2014_manuel\c12385IMAG0133.JPG;1
\vacia\NOANIMAL_ZOO_1_4\41_20210114 (298).JPG;0
\vacia\NOANIMAL_ZOO_5_6_7_9\50_20210417 (23227).JPG;0
\ave\short-eared_owl_IslandConservationCameraTraps\ecuador2_ic1605_20181024_050009_img_0159.jpg;1
\leporido\Rabbit_mammalWeb\10419.jpg;1
\vacia\vacias_1_de_2_PNC_2012_ISAAC\a36530IM000396.JPG;0
\jabali\WILDBOAR_ZOO_1_4\37_20201024 (895).JPG;1
\cervidae\CERVIDREDORFALLOWDEER_ZOO_1_4\35_20201218 (1252).JPG;1
\vacia\empty_SnapshotMountainZebra\MTZ_S1_D05_R1_IMAG1395.JPG;0
\gato_domestico\gato_WellingtonCameraTraps_SS\3105151545240549S261.JPG;1
\cervidae\deer_CaltechCameraTrap\595df046-23d2-11e8-a6a3-ec086b02610b.jpg;1
\vacia\vacias_PNC_2014_ISAAC\c596IM000007.JPG;0
\vacia\empty_SnapshotMountainZebra\MTZ_S1_E04_R1_IMAG0609.JPG;0
\cervidae\ciervo_PNC_2013-O_RED_ISAAC\b18296IM000125.JPG;1
\cervidae\CERVIDREDORFALLOWDEER_ZOO_1_4\21_20201119 (3414).JPG;1
\cervidae\CERVIDREDORFALLOWDEER_ZOO_1_4\24_20201019 (830).JPG;1
\garduna\garduna_PNM_2013-O_ME\f4610IM000279.JPG;1
\jabali\WILDBOAR_ZOO_5_6_7_9\11_20210218 (474) (2021_04_15 06_16_22 UTC).JPG;1
\vacia\NOANIMAL_ZOO_5_6_7_9\50_20210408 (8069).JPG;0
\micromamiferos\micromamiferos_Paco_Carro_JC\IMG_0395.JPG;1
\cervidae\ciervo_PNM_2013-O_ISAAC\f8683IM000159.JPG;1
\zorro\REDFOX_ZOO_1_4\32_20210114 (331).JPG;1
\lince\linces_Linces2_Leo_JC\2_Lince_Linces2_Leo_JC\lince130 (46).JPG;1
\vacia\vacia_Paco_Carro_JC\IMG_0738.JPG;0
\gineta\gineta_Saul Martin_FRAMES_SIN_REPETIDOS_REVISADOS_DIEGO\IMAG0017_frame240.jpg;1
\micromamiferos\rat_IslandConservationCameraTraps\micronesia_cam14_june2019_20190623042250_rcnx0487.jpg;1
\mapache\raccoon_CaltechCameraTrap_ME\591cb05a-23d2-11e8-a6a3-ec086b02610b.jpg;1
\vacia\empty_caltechCameraTraps\59942093-23d2-11e8-a6a3-ec086b02610b.jpg;0
\lince\Lince_a_Linces2_Leo_JC\lince102 (179).JPG;1
\vacia\vacias_PNC_2014_ISAAC\c20355IM000304.JPG;0
\jabali\3_jabali_PNC_2013-I_ME\8175IM000093.JPG;1
\lince\Lince_a_Linces2_Leo_JC\Lince60 (138).JPG;1
\jabali\WILDBOAR_ZOO_5_6_7_9\12_20210219 (138) (2021_04_15 06_16_22 UTC).JPG;1
\vacia\NOANIMAL_ZOO_5_6_7_9\18_20210417 (8832).JPG;0
\leporido\rabbit_CaltechCameraTrap_ME\5906f066-23d2-11e8-a6a3-ec086b02610b.jpg;1
\cervidae\Ciervo_PNC_2012_JC\a47417IM000047.JPG;1
\gato_domestico\gato_WellingtonCameraTraps_SS\0705151949020745L091.JPG;1
\vacia\NOANIMAL_ZOO_1_4\34_20201116 (1152).JPG;0
\cervidae\ciervo_vacías_humanos_PNC_2012_ME\a10838IM000295.JPG;1
\cervidae\CERVIDREDORFALLOWDEER_ZOO_5_6_7_9\2_20210219 (4431) (2021_04_15 06_16_22 UTC).JPG;1
\jabali\WILDBOAR_ZOO_5_6_7_9\15_20210219 (10638) (2021_04_15 06_16_22 UTC).JPG;1
\cervidae\ciervo_PNC_2013-I_ME\7852IM000158.JPG;1
\vacia\NOANIMAL_ZOO_5_6_7_9\25_20210417 (5911).JPG;0
\vacia\empty_IslandConservationCameraTraps\dominicanrepublic_cam0526junio2015_20150619_164209_sunp1086.jpg;0
\vacia\empty_SnapshotMountainZebra\MTZ_S1_C06_R3_IMAG1115.JPG;0
\vacia\NOANIMAL_ZOO_1_4\11_20210114 (49).JPG;0
\cervidae\CERVIDREDORFALLOWDEER_ZOO_5_6_7_9\10_20210319 (11820).JPG;1
\vacia\NOANIMAL_ZOO_1_4\34_20210115 (7334).JPG;0
\cervidae\deer_CaltechCameraTrap\5a2311be-23d2-11e8-a6a3-ec086b02610b.jpg;1
\mapache\raccoon_CaltechCameraTrap_ME\594081f2-23d2-11e8-a6a3-ec086b02610b.jpg;1
\lince\linces_fecha_Linces2_Leo_JC\2_Lince_flecha_Linces2_Leo_JC\lince214 (3).JPG;1
\cervidae\CERVIDREDORFALLOWDEER_ZOO_1_4\2_20201117 (2606).JPG;1
\jabali\WILDBOAR_ZOO_5_6_7_9\33_20210418 (424).JPG;1
\vacia\empty_IslandConservationCameraTraps\puertorico_26_20150512_150932_ek002102.jpg;0
\vacia\NOANIMAL_ZOO_5_6_7_9\5_20210319 (2608).JPG;0
\vacia\empty_IslandConservationCameraTraps\dominicanrepublic_cam1826junio2015_20150505_094558_img_1987.jpg;0
\vacia\NOANIMAL_ZOO_5_6_7_9\20_20210618 (12145).JPG;0
\vacia\empty_SnapshotMountainZebra\MTZ_S1_D06_R1_IMAG2908.JPG;0
\micromamiferos\rat_IslandConservationCameraTraps\micronesia_cam09_cam09june2019_20190618183913_rcnx0258.jpg;1
\cervidae\ciervo_simone_2\37_20201024 (12766).JPG;1
\gato_domestico\cat_IslandConservationCameraTraps\palau_cam13a12132018_20181020_031229_rcnx0916.jpg;1
\caballo\HORSE_ZOO_1_4\2_20201215 (1822).JPG;1
\cervidae\ciervo_PNM_2013-O_ME\f8598IM000144.JPG;1
\leporido\rabbit_IslandConservationCameraTraps\chile_frances022013_04052013131102.jpg;1
\cervidae\cervidae_ME_rev_3_donana\34_20201024 (4486).JPG;1
\cervidae\CERVIDREDORFALLOWDEER_ZOO_1_4\15_20210117 (8594).JPG;1
\gineta\gineta_Saul Martin_FRAMES_SIN_REPETIDOS_REVISADOS_DIEGO\IMAG0015_frame100.jpg;1
\vacia\NOANIMAL_ZOO_1_4\35_20201218 (1783).JPG;0
\lince\linces_fecha_Linces2_Leo_JC\2_Lince_flecha_Linces2_Leo_JC\lince125 (38).JPG;1
\vacia\empty_IslandConservationCameraTraps\ecuador1_ic1619_20181204_115341_img_3482.jpg;0
\vacia\vacia_alumno_1_TH\Nada (52)_frame010.jpg;0
\vaca\COW_ZOO_1_4\21_20201217 (1786).JPG;1
\vacia\empty_IslandConservationCameraTraps\dominicanrepublic_cam1826julio2015_20150628_123207_img_0679.jpg;0
\tejon\Tejon_PEPE_IREC_JC\IMAG0011_(3).JPG;1
\vacia\vacio_Saul Martin_FRAMES_SIN_REPETIDOS_REVISADOS_DIEGO\IMAG0010_frame480.jpg;0
\cervidae\CERVIDREDORFALLOWDEER_ZOO_5_6_7_9\38_20210618 (390).JPG;1
\gato_domestico\cat_IslandConservationCameraTraps\palau_cam13a12132018_20181020_031227_rcnx0912.jpg;1
\cervidae\2_ciervo_Javi_3_JC\21_20201025 (4003).JPG;1
\leporido\2_conejo_Paco_Carro_JC\PICT0140.JPG;1
\vacia\empty_IslandConservationCameraTraps\chile_filipiananbek2013_29102013100503.jpg;0
\jabali\WILDBOAR_ZOO_1_4\7_20201118 (2075).JPG;1
\vacia\NOANIMAL_ZOO_5_6_7_9\25_20210417 (12231).JPG;0
\cervidae\CERVIDREDORFALLOWDEER_ZOO_5_6_7_9\35_20210218 (2133) (2021_04_15 06_16_22 UTC).JPG;1
\cervidae\ciervo_PNC_2014_ISAAC\c24727IMAG0052.JPG;1
\vacia\NOANIMAL_ZOO_1_4\29_20201023 (773).JPG;0
\humanovehiculo\humano_vehiculo_PNM_2013-O_ISAAC\f10491IM000151.JPG;1
\vacia\vacias_2_de_2_PNC_2012_ISAAC\a472IM000141.JPG;0
\vacia\empty_caltechCameraTraps\595191f3-23d2-11e8-a6a3-ec086b02610b.jpg;0
\leporido\rabbit_IslandConservationCameraTraps\chile_frances012013_19122012160846.jpg;1
\vacia\empty_SnapshotMountainZebra\MTZ_S1_C06_R3_IMAG2340.JPG;0
\vacia\NOANIMAL_ZOO_5_6_7_9\24_20210318 (133).JPG;0
\cervidae\ciervo_PNC_2014_ISAAC\c23152IM000076.JPG;1
\vacia\vacias_PNM_2013-O_ISAAC\f6538IMAG0950.JPG;0
\vacia\empty_SnapshotMountainZebra\MTZ_S1_G04_R3_IMAG0367.JPG;0
\gato_domestico\cat_CaltechCameraTrap\58fa5ce6-23d2-11e8-a6a3-ec086b02610b.jpg;1
\ave\raven_IslandConservationCameraTraps\dominicanrepublic_cam11618mayo2017b_20170119_091534_img_0072.jpg;1
\vaca\Vaca_3_ME_rev_1_donana\15_20201024 (7453).JPG;1
\vacia\NOANIMAL_ZOO_5_6_7_9\24_20210615 (9080).JPG;0
\vacia\NOANIMAL_ZOO_1_4\15_20210117 (488).JPG;0
\cervidae\ciervo_Javi_3_JC\21_20201025 (2078).JPG;1
\ave\shearwater_IslandConservationCameraTraps\chile_vaqueria2013_1401201343545.jpg;1
\vacia\NOANIMAL_ZOO_5_6_7_9\50_20210417 (24060).JPG;0
\cervidae\Cervidae1___diego_1_rev_donana\37_20201024 (13127).JPG;1
\lince\Lince_a_Linces2_Leo_JC\Lince53 (268).JPG;1
\vacia\NOANIMAL_ZOO_5_6_7_9\24_20210219 (2504) (2021_04_15 06_16_22 UTC).JPG;0
\micromamiferos\rodent_CaltechCameraTrap_JC\Roedor_ rodent_CaltechCameraTrap_JC\59c66a6b-23d2-11e8-a6a3-ec086b02610b.jpg;1
\mapache\raccoon_CaltechCameraTrap_ME\596ef11d-23d2-11e8-a6a3-ec086b02610b.jpg;1
\vacia\empty_SnapshotMountainZebra\MTZ_S1_F04_R3_IMAG3722.JPG;0
\vacia\NOANIMAL_ZOO_1_4\9_20210114 (133).JPG;0
\mapache\raccoon_CaltechCameraTrap_ME\5a02fc66-23d2-11e8-a6a3-ec086b02610b.jpg;1
\vacia\empty_SnapshotKaroo\KAR_S1_C03_R1_IMAG0482.JPG;0
\vacia\vacias_PNC_2013-O_RED_ISAAC\b8915IMAG0120.JPG;0
\vacia\NOANIMAL_ZOO_5_6_7_9\25_20210417 (5805).JPG;0
\cervidae\CERVIDREDORFALLOWDEER_ZOO_5_6_7_9\33_20210418 (531).JPG;1
\cervidae\ciervo_vacías_humanos_PNC_2012_ME\a35277IM000129.JPG;1
\vaca\cow_CaltechCameraTrap\58f10899-23d2-11e8-a6a3-ec086b02610b.jpg;1
\cervidae\ciervo_Javi_3_JC\25_20201024 (1201).JPG;1
\vacia\empty_caltechCameraTraps\59629256-23d2-11e8-a6a3-ec086b02610b.jpg;0
\meloncillo\Meloncillo_PEPE_IREC_JC\IMAG0057_(3).JPG;1
\humanovehiculo\car_CaltechCameraTrap_ME\vehiculo\58d161b6-23d2-11e8-a6a3-ec086b02610b.jpg;1
\caballo\caballos_javier_JC\35_20201218 (720).JPG;1
\vacia\vacia_alumno_2_AM_JC\STC_0535_frame200.jpg;0
\cervidae\ciervo_vacías_humanos_PNC_2012_ME\a10172IM000135.JPG;1
\vacia\NOANIMAL_ZOO_1_4\2_20210115 (7277).JPG;0
\vacia\NOANIMAL_ZOO_1_4\6_20201116 (6582).JPG;0
\leporido\rabbit_IslandConservationCameraTraps\chile_piedra012013_17012013204106.jpg;1
\humanovehiculo\humanovehiculo_PNM_2013-I_ME\e4029IM000054.JPG;1
\vacia\vacias_1_de_2_PNC_2012_ISAAC\a46353IM000330.JPG;0
\ave\ave_ave_WellingtonCameraTraps_SS\040416090544047a1162.JPG;1
\vacia\NOANIMAL_ZOO_5_6_7_9\48_20210418 (390).JPG;0
\jabali\jabali_Paco_Carro_JC\MDGC0281.JPG;1
\cervidae\ciervo_simone_2\37_20201024 (2319).JPG;1
\vacia\empty_IslandConservationCameraTraps\dominicanrepublic_cam1626junio2015_20150427_095650_img_0006.jpg;0
\jabali\WILDBOAR_ZOO_1_4\24_20201117 (552).JPG;1
\cervidae\ciervo_PNC_2013-I_RED_ME\8466IMAG0008.JPG;1
\vacia\vacia_alumno_1_TH\Nada (49)_frame050.jpg;0
\vacia\NOANIMAL_ZOO_5_6_7_9\24_20210318 (12111).JPG;0
\jabali\2_jabali_javi_JC\29_20201023 (359).JPG;1
\vaca\COW_ZOO_1_4\21_20201217 (2159).JPG;1
\tejon\tejon_PNC_2014_manuel\c5014IM000037.JPG;1
\vacia\Nothing_mammalWeb\88481.jpg;0
\jabali\WILDBOAR_ZOO_1_4\43_20201118 (881).JPG;1
\vacia\empty_SnapshotMountainZebra\MTZ_S1_D06_R1_IMAG1870.JPG;0
\vacia\SnampshotEnonkishu\ENO_S1_D05_R1_IMAG2999.JPG;0
\zorro\zorro_PNC_2012_JC\a4079IM000081.JPG;1
\cervidae\CERVIDREDORFALLOWDEER_ZOO_1_4\3_20201217 (96).JPG;1
\cervidae\CERVIDREDORFALLOWDEER_ZOO_5_6_7_9\38_20210618 (3215).JPG;1
\ave\aves_ME_CASA\IMG_0580.JPG;1
\leporido\rabbit_IslandConservationCameraTraps\chile_frances022013_04052013110301.jpg;1
\cervidae\ciervo_simone_2\34_20201024 (5515).JPG;1
\leporido\rabbit_IslandConservationCameraTraps\chile_frances012013_0301201333050.jpg;1
\cervidae\ciervo_ME_rev_3_donana\34_20201024 (6262).JPG;1
\vacia\NOANIMAL_ZOO_5_6_7_9\36_20210319 (2920).JPG;0
\cervidae\CERVIDREDORFALLOWDEER_ZOO_5_6_7_9\15_20210219 (268) (2021_04_15 06_16_22 UTC).JPG;1
\lince\Lince_a_Linces2_Leo_JC\Lince51 (80).jpg;1
\gato_domestico\gato_WellingtonCameraTraps_SS\290616101142014as121.JPG;1
\vacia\NOANIMAL_ZOO_5_6_7_9\25_20210219 (3594) (2021_04_15 06_16_22 UTC).JPG;0
\vacia\vacias_PNM_2013-O_ISAAC\f406IM000301.JPG;0
\vacia\NOANIMAL_ZOO_1_4\25_20210115 (1446).JPG;0
\cervidae\CERVIDREDORFALLOWDEER_ZOO_1_4\2_20201117 (2544).JPG;1
\meloncillo\Meloncillo_PNM_2013-0_ME\f27063IMAG0067.JPG;1
\vacia\empty_caltechCameraTraps\59b12fdb-23d2-11e8-a6a3-ec086b02610b.jpg;0
\vacia\NOANIMAL_ZOO_1_4\24_20201117 (424).JPG;0
\vacia\empty_SnapshotMountainZebra\MTZ_S1_D07_R1_IMAG2347.JPG;0
\vacia\vacias_2_de_2_PNC_2012_ISAAC\a10831IM000287.JPG;0
\humanovehiculo\humanovehiculo_vacías_humanos_PNC_2012_ME\a35466IM000116.JPG;1
\vacia\NOANIMAL_ZOO_1_4\34_20210115 (4571).JPG;0
\lince\Lince_a_Linces2_Leo_JC\lince86 (42).JPG;1
\vacia\empty_IslandConservationCameraTraps\ecuador1_cam1612_20150209_051159_img_1446.jpg;0
\vacia\empty_SnapshotKaroo\KAR_S1_F02_R1_IMAG1051.JPG;0
\zorro\zorro_PNC_2012_JC\a40087IM000108.JPG;1
\jabali\WILDBOAR_ZOO_1_4\7_20201118 (2622).JPG;1
\cervidae\CERVIDREDORFALLOWDEER_ZOO_1_4\37_20210115 (819).JPG;1
\leporido\rabbit_IslandConservationCameraTraps\chile_frances012013_18122012152420.jpg;1
\zorro\REDFOX_ZOO_5_6_7_9\2_20210219 (1657) (2021_04_15 06_16_22 UTC).JPG;1
\zorro\zorro_PNC_2013-O_RED_ISAAC\b14949IMAG0240.JPG;1
\vacia\empty_IslandConservationCameraTraps\dominicanrepublic_cam1125abril2015_20150420_155117_img_2101.jpg;0
\cervidae\CERVIDREDORFALLOWDEER_ZOO_5_6_7_9\5_20210417 (492).JPG;1
\leporido\conejo_WellingtonCameraTraps_SS\250116183100011bs121.JPG;1
\vacia\empty_caltechCameraTraps\59531d55-23d2-11e8-a6a3-ec086b02610b.jpg;0
\zorro\Zorro_PNC_2014_JC\c5219IM000062.JPG;1
\gato_domestico\gato_WellingtonCameraTraps_SS\030516163624001c9961.JPG;1
\zorro\ZORRO_PNM_2013-I_ISAAC\e5522IMAG0121.JPG;1
\vacia\empty_IslandConservationCameraTraps\dominicanrepublic_cam1826junio2015_20150505_114422_img_2651.jpg;0
\cervidae\deer_CaltechCameraTrap\598f7606-23d2-11e8-a6a3-ec086b02610b.jpg;1
\vacia\NOANIMAL_ZOO_1_4\37_20201116 (7832).JPG;0
\cervidae\CERVIDREDORFALLOWDEER_ZOO_5_6_7_9\9_20210218 (314) (2021_04_15 06_16_22 UTC).JPG;1
\vacia\NOANIMAL_ZOO_1_4\7_20210115 (2987).JPG;0
\vacia\NOANIMAL_ZOO_1_4\15_20201117 (978).JPG;0
\vacia\NOANIMAL_ZOO_5_6_7_9\28_20210417 (1883).JPG;0
\vaca\COW_ZOO_5_6_7_9\39_20210318 (1589).JPG;1
\vacia\empty_SnapshotKaroo\KAR_S1_F02_R1_IMAG3412.JPG;0
\ave\American Crow_ena24\8389.jpg;1
\vaca\Vaca1_diego_1_rev_donana\15_20201024 (3014).JPG;1
\ave\chicken_IslandConservationCameraTraps\palau_cam13a12132018_20181101_163855_rcnx1172.jpg;1
\humanovehiculo\HUMANORVEHICLE_ZOO_5_6_7_9\31_20210318 (978).JPG;1
\zorro\REDFOX_ZOO_1_4\11_20201217 (390).JPG;1
\humanovehiculo\car_CaltechCameraTrap_ME\vehiculo\597fed18-23d2-11e8-a6a3-ec086b02610b.jpg;1
\cervidae\CERVIDREDORFALLOWDEER_ZOO_1_4\15_20210117 (3572).JPG;1
\vacia\vacia_alumno_AM_2\10_20201019 (7987).JPG;0
\vacia\empty_caltechCameraTraps\596a4df4-23d2-11e8-a6a3-ec086b02610b.jpg;0
\zorro\zorro_PNC_2013-O_RED_ISAAC\b19367IMAG0055.JPG;1
\gato_domestico\cat_CaltechCameraTrap\5910498b-23d2-11e8-a6a3-ec086b02610b.jpg;1
\lince\Lince_b_Linces2_Leo_JC\lince228 (220).JPG;1
\humanovehiculo\humanovehiculo_PNC_2014_manuel\c14626IMAG0088.JPG;1
\cervidae\CERVIDREDORFALLOWDEER_ZOO_1_4\29_20201117 (820).JPG;1
\zorro\zorro_ME_rev_1_donana\31_20201023 (330).JPG;1
\cervidae\cervidae_alumno_2_TH\34_20201024 (4555).JPG;1
\cervidae\ciervo_PNM_2013-I_ISAAC\e5360IMAG0125.JPG;1
\jabali\jabali_alumno_2_AM_JC\Susscr 24_frame060.jpg;1
\garduna\Garduña_PNC_2014_JC\c25215IM000049.JPG;1
\vaca\COW_ZOO_1_4\15_20201117 (1364).JPG;1
\vacia\NOANIMAL_ZOO_1_4\6_20201116 (4204).JPG;0
\vacia\vacia_alumno_2_AM\Musniv 02_frame160.jpg;0
\vacia\NOANIMAL_ZOO_1_4\34_20210115 (2224).JPG;0
\lince\linces_Linces2_Leo_JC\2_Lince_Linces2_Leo_JC\lince196 (25).JPG;1
\vacia\NOANIMAL_ZOO_1_4\43_20201217 (1936).JPG;0
\vacia\empty_IslandConservationCameraTraps\ecuador2_ic1607_20150122_064210_img_1093.jpg;0
\leporido\2_conejo_Paco_Carro_JC\PICT1159.JPG;1
\vacia\NOANIMAL_ZOO_1_4\26_20201020 (11496).JPG;0
\lince\Lince_b_Linces2_Leo_JC\lince184 (26).JPG;1
\vacia\vacias_1_de_2_PNC_2012_ISAAC\a38543IMAG0280.JPG;0
\zorro\zorro_PNC_2014_manuel\c2566IM000099.JPG;1
\cervidae\Ciervo_PNC_2012_JC\a23936IM000036.JPG;1
\vacia\NOANIMAL_ZOO_1_4\37_20201116 (4550).JPG;0
\vacia\NOANIMAL_ZOO_5_6_7_9\9_20210418 (1375).JPG;0
\ave\ave_ave_WellingtonCameraTraps_SS\091016150512049a7483.JPG;1
\humanovehiculo\humano_vehiculo_PNM_2012_ISAAC\d15255IM000013.JPG;1
\lince\Lince_b_Linces2_Leo_JC\lince161 (42).JPG;1
\vacia\empty_caltechCameraTraps\59c66b56-23d2-11e8-a6a3-ec086b02610b.jpg;0
\vacia\empty_IslandConservationCameraTraps\ecuador1_cam1612_20150215_064411_img_1560.jpg;0
\cervidae\CERVIDREDORFALLOWDEER_ZOO_5_6_7_9\2_20210319 (4154).JPG;1
\cervidae\CERVIDREDORFALLOWDEER_ZOO_5_6_7_9\5_20210219 (396) (2021_04_15 06_16_22 UTC).JPG;1
\gato_domestico\cat_IslandConservationCameraTraps\palau_cam10a12122018_20181105_095005_rcnx0966.jpg;1
\vacia\vacia_alumno_2_AM_JC\STC_0048_frame120.jpg;0
\vacia\NOANIMAL_ZOO_5_6_7_9\24_20210318 (5874).JPG;0
\leporido\Eastern Cottontail_ena24\8337.jpg;1
\gineta\gineta_Leo_Otra_fauna_PASADA_POR_LA_RED_JC\Otrafauna (1357).JPG;1
\vacia\vacias_1_de_2_PNC_2012_ISAAC\a39240IMAG0984.JPG;0
\caballo\caballos_javier_JC\35_20201218 (189).JPG;1
\leporido\LEPORIDRABBITORHARE_ZOO_5_6_7_9\2_20210319 (915).JPG;1
\vacia\empty_IslandConservationCameraTraps\dominicanrepublic_cam0425abril2015_20130809_041551_sunp1613.jpg;0
\vacia\vacio_Saul Martin_FRAMES_SIN_REPETIDOS_REVISADOS_DIEGO\IMAG0019_frame100 - copia.jpg;0
\vacia\NOANIMAL_ZOO_1_4\26_20201020 (3758).JPG;0
\micromamiferos\rat_IslandConservationCameraTraps\palau_cam6a12132018_20180921_041544_rcnx0591.jpg;1
\vacia\vacia_alumno_1_TH\Nada (47)_frame090.jpg;0
\vacia\NOANIMAL_ZOO_5_6_7_9\2_20210417 (20160).JPG;0
\cervidae\CERVIDREDORFALLOWDEER_ZOO_5_6_7_9\35_20210418 (1517).JPG;1
\zorro\Zorro_PNC_2014_JC\c21174IM000052.JPG;1
\vacia\NOANIMAL_ZOO_5_6_7_9\50_20210408 (23135).JPG;0
\humanovehiculo\humanovehiculo_vacías_humanos_PNC_2012_ME\a2964IM000064.JPG;1
\cervidae\CERVIDREDORFALLOWDEER_ZOO_1_4\36_20201019 (2127).JPG;1
\vacia\NOANIMAL_ZOO_1_4\15_20201024 (3818).JPG;0
\cervidae\CERVIDREDORFALLOWDEER_ZOO_5_6_7_9\2_20210319 (8066).JPG;1
\jabali\WILDBOAR_ZOO_1_4\7_20201118 (2277).JPG;1
\ave\OTHERSPECIES_ZOO_1_4\2_20201215 (5370).JPG;1
\gato_domestico\cat_IslandConservationCameraTraps\palau_cam02a12132018_20180908_034818_rcnx0366.jpg;1
\vacia\empty_SnapshotMountainZebra\MTZ_S1_D07_R1_IMAG1967.JPG;0
\vacia\NOANIMAL_ZOO_5_6_7_9\42_20210618 (510).JPG;0
\vacia\NOANIMAL_ZOO_1_4\6_20201812 (10856).JPG;0
\cervidae\2_ciervo_simone_2\37_20201024 (8512).JPG;1
\vacia\NOANIMAL_ZOO_5_6_7_9\39_20210318 (849).JPG;0
\vacia\empty_SnapshotMountainZebra\MTZ_S1_D06_R1_IMAG0136.JPG;0
\vaca\COW_ZOO_5_6_7_9\2_20210319 (8345).JPG;1
\vacia\vacias_2_de_2_PNC_2012_ISAAC\a4936IM000790.JPG;0
\cervidae\CERVIDREDORFALLOWDEER_ZOO_1_4\4_20201220 (817).JPG;1
\zorro\Zorro_PNC_2014_JC\c6143IM000144.JPG;1
\vacia\empty_IslandConservationCameraTraps\dominicanrepublic_cam1826julio2015_20150724_102523_img_2874.jpg;0
\vacia\empty_SnapshotMountainZebra\MTZ_S1_E04_R1_IMAG0759.JPG;0
\vacia\empty_IslandConservationCameraTraps\ecuador2_ic1607_20150122_061141_img_0584.jpg;0
\caballo\caballos_javier_JC\35_20201218 (393).JPG;1
\ave\bustardkori_SnapshotKaroo\KAR_S1_E02_R1_IMAG1365.JPG;1
\vacia\NOANIMAL_ZOO_5_6_7_9\49_20210615 (3159).JPG;0
\vacia\NOANIMAL_ZOO_1_4\12_20201025 (112).JPG;0
\lince\Lince_b_Linces2_Leo_JC\lince150 (115).JPG;1
\vacia\SnampshotEnonkishu\ENO_S1_D06_R1_IMAG5078.JPG;0
\caballo\HORSE_ZOO_1_4\6_20201812 (259).JPG;1
\lince\linces_fecha_Linces2_Leo_JC\3_Lince_flecha_Linces2_Leo_JC\Lince57 (275).JPG;1
\humanovehiculo\HUMANORVEHICLE_ZOO_1_4\11_20210114 (1110).JPG;1
\vacia\empty_IslandConservationCameraTraps\dominicanrepublic_cam0425abril2015_20130807_061619_sunp0691.jpg;0
\vacia\NOANIMAL_ZOO_1_4\10_20201117 (434).JPG;0
\cervidae\CERVIDREDORFALLOWDEER_ZOO_1_4\4_20201220 (2777).JPG;1
\vacia\NOANIMAL_ZOO_5_6_7_9\36_20210618 (5098).JPG;0
\jabali\WILDBOAR_ZOO_1_4\31_20201218 (57).JPG;1
\cervidae\ciervo_PNM_2013-O_ISAAC\f26725IMAG0205.JPG;1
\leporido\rabbit_IslandConservationCameraTraps\chile_frances012013_19122012172828.jpg;1
\vacia\NOANIMAL_ZOO_1_4\28_20201019 (329).JPG;0
\jabali\WILDBOAR_ZOO_1_4\29_20201023 (875).JPG;1
\vacia\vacias_PNM_2013-O_ISAAC\f3328IMAG0202.JPG;0
\cervidae\CERVIDREDORFALLOWDEER_ZOO_5_6_7_9\35_20210418 (75).JPG;1
\leporido\rabbit_CaltechCameraTrap_ME\5971f93d-23d2-11e8-a6a3-ec086b02610b.jpg;1
\vaca\COW_ZOO_5_6_7_9\9_20210615 (1627).JPG;1
\cervidae\CERVIDREDORFALLOWDEER_ZOO_1_4\2_20210115 (8321).JPG;1
\jabali\WILDBOAR_ZOO_5_6_7_9\20_20210219 (3164) (2021_04_15 06_16_22 UTC).JPG;1
\vaca\COW_ZOO_5_6_7_9\21_20210418 (1815).JPG;1
\cervidae\corzo_alumno_2_AM_JC\STC_0315_frame130.jpg;1
\cervidae\CERVIDREDORFALLOWDEER_ZOO_5_6_7_9\35_20210318 (335).JPG;1
\lince\Lince_a_Linces2_Leo_JC\lince50 (98).JPG;1
\vacia\empty_SnapshotMountainZebra\MTZ_S1_E06_R3_IMAG0097.JPG;0
\vaca\cow_CaltechCameraTrap\58bea650-23d2-11e8-a6a3-ec086b02610b.jpg;1
\vaca\cow_CaltechCameraTrap\585daa44-23d2-11e8-a6a3-ec086b02610b.jpg;1
\ave\ave_Paco_Carro_camarasliron_4_2_PASADAS_POR_LA_RED_JC\MDGC0598.JPG;1
\meloncillo\meloncillo_Leo_Otra_fauna_PASADA_POR_LA_RED_JC\Otrafauna (1684).JPG;1
\zorro\Zorro_Pepe_IREC\Zorro_Pepe_Irec_ME\IMAG0486.JPG;1
\lince\Lince_b_Linces2_Leo_JC\lince224 (211).jpg;1
\vacia\empty_SnapshotKaroo\KAR_S1_B01_R1_IMAG3610.JPG;0
\leporido\rabbit_CaltechCameraTrap_ME\59fae3eb-23d2-11e8-a6a3-ec086b02610b.jpg;1
\vacia\empty_SnapshotMountainZebra\MTZ_S1_C06_R3_IMAG0427.JPG;0
\gato_domestico\gato_WellingtonCameraTraps_SS\260316173550012a8831.JPG;1
\gato_domestico\Gato_domestico_alumno_2_AM_JC\Gato (2)_frame060.jpg;1
\humanovehiculo\humanovehiculo_PNC_2014_manuel\c10817IM000003.JPG;1
\vacia\vacia_Paco_Carro_JC\01110689.JPG;0
\cervidae\CERVIDREDORFALLOWDEER_ZOO_1_4\17_20201225 (61).JPG;1
\cervidae\deer_CaltechCameraTrap\59782efb-23d2-11e8-a6a3-ec086b02610b.jpg;1
\leporido\conejo_WellingtonCameraTraps_SS\220916143124016b8833.JPG;1
\vacia\empty_IslandConservationCameraTraps\dominicanrepublic_cam0527septiembre2015_20130806_121854_sunp0522.jpg;0
\vacia\NOANIMAL_ZOO_1_4\26_20201020 (4533).JPG;0
\lince\Lince_a_Linces2_Leo_JC\lince127 (37).JPG;1
\vacia\Vacias_PNC_2013-O_ME\b11505IMAG0246.JPG;0
\vacia\vacia_Paco_Carro_JC\MDGC0760.JPG;0
\cervidae\CERVIDREDORFALLOWDEER_ZOO_5_6_7_9\28_20210318 (16076).JPG;1
\cervidae\ciervo_PNC_2014_ISAAC\c11458IMAG0224.JPG;1
\leporido\rabbit_IslandConservationCameraTraps\chile_frances012013_0901201340952.jpg;1
\cervidae\CERVIDREDORFALLOWDEER_ZOO_1_4\2_20210115 (9938).JPG;1
\vacia\NOANIMAL_ZOO_1_4\26_20201020 (4832).JPG;0
\humanovehiculo\humanovehiculo_vacías_humanos_PNC_2012_ME\a52666IM000031.JPG;1
\ave\bird_CaltechCameraTrap\5900a0ef-23d2-11e8-a6a3-ec086b02610b.jpg;1
\vacia\NOANIMAL_ZOO_1_4\40_20201024 (5982).JPG;0
\gato_domestico\cat_IslandConservationCameraTraps\palau_cam04a12132018_20180919_085030_rcnx1426.jpg;1
\vacia\NOANIMAL_ZOO_1_4\34_20210115 (6341).JPG;0
\gato_domestico\cat_IslandConservationCameraTraps\chile_vaqueria2013_01012013213434.jpg;1
\cervidae\CERVIDREDORFALLOWDEER_ZOO_5_6_7_9\15_20210219 (3709) (2021_04_15 06_16_22 UTC).JPG;1
\vacia\NOANIMAL_ZOO_1_4\37_20201024 (2007).JPG;0
\vacia\NOANIMAL_ZOO_1_4\21_20201025 (2796).JPG;0
\lince\linces_fecha_Linces2_Leo_JC\3_Lince_flecha_Linces2_Leo_JC\lince70 (217).JPG;1
\vacia\empty_caltechCameraTraps\59f9473b-23d2-11e8-a6a3-ec086b02610b.jpg;0
\vacia\vacias_PNC_2013-O_RED_ISAAC\b3960IMAG1705.JPG;0
\vacia\NOANIMAL_ZOO_1_4\43_20201217 (1521).JPG;0
\ave\Bird_ena24\55.jpg;1
\leporido\rabbit_CaltechCameraTrap_ME\59cf467a-23d2-11e8-a6a3-ec086b02610b.jpg;1
\leporido\Rabbit_mammalWeb\155940.jpg;1
\cervidae\CERVIDREDORFALLOWDEER_ZOO_1_4\15_20201215 (3798).JPG;1
\ave\OTHERSPECIES_ZOO_1_4\15_20210117 (2838).JPG;1
\cervidae\CERVIDREDORFALLOWDEER_ZOO_5_6_7_9\42_20210618 (179).JPG;1
\vacia\NOANIMAL_ZOO_1_4\26_20201020 (11550).JPG;0
\jabali\2_jabali_alumno_TH_3_TH_JC\40_20201024 (732).JPG;1
\ave\ave_ave_WellingtonCameraTraps_SS\200116182546039a1166.JPG;1
\zorro\Zorro_Pepe_IREC\Zorro_Pepe_Irec_ME\IMAG0172_(14).JPG;1
\lince\Lince_b_Linces2_Leo_JC\lince146 (150).JPG;1
\vacia\vacias_PNC_2014_ISAAC\c9525IM000274.JPG;0
\vacia\vacia_buscar_cab_isaac_sin_contar\28_20201218 (1570).JPG;0
\vaca\COW_ZOO_1_4\6_20201116 (1383).JPG;1
\vacia\NOANIMAL_ZOO_1_4\43_20201217 (1917).JPG;0
\leporido\rabbit_CaltechCameraTrap_ME\5858bf5a-23d2-11e8-a6a3-ec086b02610b.jpg;1
\humanovehiculo\car_CaltechCameraTrap_ME\vehiculo\5a1b1587-23d2-11e8-a6a3-ec086b02610b.jpg;1
\vacia\empty_SnapshotMountainZebra\MTZ_S1_E06_R3_IMAG0763.JPG;0
\cervidae\ciervo_PNC_2013-O_RED_ISAAC\b5882IM000346.JPG;1
\cervidae\Ciervo_PNC_2014_JC\c25441IM000044.JPG;1
\cervidae\ciervo_vacías_humanos_PNC_2012_ME\a2259IM000055.JPG;1
\ave\ave_ave_WellingtonCameraTraps_SS\041116052052048a2543.JPG;1
\micromamiferos\micromamifero_WellingtonCameraTraps_SS\191016034318044a1131.JPG;1
\leporido\conejo_leo_donana\0009714.JPG;1
\zorro\zorro_PNC_2014_manuel\c5670IM000078.JPG;1
\garduna\garduña_Saul Martin_FRAMES_SIN_REPETIDOS_REVISADOS_DIEGO\IMAG0024_frame480.jpg;1
\vacia\vacias_ME_CASA\IMG_0493_copy_1.JPG;0
\leporido\rabbit_CaltechCameraTrap_ME\595dee8f-23d2-11e8-a6a3-ec086b02610b.jpg;1
\humanovehiculo\humanovehiculo_PNC_2013-O_RED_ISAAC\b8263FILE0080.JPG;1
\vaca\COW_ZOO_1_4\15_20201024 (7740).JPG;1
\humanovehiculo\car_CaltechCameraTrap_ME\vehiculo\597e6170-23d2-11e8-a6a3-ec086b02610b.jpg;1
\cervidae\CERVIDREDORFALLOWDEER_ZOO_5_6_7_9\10_20210319 (12072).JPG;1
\vacia\NOANIMAL_ZOO_1_4\37_20201024 (792).JPG;0
\vacia\vacia_alumno_2_AM\Perro 23_frame300.jpg;0
\vacia\NOANIMAL_ZOO_1_4\37_20201116 (10944).JPG;0
\cervidae\CERVIDREDORFALLOWDEER_ZOO_5_6_7_9\19_20210319 (2905).JPG;1
\humanovehiculo\humanovehiculo_Caltech\59bca488-23d2-11e8-a6a3-ec086b02610b.jpg;1
\micromamiferos\rat_IslandConservationCameraTraps\micronesia_cam09_cam09june2019_20190618183945_rcnx0265.jpg;1
\micromamiferos\micromamifero_alumno_1_TH\Nada (23)_frame060.jpg;1
\lince\Lince_a_Linces2_Leo_JC\lince125 (235).JPG;1
\vacia\SnampshotEnonkishu\ENO_S1_D06_R1_IMAG3788.JPG;0
\leporido\conejo_Paco_Carro_JC\PICT0643.JPG;1
\jabali\WILDBOAR_ZOO_1_4\7_20201118 (1859).JPG;1
\cervidae\CIERVO_PNM_2012_ISAAC\d14615FILE0003.JPG;1
\vacia\empty_SnapshotMountainZebra\MTZ_S1_D05_R1_IMAG1114.JPG;0
\cervidae\4_ciervo_simone_2\34_20201024 (5787).JPG;1
\vacia\NOANIMAL_ZOO_1_4\7_20210115 (1915).JPG;0
\vacia\NOANIMAL_ZOO_5_6_7_9\16_20210218 (66) (2021_04_15 06_16_22 UTC).JPG;0
\vacia\NOANIMAL_ZOO_5_6_7_9\2_20210417 (21182).JPG;0
\leporido\2_conejo_Paco_Carro_JC\PICT1174.JPG;1
\cervidae\CERVIDREDORFALLOWDEER_ZOO_1_4\37_20201024 (2423).JPG;1
\vacia\vacia_Paco_Carro_JC\IMG_1813.JPG;0
\cervidae\2_ciervo_simone_2\37_20201024 (7823).JPG;1
\vacia\empty_SnapshotMountainZebra\MTZ_S1_G04_R3_IMAG2040.JPG;0
\vacia\SnampshotEnonkishu\ENO_S1_D06_R1_IMAG2820.JPG;0
\ave\ave_Soraya_Padilla_Alumno_1_TH\IMAG0406_frame260.jpg;1
\vacia\NOANIMAL_ZOO_1_4\26_20201020 (11004).JPG;0
\humanovehiculo\humanovehiculo_PNC_2013-O_RED_ISAAC\b2267IMAG0003.JPG;1
\cervidae\ciervo_simone_2\34_20201024 (6053).JPG;1
\micromamiferos\rat_IslandConservationCameraTraps\micronesia_cam06_cam06june2019_pig_20190629183110_11405.jpg;1
\cervidae\gamo_Javi_3_JC\21_20201025 (312).JPG;1
\vacia\SnampshotEnonkishu\ENO_S1_D06_R1_IMAG1692.JPG;0
\humanovehiculo\car_CaltechCameraTrap_ME\vehiculo\58a8a1d8-23d2-11e8-a6a3-ec086b02610b.jpg;1
\mapache\raccoon_CaltechCameraTrap_ME\58f4232a-23d2-11e8-a6a3-ec086b02610b.jpg;1
\vaca\COW_ZOO_5_6_7_9\21_20210418 (3593).JPG;1
\micromamiferos\rat_IslandConservationCameraTraps\micronesia_cam06_cam06june2019_pig_20190629200351_1768.jpg;1
\vacia\empty_IslandConservationCameraTraps\dominicanrepublic_cam0527septiembre2015_20130729_102413_sunp0088.jpg;0
\vacia\vacias_2_de_2_PNC_2012_ISAAC\a20347IM000099.JPG;0
\zorro\REDFOX_ZOO_1_4\4_20210117 (3009).JPG;1
\jabali\jabali_Paco_Carro_JC\MDGC0319.JPG;1
\ave\2_ave_ave_WellingtonCameraTraps_SS\090516141928023bL222.JPG;1
\cervidae\CERVIDREDORFALLOWDEER_ZOO_1_4\21_20201025 (2683).JPG;1
\humanovehiculo\humano_vehiculo_PNM_2012_ISAAC\d11213IMAG0004.JPG;1
\vaca\COW_ZOO_1_4\21_20201217 (4693).JPG;1
\humanovehiculo\humano_vehiculo_PNM_2012_ISAAC\d11435IM000013.JPG;1
\jabali\jabali_PNC_2014_manuel\c23414IM000039.JPG;1
\cervidae\CERVIDREDORFALLOWDEER_ZOO_1_4\14_20201118 (728).JPG;1
\humanovehiculo\humanos_Paco_Carro_JC\PICT0110 (2).JPG;1
\ave\shearwater_IslandConservationCameraTraps\chile_vaqueria2013_07012013222949.jpg;1
\vacia\NOANIMAL_ZOO_5_6_7_9\20_20210219 (963) (2021_04_15 06_16_22 UTC).JPG;0
\jabali\WILDBOAR_ZOO_1_4\18_20210115 (6173).JPG;1
\ave\ave_ave_WellingtonCameraTraps_SS\010216192630031c9193.JPG;1
\ave\shearwater_IslandConservationCameraTraps\chile_vaqueria2013_1712201241540.jpg;1
\vacia\NOANIMAL_ZOO_1_4\26_20201020 (10402).JPG;0
\vacia\empty_IslandConservationCameraTraps\dominicanrepublic_cam0425abril2015_20130819_004129_sunp3036.jpg;0
\jabali\jabali_javi_JC\41_20201025 (15).JPG;1
\ave\4_Ave_Leo_Otra_fauna_PASADA_POR_LA_RED_JC\Otrafauna (778).JPG;1
\leporido\rabbit_IslandConservationCameraTraps\chile_frances012013_2312201260437.jpg;1
\vacia\NOANIMAL_ZOO_5_6_7_9\2_20210618 (8473).JPG;0
\cervidae\CERVIDREDORFALLOWDEER_ZOO_1_4\21_20201025 (2989).JPG;1
\ave\ave_ave_WellingtonCameraTraps_SS\050816163454002as311.JPG;1
\gato_domestico\gato_WellingtonCameraTraps_SS\160416002306047a1163.JPG;1
\cervidae\ciervo_simone_2\34_20201024 (5502).JPG;1
\leporido\liebre\Brown hare_mammalWeb\108859.jpg;1
\zorro\Zorro_PNC_2014_JC\c25773IM000071.JPG;1
\vacia\NOANIMAL_ZOO_1_4\6_20201812 (15270).JPG;0
\lince\Lince_a_Linces2_Leo_JC\Lince60 (100).jpg;1
\cervidae\ciervo_Javi_3_JC\26_20201020 (4138).JPG;1
\vacia\NOANIMAL_ZOO_5_6_7_9\24_20210318 (6725).JPG;0
\leporido\rabbit_CaltechCameraTrap_ME\59b482bf-23d2-11e8-a6a3-ec086b02610b.jpg;1
\cervidae\CERVIDREDORFALLOWDEER_ZOO_1_4\21_20201025 (1067).JPG;1
\vacia\vacias_PNM_2013-O_ISAAC\f15573IMAG0348.JPG;0
\cervidae\CERVIDREDORFALLOWDEER_ZOO_1_4\21_20201025 (1498).JPG;1
\cervidae\CERVIDREDORFALLOWDEER_ZOO_5_6_7_9\18_20210616 (474).JPG;1
\lince\Lince_b_Linces2_Leo_JC\lince146 (20).JPG;1
\cervidae\ciervo_simone_2\34_20201024 (4910).JPG;1
\jabali\Jabali_PNM_2013-0_ME\f28647IMAG0226.JPG;1
\vacia\empty_SnapshotMountainZebra\MTZ_S1_G04_R3_IMAG1423.JPG;0
\leporido\Eastern Cottontail_ena24\8442.jpg;1
\leporido\conejo_leo_donana\0001120.JPG;1
\gato_domestico\cat_IslandConservationCameraTraps\chile_frances022013_1904201320919.jpg;1
\vacia\empty_IslandConservationCameraTraps\dominicanrepublic_cam0425abril2015_20130727_042537_sunp0180.jpg;0
\vacia\NOANIMAL_ZOO_5_6_7_9\25_20210417 (4072).JPG;0
\zorro\zorro_PNC_2012_JC\a33196IM000022.JPG;1
\micromamiferos\rodent_CaltechCameraTrap_JC\Roedor_ rodent_CaltechCameraTrap_JC\58e0f4bf-23d2-11e8-a6a3-ec086b02610b.jpg;1
\vacia\vacia_alumno_1_TH\Nada (27)_frame080.jpg;0
\ave\rooster_IslandConservationCameraTraps\palau_cam09a12132018_20180921_065322_rcnx0317.jpg;1
\vacia\NOANIMAL_ZOO_1_4\7_20210115 (2199).JPG;0
\zorro\Zorro_PNC_2014_JC\c27894IM000137.JPG;1
\ave\Ave_Leo_Otra_fauna_PASADA_POR_LA_RED_JC\Otrafauna (211).JPG;1
\caballo\caballos_simone\4_20201220 (8703).JPG;1
\leporido\rabbit_CaltechCameraTrap_ME\59973fff-23d2-11e8-a6a3-ec086b02610b.jpg;1
\leporido\conejo_WellingtonCameraTraps_SS\1706151527000460L063.JPG;1
\vacia\NOANIMAL_ZOO_1_4\6_20201812 (12727).JPG;0
\mapache\raccoon_CaltechCameraTrap_ME\5976a435-23d2-11e8-a6a3-ec086b02610b.jpg;1
\humanovehiculo\car_CaltechCameraTrap_ME\vehiculo\592abf11-23d2-11e8-a6a3-ec086b02610b.jpg;1
\cervidae\CERVIDREDORFALLOWDEER_ZOO_5_6_7_9\19_20210319 (2872).JPG;1
\vaca\COW_ZOO_1_4\21_20201217 (2000).JPG;1
\ave\ave_ave_WellingtonCameraTraps_SS\280116161252039a1162.JPG;1
\cervidae\CERVIDREDORFALLOWDEER_ZOO_5_6_7_9\19_20210319 (1479).JPG;1
\lince\Lince_a_Linces2_Leo_JC\lince91 (105).JPG;1
\vaca\COW_ZOO_5_6_7_9\21_20210418 (1439).JPG;1
\vacia\empty_caltechCameraTraps\5a116b82-23d2-11e8-a6a3-ec086b02610b.jpg;0
\ave\ave_Soraya_Padilla_Alumno_1_TH\DSCF0067_frame050.jpg;1
\cervidae\Ciervo_PNC_2012_JC\a14283IM000206.JPG;1
\vacia\NOANIMAL_ZOO_1_4\34_20210115 (3547).JPG;0
\vacia\vacia_alumno_2_2_TH_JC\27_20201023 (5918).JPG;0
\vacia\empty_SnapshotMountainZebra\MTZ_S1_D06_R1_IMAG1006.JPG;0
\jabali\WILDBOAR_ZOO_1_4\31_20201023 (52).JPG;1
\vacia\NOANIMAL_ZOO_5_6_7_9\25_20210417 (2412).JPG;0
\cervidae\CERVIDREDORFALLOWDEER_ZOO_5_6_7_9\17_20210418 (720).JPG;1
\vacia\NOANIMAL_ZOO_1_4\40_20201117 (2116).JPG;0
\jabali\WILDBOAR_ZOO_1_4\31_20201023 (414).JPG;1
\leporido\rabbit_IslandConservationCameraTraps\chile_frances012013_31122012184137.jpg;1
\vacia\vacio_Saul Martin_FRAMES_SIN_REPETIDOS_REVISADOS_DIEGO\IMAG0005_frame460.jpg;0
\vacia\NOANIMAL_ZOO_5_6_7_9\24_20210318 (14200).JPG;0
\vacia\empty_IslandConservationCameraTraps\dominicanrepublic_cam0425abril2015_20130808_041800_sunp1045.jpg;0
\vacia\vacia_Paco_Carro_JC\IMG_0129.JPG;0
\ave\ave_ave_WellingtonCameraTraps_SS\050716081452046a7353.JPG;1
\micromamiferos\rat_IslandConservationCameraTraps\dominicanrepublic_cam10701agosto2017_20161223_032204_img_0019.jpg;1
\cervidae\deer_CaltechCameraTrap\59f4637c-23d2-11e8-a6a3-ec086b02610b.jpg;1
\cervidae\corzo_alumno_2_AM_JC\STC_0297_frame310.jpg;1
\cervidae\ciervo_vacías_humanos_PNC_2012_ME\a35829IMAG0104.JPG;1
\jabali\WILDBOAR_ZOO_1_4\33_20201025 (5).JPG;1
\vacia\empty_SnapshotMountainZebra\MTZ_S1_G04_R3_IMAG2765.JPG;0
\gato_domestico\cat_IslandConservationCameraTraps\puertorico_18_20150211_074738_img_0273.jpg;1
\jabali\WILDBOAR_ZOO_1_4\24_20201019 (843).JPG;1
\cervidae\CERVIDREDORFALLOWDEER_ZOO_1_4\4_20201220 (2769).JPG;1
\leporido\rabbit_IslandConservationCameraTraps\chile_frances022013_17042013105450.jpg;1
\vacia\vacia_alumno_1_AM\40_20201024 (7247).JPG;0
\cervidae\CERVIDREDORFALLOWDEER_ZOO_5_6_7_9\24_20210318 (15563).JPG;1
\zorro\REDFOX_ZOO_5_6_7_9\41_20210615 (14).JPG;1
\caballo\HORSE_ZOO_5_6_7_9\15_20210219 (95) (2021_04_15 06_16_22 UTC).JPG;1
\zorro\Zorro_PNC_2014_JC\c23442IM000068.JPG;1
\humanovehiculo\HUMANORVEHICLE_ZOO_1_4\37_20201024 (13151).JPG;1
\cervidae\CERVIDREDORFALLOWDEER_ZOO_1_4\21_20201025 (407).JPG;1
\zorro\zorro_vacías_humanos_PNC_2012_ME\a33448IMAG0118.JPG;1
\vacia\NOANIMAL_ZOO_1_4\26_20201020 (12366).JPG;0
\cervidae\CERVIDREDORFALLOWDEER_ZOO_1_4\14_20201118 (59).JPG;1
\meloncillo\Meloncillo_PEPE_IREC_JC\IMAG0101_(8).JPG;1
\caballo\caballos_simone\4_20201220 (8764).JPG;1
\cervidae\CERVIDREDORFALLOWDEER_ZOO_1_4\22_20201116 (227).JPG;1
\vaca\COW_ZOO_1_4\21_20201119 (3164).JPG;1
\cervidae\cervidae_alumno_AM_2\40_20201024 (2762).JPG;1
\jabali\WILDBOAR_ZOO_1_4\29_20201023 (475).JPG;1
\jabali\Jabali_PNC_2014_JC\c29157IM000060.JPG;1
\leporido\liebre\Liebre_Javier_vacias_humanos_PNC_2012_ME_JC\a30681IM000018.JPG;1
\cervidae\ciervo_2_ME_rev_1_donana\28_20201019 (1993).JPG;1
\zorro\Zorro_Pepe_IREC\Zorro_Pepe_Irec_ME\IMAG0031_(11).JPG;1
\jabali\2_Jabali_PNC_2013-O_ME\b7296IM000112.JPG;1
\vacia\NOANIMAL_ZOO_5_6_7_9\24_20210418 (4099).JPG;0
\cervidae\CERVIDREDORFALLOWDEER_ZOO_5_6_7_9\50_20210408 (12174).JPG;1
\cervidae\Ciervo_PNC_2012_JC\a20186IM000096.JPG;1
\vacia\vacias_1_de_2_PNC_2012_ISAAC\a43464IM000274.JPG;0
\zorro\zorro_PNC_2012_JC\a44360IM000040.JPG;1
\cervidae\ciervo_PNC_2013-O_RED_ISAAC\b14451IM000137.JPG;1
\caballo\HORSE_ZOO_5_6_7_9\44_20210618 (150).JPG;1
\ave\ave_ave_WellingtonCameraTraps_SS\041116135656027cs083.JPG;1
\humanovehiculo\humano_vehiculo_PNM_2012_ISAAC\d13947IM000017.JPG;1
\cervidae\ciervo_PNM_2013-I_ISAAC\e692IMAG0024.JPG;1
\zorro\Zorro_Pepe_IREC\Zorro_Pepe_Irec_ME\IMAG0039.JPG;1
\vacia\empty_SnapshotMountainZebra\MTZ_S1_D06_R1_IMAG2775.JPG;0
\vacia\empty_IslandConservationCameraTraps\micronesia_cam16_cam16june2019_20190611181500_rcnx1149.jpg;0
\humanovehiculo\car_CaltechCameraTrap_ME\vehiculo\5938c26d-23d2-11e8-a6a3-ec086b02610b.jpg;1
\meloncillo\Meloncillo_PEPE_IREC_JC\IMAG0269_(2).JPG;1
\vacia\empty_SnapshotMountainZebra\MTZ_S1_E06_R3_IMAG0825.JPG;0
\cervidae\CERVIDREDORFALLOWDEER_ZOO_1_4\21_20201025 (5336).JPG;1
\vacia\empty_SnapshotMountainZebra\MTZ_S1_D05_R3_IMAG0005.JPG;0
\humanovehiculo\humanovehiculo_PNC_2014_manuel\c19789IMAG0001.JPG;1
\vacia\empty_caltechCameraTraps\59f5fd6a-23d2-11e8-a6a3-ec086b02610b.jpg;0
\vacia\vacia_Paco_Carro_JC\IMG_0057 (3).JPG;0
\vaca\COW_ZOO_5_6_7_9\21_20210418 (3304).JPG;1
\vacia\NOANIMAL_ZOO_5_6_7_9\50_20210417 (24301).JPG;0
\leporido\Rabbit_mammalWeb\57282.jpg;1
\cervidae\ciervo_vacías_humanos_PNC_2012_ME\a15936IMAG0338.JPG;1
\cervidae\ciervo_vacías_humanos_PNC_2012_ME\a23430IM000080.JPG;1
\vacia\NOANIMAL_ZOO_5_6_7_9\5_20210319 (547).JPG;0
\vacia\empty_SnapshotKaroo\KAR_S1_B03_R1_IMAG0820.JPG;0
\cervidae\2_Ciervos_PNC2012_JC\a225IM000018.JPG;1
\humanovehiculo\humanovehiculo_vacías_humanos_PNC_2012_ME\a49467IM000010.JPG;1
\cervidae\Ciervo_PNC_2012_JC\a13646IM000082.JPG;1
\cervidae\ciervo_vacías_humanos_PNC_2012_ME\a36083IM000037.JPG;1
\gato_domestico\gato_WellingtonCameraTraps_SS\3105152056400359L101.JPG;1
\vacia\NOANIMAL_ZOO_5_6_7_9\18_20210417 (4776).JPG;0
\ave\ave_alumno_1_AM_2\38_20201019 (257).JPG;1
\jabali\Jabalí_PNC_2013-O_ME\b10894IMAG0456.JPG;1
\cervidae\CERVIDREDORFALLOWDEER_ZOO_1_4\43_20201118 (763).JPG;1
\jabali\WILDBOAR_ZOO_1_4\12_20201217 (135).JPG;1
\vacia\empty_SnapshotMountainZebra\MTZ_S1_D06_R1_IMAG2186.JPG;0
\vacia\empty_IslandConservationCameraTraps\dominicanrepublic_cam2015abril2015_20150419_163436_img_6171.jpg;0
\ave\ave_ave_WellingtonCameraTraps_SS\061016061524014b5021.JPG;1
\leporido\conejo_PNC_2014_manuel\c24639IMAG0148.JPG;1
\vacia\NOANIMAL_ZOO_5_6_7_9\50_20210408 (10030).JPG;0
\garduna\garduna_PNM_2013-O_ME\f21361IM000036.JPG;1
\lince\Lince_b_Linces2_Leo_JC\lince133 (9).JPG;1
\humanovehiculo\HUMANORVEHICLE_ZOO_1_4\40_20201117 (2507).JPG;1
\gato_domestico\cat_CaltechCameraTrap\58c4d88a-23d2-11e8-a6a3-ec086b02610b.jpg;1
\humanovehiculo\humanovehiculo_vacías_humanos_PNC_2012_ME\a34375IM000003.JPG;1
\leporido\liebre\Liebre_PNC_2012_JC\a30604IM000024.JPG;1
\jabali\WILDBOAR_ZOO_5_6_7_9\31_20210219 (172) (2021_04_15 06_16_22 UTC).JPG;1
\jabali\WILDBOAR_ZOO_5_6_7_9\28_20210219 (2253) (2021_04_15 06_16_22 UTC).JPG;1
\jabali\WILDBOAR_ZOO_1_4\31_20210115 (246).JPG;1
\jabali\WILDBOAR_ZOO_1_4\11_20210114 (967).JPG;1
\cervidae\Ciervo_PNC_2013-O_ME\b15787IM000030.JPG;1
\humanovehiculo\humano_vehiculo_PNM_2012_ISAAC\d6359IMAG0005.JPG;1
\leporido\2_conejo_Paco_Carro_JC\PICT0754.JPG;1
\vacia\vacias_2_de_2_PNC_2012_ISAAC\a4833IM000681.JPG;0
\cervidae\CERVIDREDORFALLOWDEER_ZOO_1_4\21_20201025 (1612).JPG;1
\cervidae\CERVIDREDORFALLOWDEER_ZOO_5_6_7_9\19_20210319 (1896).JPG;1
\leporido\rabbit_IslandConservationCameraTraps\chile_piedra012013_07052013153209.jpg;1
\vacia\NOANIMAL_ZOO_1_4\2_20201215 (5496).JPG;0
\zorro\Zorro_Pepe_IREC\Zorro_Pepe_Irec_ME\CA_16-04.17-21_12.JPG;1
\lince\linces_fecha_Linces2_Leo_JC\3_Lince_flecha_Linces2_Leo_JC\lince50 (134).JPG;1
\vacia\empty_IslandConservationCameraTraps\micronesia_cam04_cam04june2019_20190615015503_rcnx2046.jpg;0
\lince\Lince_a_Linces2_Leo_JC\lince71 (97).JPG;1
\vacia\NOANIMAL_ZOO_5_6_7_9\2_20210618 (14661).JPG;0
\vacia\vacias_1_de_2_PNC_2012_ISAAC\a37936IM001039.JPG;0
\vacia\NOANIMAL_ZOO_1_4\43_20201217 (1530).JPG;0
\ave\rooster_IslandConservationCameraTraps\palau_cam03a08312018_20180824_142305_rcnx0096.jpg;1
\vacia\NOANIMAL_ZOO_5_6_7_9\1_20210319 (122).JPG;0
\cervidae\CERVIDREDORFALLOWDEER_ZOO_5_6_7_9\3_20210218 (163) (2021_04_15 06_16_22 UTC).JPG;1
\vacia\empty_SnapshotMountainZebra\MTZ_S1_G04_R3_IMAG2862.JPG;0
\mapache\raccoon_CaltechCameraTrap_ME\58d47f47-23d2-11e8-a6a3-ec086b02610b.jpg;1
\vacia\NOANIMAL_ZOO_5_6_7_9\50_20210417 (26048).JPG;0
\vacia\empty_SnapshotMountainZebra\MTZ_S1_D07_R1_IMAG2586.JPG;0
\caballo\HORSE_ZOO_5_6_7_9\15_20210219 (8807) (2021_04_15 06_16_22 UTC).JPG;1
\cervidae\CERVIDREDORFALLOWDEER_ZOO_5_6_7_9\24_20210318 (3405).JPG;1
\vacia\empty_IslandConservationCameraTraps\dominicanrepublic_cam1826junio2015_20150505_131659_img_3101.jpg;0
\vaca\COW_ZOO_5_6_7_9\21_20200113 (983) (2021_04_15 06_16_22 UTC).JPG;1
\ave\ave_PNC_2013-O_RED_ISAAC\b6384FILE0075.JPG;1
\vacia\NOANIMAL_ZOO_5_6_7_9\24_20210318 (13200).JPG;0
\tejon\EUROPEANBADGER_ZOO_1_4\42_20201026 (143).JPG;1
\vaca\COW_ZOO_1_4\24_20201019 (1296).JPG;1
\vacia\empty_IslandConservationCameraTraps\dominicanrepublic_cam0425abril2015_20130824_045042_sunp5216.jpg;0
\leporido\conejo_Paco_Carro_JC\PICT0355.JPG;1
\cervidae\2_ciervo_simone_2\37_20201024 (10424).JPG;1
\vacia\NOANIMAL_ZOO_1_4\4_20210117 (2074).JPG;0
\vacia\NOANIMAL_ZOO_1_4\14_20201218 (2017).JPG;0
\zorro\zorro_PNC_2012_JC\a33885IM000098.JPG;1
\caballo\HORSE_ZOO_1_4\15_20201117 (3873).JPG;1
\vacia\vacias_PNC_2014_ISAAC\c4010IMAG0052.JPG;0
\zorro\Zorro_Pepe_IREC\Zorro_Pepe_Irec_ME\IMAG0573_(5).JPG;1
\ave\ave_ave_WellingtonCameraTraps_SS\070916084454013b9963.JPG;1
\cervidae\ciervo_vacías_humanos_PNC_2012_ME\a29170IM000084.JPG;1
\jabali\WILDBOAR_ZOO_1_4\37_20201116 (11894).JPG;1
\humanovehiculo\HUMANORVEHICLE_ZOO_1_4\7_20201025 (468).JPG;1
\vacia\empty_IslandConservationCameraTraps\puertorico_6a_20150318_121159_img_0231.jpg;0
\jabali\jabali_vacías_humanos_PNC_2012_ME\a34176IM000406.JPG;1
\cervidae\Ciervo_PNC_2014_JC\c27694IM000149.JPG;1
\jabali\WILDBOAR_ZOO_1_4\15_20210117 (7757).JPG;1
\vacia\NOANIMAL_ZOO_5_6_7_9\41_20210218 (513) (2021_04_15 06_16_22 UTC).JPG;0
\cervidae\CERVIDREDORFALLOWDEER_ZOO_5_6_7_9\5_20210417 (1983).JPG;1
\ave\ave_ave_WellingtonCameraTraps_SS\090816073624037a2391.JPG;1
\humanovehiculo\HUMANORVEHICLE_ZOO_5_6_7_9\10_20210219 (2) (2021_04_15 06_16_22 UTC).JPG;1
\leporido\conejo_Paco_Carro_JC\PICT0805 (2).JPG;1
\perro\dog_caltechCameraTraps\59fae44f-23d2-11e8-a6a3-ec086b02610b.jpg;1
\jabali\jabali_PNC_2013-O_RED_ISAAC\b18136IM000178.JPG;1
\cervidae\ciervo_vacías_humanos_PNC_2012_ME\a33896IM000110.JPG;1
\vacia\empty_IslandConservationCameraTraps\ecuador1_ic1611_20150101_000002_img_2843.jpg;0
\jabali\WILDBOAR_ZOO_5_6_7_9\11_20210218 (393) (2021_04_15 06_16_22 UTC).JPG;1
\jabali\WILDBOAR_ZOO_5_6_7_9\41_20210615 (3611).JPG;1
\gato_domestico\cat_IslandConservationCameraTraps\palau_cam10a12122018_20181129_104618_rcnx1197.jpg;1
\vacia\NOANIMAL_ZOO_1_4\6_20201116 (6592).JPG;0
\humanovehiculo\car_CaltechCameraTrap_ME\humanovehiculo\58f4222f-23d2-11e8-a6a3-ec086b02610b.jpg;1
\vacia\empty_IslandConservationCameraTraps\dominicanrepublic_cam0425abril2015_20130807_060912_sunp0686.jpg;0
\cervidae\ciervo_PNC_2013-O_RED_ISAAC\b16393IM000576.JPG;1
\cervidae\deer_CaltechCameraTrap\5a096bb5-23d2-11e8-a6a3-ec086b02610b.jpg;1
\vacia\vacia_Paco_Carro_JC\IMG_1765.JPG;0
\humanovehiculo\car_CaltechCameraTrap_ME\vehiculo\59055e4f-23d2-11e8-a6a3-ec086b02610b.jpg;1
\cervidae\CERVIDREDORFALLOWDEER_ZOO_5_6_7_9\5_20210219 (1746) (2021_04_15 06_16_22 UTC).JPG;1
\vacia\NOANIMAL_ZOO_5_6_7_9\25_20210319 (7801).JPG;0
\lince\Lince_a_Linces2_Leo_JC\lince77 (107).JPG;1
\vacia\empty_SnapshotMountainZebra\MTZ_S1_D07_R1_IMAG0980.JPG;0
\caballo\HORSE_ZOO_1_4\15_20201117 (2820).JPG;1
\vacia\empty_SnapshotMountainZebra\MTZ_S1_D05_R1_IMAG1254.JPG;0
\cervidae\CERVIDREDORFALLOWDEER_ZOO_1_4\21_20201025 (4644).JPG;1
\vacia\empty_IslandConservationCameraTraps\ecuador1_ic1619_20181202_150433_img_2073.jpg;0
\humanovehiculo\car_CaltechCameraTrap_ME\vehiculo\59b2ea2f-23d2-11e8-a6a3-ec086b02610b.jpg;1
\vacia\vacia_Paco_Carro_JC\01120244.JPG;0
\cervidae\CERVIDREDORFALLOWDEER_ZOO_5_6_7_9\45_20210418 (313).JPG;1
\cervidae\2CIERVO_PNM_2012_ISAAC\d9989IM000041.JPG;1
\jabali\WILDBOAR_ZOO_1_4\7_20201217 (449).JPG;1
\cervidae\ciervo_alumno_2_TH\6_20201023 (2013).JPG;1
\micromamiferos\rat_IslandConservationCameraTraps\puertorico_7a_20141111_045641_img_0020.jpg;1
\cervidae\Ciervo_PNC_2013-O_ME\b1250IMAG0094.JPG;1
\vacia\NOANIMAL_ZOO_5_6_7_9\28_20210318 (13718).JPG;0
\vacia\NOANIMAL_ZOO_5_6_7_9\8_20210219 (1014) (2021_04_15 06_16_22 UTC).JPG;0
\leporido\conejo_Paco_Carro_JC\PICT2336.JPG;1
\zorro\Zorro_PNC_2014_JC\c410IM000011.JPG;1
\lince\Lince_b_Linces2_Leo_JC\lince183 (17).JPG;1
\vacia\vacias_PNC_2014_manuel\c24710IMAG0034.JPG;0
\cervidae\CERVIDREDORFALLOWDEER_ZOO_1_4\40_20201117 (900).JPG;1
\cervidae\CERVIDREDORFALLOWDEER_ZOO_5_6_7_9\35_20210318 (45).JPG;1
\cervidae\deer_CaltechCameraTrap\58823cb2-23d2-11e8-a6a3-ec086b02610b.jpg;1
\zorro\Zorro_PNC_2014_JC\c13434IMAG0135.JPG;1
\humanovehiculo\car_CaltechCameraTrap_ME\vehiculo\5929301b-23d2-11e8-a6a3-ec086b02610b.jpg;1
\leporido\rabbit_IslandConservationCameraTraps\chile_frances022013_02052013132250.jpg;1
\cervidae\CERVIDREDORFALLOWDEER_ZOO_5_6_7_9\35_20210218 (2514) (2021_04_15 06_16_22 UTC).JPG;1
\leporido\rabbit_IslandConservationCameraTraps\chile_frances012013_25122012143350.jpg;1
\cervidae\CERVIDREDORFALLOWDEER_ZOO_1_4\2_20201117 (4793).JPG;1
\tejon\Tejon_PEPE_IREC_JC\IMAG0032_(9).JPG;1
\vacia\NOANIMAL_ZOO_5_6_7_9\11_20210318 (2211).JPG;0
\zorro\REDFOX_ZOO_5_6_7_9\19_20210319 (275).JPG;1
\vacia\NOANIMAL_ZOO_1_4\34_20210115 (2288).JPG;0
\meloncillo\Meloncillo_PEPE_IREC_JC\IMAG0356.JPG;1
\vacia\empty_SnapshotMountainZebra\MTZ_S1_F04_R3_IMAG3398.JPG;0
\caballo\HORSE_ZOO_1_4\2_20201117 (292).JPG;1
\vacia\NOANIMAL_ZOO_5_6_7_9\35_20210218 (118) (2021_04_15 06_16_22 UTC).JPG;0
\vacia\NOANIMAL_ZOO_5_6_7_9\36_20210219 (3106) (2021_04_15 06_16_22 UTC).JPG;0
\ave\ave_ave_WellingtonCameraTraps_SS\181016104804002cs381.JPG;1
\vaca\COW_ZOO_1_4\2_20210115 (3701).JPG;1
\cervidae\deer_CaltechCameraTrap\5a296456-23d2-11e8-a6a3-ec086b02610b.jpg;1
\humanovehiculo\humanovehiculo_PNC_2013-O_RED_ISAAC\b208IM000209.JPG;1
\jabali\WILDBOAR_ZOO_5_6_7_9\42_20210618 (1922).JPG;1
\vacia\empty_SnapshotMountainZebra\MTZ_S1_C06_R1_IMAG2756.JPG;0
\vacia\empty_IslandConservationCameraTraps\palau_cam05a083118_20180827_120000_rcnx0097.jpg;0
\vacia\empty_IslandConservationCameraTraps\dominicanrepublic_cam1725abril2015_20150421_100457_img_0765.jpg;0
\lince\linces_fecha_Linces2_Leo_JC\2_Lince_flecha_Linces2_Leo_JC\lince173 (8).JPG;1
\leporido\rabbit_CaltechCameraTrap_ME\59c4bf04-23d2-11e8-a6a3-ec086b02610b.jpg;1
\cervidae\deer_CaltechCameraTrap\59d750d0-23d2-11e8-a6a3-ec086b02610b.jpg;1
\cervidae\CERVIDREDORFALLOWDEER_ZOO_5_6_7_9\36_20210319 (2958).JPG;1
\meloncillo\Meloncillo_PEPE_IREC_JC\IMAG0175_(3).JPG;1
\cervidae\corzo_alumno_2_AM_JC\DSCF0013_frame260.jpg;1
\vacia\Nothing_mammalWeb\58432.jpg;0
\garduna\garduna_PNM_2012_ME\d12021IM000024.JPG;1
\ave\bird_CaltechCameraTrap\5a1e509d-23d2-11e8-a6a3-ec086b02610b.jpg;1
\ave\ave_vacías_humanos_PNC_2012_ME\a19109IM000237.JPG;1
\vacia\empty_IslandConservationCameraTraps\ecuador1_ic1619_20181205_170330_img_5265.jpg;0
\meloncillo\meloncillo_ss\11_20201027 (157).JPG;1
\jabali\WILDBOAR_ZOO_1_4\28_20201019 (1359).JPG;1
\tejon\Tejon_PEPE_IREC_JC\IMAG0234.JPG;1
\lince\Lince_a_Linces2_Leo_JC\lince76 (16).JPG;1
\ave\ave_PNC_2013-O_RED_ISAAC\b4386IMAG0257.JPG;1
\ave\2_ave_Soraya_Padilla_Alumno_1_TH\DSCF0100_frame100.jpg;1
\vacia\empty_caltechCameraTraps\59862342-23d2-11e8-a6a3-ec086b02610b.jpg;0
\cervidae\CERVIDREDORFALLOWDEER_ZOO_5_6_7_9\15_20210219 (6013) (2021_04_15 06_16_22 UTC).JPG;1
\leporido\Conejo_Leo_Otra_fauna_PASADA_POR_LA_RED_JC\Otrafauna (1281).JPG;1
\ave\ave_ave_WellingtonCameraTraps_SS\090416075324013bs381.JPG;1
\humanovehiculo\car_CaltechCameraTrap_ME\vehiculo\585f4f69-23d2-11e8-a6a3-ec086b02610b.jpg;1
\vacia\NOANIMAL_ZOO_5_6_7_9\5_20210319 (3026).JPG;0
\cervidae\deer_CaltechCameraTrap\5a230f87-23d2-11e8-a6a3-ec086b02610b.jpg;1
\leporido\LEPORIDRABBITORHARE_ZOO_1_4\21_20201025 (4354).JPG;1
\caballo\HORSE_ZOO_1_4\10_20201218 (736).JPG;1
\jabali\WILDBOAR_ZOO_1_4\33_20201025 (123).JPG;1
\cervidae\ciervo_PNC_2013-I_ME\6662IM000048.JPG;1
\caballo\HORSE_ZOO_5_6_7_9\46_20210618 (290).JPG;1
\vacia\NOANIMAL_ZOO_5_6_7_9\24_20210418 (5149).JPG;0
\ave\Pheasant_mammalWeb\118212.jpg;1
\ave\OTHERSPECIES_ZOO_1_4\15_20210117 (7434).JPG;1
\vacia\NOANIMAL_ZOO_1_4\34_20210115 (8844).JPG;0
\cervidae\ciervo_PNC_2014_ISAAC\c29083IM000053.JPG;1
\vacia\NOANIMAL_ZOO_1_4\34_20210115 (8746).JPG;0
\leporido\conejo_Paco_Carro_JC\PICT0375 (2).JPG;1
\vacia\empty_SnapshotKaroo\KAR_S1_C03_R1_IMAG0459.JPG;0
\leporido\conejo_Paco_Carro_JC\PICT0713 (2).JPG;1
\micromamiferos\rat_IslandConservationCameraTraps\dominicanrepublic_cam10717mayo2017_20170310_053726_img_0005.jpg;1
\ave\megapode_IslandConservationCameraTraps\palau_cam10a12122018_20180909_092523_rcnx0307.jpg;1
\vacia\Vacio__diego_2_rev_donana\28_20201019 (65).JPG;0
\vacia\NOANIMAL_ZOO_5_6_7_9\50_20210417 (21923).JPG;0
\vacia\NOANIMAL_ZOO_1_4\37_20201116 (2440).JPG;0
\vacia\empty_SnapshotMountainZebra\MTZ_S1_D07_R1_IMAG0177.JPG;0
\vacia\empty_SnapshotMountainZebra\MTZ_S1_E06_R3_IMAG0013.JPG;0
\jabali\WILDBOAR_ZOO_1_4\11_20210114 (498).JPG;1
\cervidae\ciervo_simone_2\37_20201024 (12725).JPG;1
\leporido\rabbit_IslandConservationCameraTraps\chile_frances012013_0601201332423.jpg;1
\cervidae\cervido_simone_2\34_20201024 (4008).JPG;1
\cervidae\CERVIDREDORFALLOWDEER_ZOO_5_6_7_9\46_20210618 (1956).JPG;1
\humanovehiculo\humanovehiculo_PNC_2014_manuel\c5592IM000175.JPG;1
\garduna\garduna_PNC_2014_manuel\c23672IMAG0009.JPG;1
\vacia\empty_SnapshotMountainZebra\MTZ_S1_D07_R1_IMAG1260.JPG;0
\cervidae\ciervo_alumno_2_TH\37_20201024 (8200).JPG;1
\caballo\caballos_alumno_AM\caballos_alumno_AM\9_20201712 (698).JPG;1
\vacia\NOANIMAL_ZOO_1_4\7_20210115 (2009).JPG;0
\cervidae\deer_CaltechCameraTrap\5987b552-23d2-11e8-a6a3-ec086b02610b.jpg;1
\lince\linces_fecha_Linces2_Leo_JC\2_Lince_flecha_Linces2_Leo_JC\lince130 (364).JPG;1
\garduna\Garduña_PNC_2014_JC\c15108IMAG0582.JPG;1
\vacia\empty_IslandConservationCameraTraps\dominicanrepublic_cam0425abril2015_20130807_044640_sunp0560.jpg;0
\vacia\empty_IslandConservationCameraTraps\dominicanrepublic_cam0926junio2015_20150522_112825_img_0020.jpg;0
\zorro\zorro_PNC_2012_JC\a14061IM000266.JPG;1
\vacia\NOANIMAL_ZOO_1_4\6_20201812 (10257).JPG;0
\vacia\empty_SnapshotMountainZebra\MTZ_S1_D05_R1_IMAG0358.JPG;0
\vacia\empty_SnapshotMountainZebra\MTZ_S1_D05_R1_IMAG0756.JPG;0
\vacia\empty_caltechCameraTraps\59aadbd4-23d2-11e8-a6a3-ec086b02610b.jpg;0
\gato_domestico\gato_WellingtonCameraTraps_SS\1507152312340359L101.JPG;1
\vacia\NOANIMAL_ZOO_5_6_7_9\25_20210319 (10888).JPG;0
\ave\ave_ave_WellingtonCameraTraps_SS\100116132640012bs391.JPG;1
\cervidae\ciervo_PNC_2013-O_RED_ISAAC\b16798IM000161.JPG;1
\vacia\vacia_alumno_2_2_TH_JC\27_20201023 (7900).JPG;0
\mapache\raccoon_CaltechCameraTrap_ME\5987b3a8-23d2-11e8-a6a3-ec086b02610b.jpg;1
\gato_domestico\cat_CaltechCameraTrap\59817c28-23d2-11e8-a6a3-ec086b02610b.jpg;1
\jabali\jabali_PNM_2013-O_ISAAC\f4780IM000096.JPG;1
\vacia\NOANIMAL_ZOO_5_6_7_9\28_20210615 (1055).JPG;0
\cervidae\ciervo_PNC_2014_ISAAC\c22629IM000022.JPG;1
\cervidae\ciervo_PNC_2014_ISAAC\c23632IM000085.JPG;1
\vacia\vacias_1_de_2_PNC_2012_ISAAC\a43522IM000335.JPG;0
\cervidae\Ciervo_PNC_2013-O_ME\b5977IM000446.JPG;1
\vacia\vacia_alumno_2_AM_JC\DSCF0233_frame240.jpg;0
\jabali\WILDBOAR_ZOO_1_4\15_20210117 (6798).JPG;1
\vacia\NOANIMAL_ZOO_1_4\7_20210115 (1160).JPG;0
\vacia\NOANIMAL_ZOO_1_4\13_20201219 (699).JPG;0
\cervidae\CERVIDREDORFALLOWDEER_ZOO_5_6_7_9\50_20210616 (12129).JPG;1
\leporido\2_conejo_Paco_Carro_JC\PICT1063.JPG;1
\cervidae\CERVIDREDORFALLOWDEER_ZOO_1_4\26_20201020 (169).JPG;1
\jabali\WILDBOAR_ZOO_1_4\15_20210117 (6898).JPG;1
\vacia\vacia_alumno_AM_2\30_20201021 (4122).JPG;0
\cervidae\CERVIDREDORFALLOWDEER_ZOO_5_6_7_9\2_20210319 (4151).JPG;1
\cervidae\ciervo_vacías_humanos_PNC_2012_ME\a35803IMAG0084.JPG;1
\caballo\HORSE_ZOO_1_4\10_20201218 (2830).JPG;1
\vacia\vacias_1_de_2_PNC_2012_ISAAC\a45381IM000432.JPG;0
\lince\Lince_b_Linces2_Leo_JC\lince154 (38).JPG;1
\cervidae\CERVIDREDORFALLOWDEER_ZOO_1_4\1_20210115 (143).JPG;1
\cervidae\CERVIDREDORFALLOWDEER_ZOO_5_6_7_9\18_20210219 (6799) (2021_04_15 06_16_22 UTC).JPG;1
\vaca\COW_ZOO_1_4\21_20201119 (971).JPG;1
\lince\Lince_a_Linces2_Leo_JC\Lince60 (117).JPG;1
\jabali\WILDBOAR_ZOO_5_6_7_9\48_20210418 (583).JPG;1
\ave\ave_ave_WellingtonCameraTraps_SS\080216070048002c8234.JPG;1
\caballo\caballo_Paco_Carro_JC\PICT0504.JPG;1
\zorro\Zorro_Pepe_IREC\Zorro_Pepe_Irec_ME\IMAG0248_(11).JPG;1
\vacia\empty_IslandConservationCameraTraps\dominicanrepublic_cam1826junio2015_20150505_122409_img_2875.jpg;0
\ave\raven_IslandConservationCameraTraps\dominicanrepublic_cam3217mayo2017_20170401_082559_img_0225.jpg;1
\vacia\Vacio__diego_2_rev_donana\24_20201019 (2113).JPG;0
\lince\Lince_b_Linces2_Leo_JC\lince143 (11).JPG;1
\vacia\empty_IslandConservationCameraTraps\ecuador1_cam1612_20150607_204843_img_0991.jpg;0
\caballo\HORSE_ZOO_1_4\15_20201117 (3484).JPG;1
\vacia\vacia_alumno_1_AM\10_20201019 (228).JPG;0
\vacia\empty_IslandConservationCameraTraps\dominicanrepublic_cam0425abril2015_20130827_031602_sunp6418.jpg;0
\cervidae\CERVIDREDORFALLOWDEER_ZOO_1_4\37_20201024 (1749).JPG;1
\cervidae\ciervo_PNC_2014_ISAAC\c24316IMAG0051.JPG;1
\zorro\REDFOX_ZOO_1_4\7_20210115 (98).JPG;1
\vacia\NOANIMAL_ZOO_1_4\34_20210115 (2808).JPG;0
\ave\raven_IslandConservationCameraTraps\dominicanrepublic_cam11518mayo2017a_20170118_140117_img_0202.jpg;1
\vacia\empty_SnapshotKaroo\KAR_S1_A01_R1_IMAG00008.JPG;0
\humanovehiculo\HUMANORVEHICLE_ZOO_1_4\6_20210115 (1).JPG;1
\cervidae\CERVIDREDORFALLOWDEER_ZOO_5_6_7_9\41_20210218 (206) (2021_04_15 06_16_22 UTC).JPG;1
\caballo\HORSE_ZOO_5_6_7_9\15_20210219 (7548) (2021_04_15 06_16_22 UTC).JPG;1
\humanovehiculo\humanovehiculo_vacías_humanos_PNC_2012_ME\a30695IM000009.JPG;1
\vaca\COW_ZOO_5_6_7_9\21_20210418 (1178).JPG;1
\leporido\rabbit_CaltechCameraTrap_ME\5914eed9-23d2-11e8-a6a3-ec086b02610b.jpg;1
\vacia\empty_caltechCameraTraps\5979be50-23d2-11e8-a6a3-ec086b02610b.jpg;0
\vacia\empty_SnapshotMountainZebra\MTZ_S1_G04_R3_IMAG3403.JPG;0
\cervidae\Cervidae1___diego_1_rev_donana\21_20201025 (4327).JPG;1
\vacia\empty_caltechCameraTraps\597515c8-23d2-11e8-a6a3-ec086b02610b.jpg;0
\vacia\NOANIMAL_ZOO_5_6_7_9\24_20210318 (4991).JPG;0
\cervidae\CERVIDREDORFALLOWDEER_ZOO_1_4\17_20210114 (3141).JPG;1
\zorro\zorro_PNC_2014_manuel\c18285IMAG0012.JPG;1
\leporido\rabbit_CaltechCameraTrap_ME\5965a975-23d2-11e8-a6a3-ec086b02610b.jpg;1
\humanovehiculo\humanovehiculo_ss\25_20201024 (1238).JPG;1
\cervidae\CERVIDREDORFALLOWDEER_ZOO_5_6_7_9\2_20210219 (4448) (2021_04_15 06_16_22 UTC).JPG;1
\leporido\conejo_WellingtonCameraTraps_SS\140816180802023bs162.JPG;1
\vacia\empty_IslandConservationCameraTraps\ecuador1_cam1612_20150306_162418_img_0100.jpg;0
\humanovehiculo\humano_vehiculo_PNM_2013-O_ISAAC\f27005IMAG0006.JPG;1
\vacia\NOANIMAL_ZOO_5_6_7_9\20_20210319 (6060).JPG;0
\leporido\conejo_Paco_Carro_JC\PICT1696.JPG;1
\leporido\2_conejo_Paco_Carro_JC\PICT0728.JPG;1
\vacia\NOANIMAL_ZOO_1_4\26_20201020 (11786).JPG;0
\cervidae\ciervo_PNC_2013-O_RED_ISAAC\b13682IM000099.JPG;1
\jabali\WILDBOAR_ZOO_5_6_7_9\19_20210319 (1729).JPG;1
\jabali\WILDBOAR_ZOO_5_6_7_9\20_20210219 (2116) (2021_04_15 06_16_22 UTC).JPG;1
\vacia\empty_caltechCameraTraps\598941de-23d2-11e8-a6a3-ec086b02610b.jpg;0
\cervidae\CERVIDREDORFALLOWDEER_ZOO_5_6_7_9\15_20210219 (6903) (2021_04_15 06_16_22 UTC).JPG;1
\vacia\NOANIMAL_ZOO_1_4\38_20201117 (2141).JPG;0
\vacia\empty_SnapshotMountainZebra\MTZ_S1_D05_R1_IMAG0663.JPG;0
\vacia\NOANIMAL_ZOO_5_6_7_9\31_20210615 (3667).JPG;0
\gato_domestico\cat_CaltechCameraTrap\599fc082-23d2-11e8-a6a3-ec086b02610b.jpg;1
\humanovehiculo\humano_vehiculo_PNM_2012_ISAAC\d11508IM000006.JPG;1
\vacia\SnampshotEnonkishu\ENO_S1_D03_R1_IMAG1549.JPG;0
\cervidae\Ciervo_PNC_2014_JC\c27991IM000240.JPG;1
\humanovehiculo\humano_vehiculo_PNC_2013-I_ISAAC\4885IM000006.JPG;1
\gato_domestico\gato_WellingtonCameraTraps_SS\080416054936014b9236.JPG;1
\leporido\rabbit_CaltechCameraTrap_ME\59adfe3d-23d2-11e8-a6a3-ec086b02610b.jpg;1
\cervidae\ciervo_vacías_humanos_PNC_2012_ME\a2294IM000036.JPG;1
\cervidae\CERVIDREDORFALLOWDEER_ZOO_5_6_7_9\3_20210218 (40) (2021_04_15 06_16_22 UTC).JPG;1
\vacia\NOANIMAL_ZOO_5_6_7_9\11_20210418 (3311).JPG;0
\vacia\empty_IslandConservationCameraTraps\dominicanrepublic_cam0425abril2015_20130815_053542_sunp2664.jpg;0
\vacia\empty_SnapshotMountainZebra\MTZ_S1_G04_R3_IMAG2792.JPG;0
\zorro\zorro_PNM_2013-O_ISAAC\f21223IM000718.JPG;1
\vacia\NOANIMAL_ZOO_1_4\26_20201020 (11846).JPG;0
\humanovehiculo\HUMANORVEHICLE_ZOO_5_6_7_9\10_20210618 (23).JPG;1
\vaca\COW_ZOO_5_6_7_9\49_20210418 (2024).JPG;1
\ave\raven_IslandConservationCameraTraps\dominicanrepublic_cam11218mayo2017_20170513_154230_img_0111.jpg;1
\vacia\vacias_2_de_2_PNC_2012_ISAAC\a5699IM000513.JPG;0
\vacia\empty_SnapshotMountainZebra\MTZ_S1_D06_R1_IMAG1798.JPG;0
\meloncillo\Meloncillo_PEPE_IREC_JC\IMAG0098_(3).JPG;1
\ave\raven_IslandConservationCameraTraps\dominicanrepublic_cam3317mayo2017_20170510_090411_img_1397.jpg;1
\micromamiferos\micromamiferos_fotosManuelEmilio20200912\IMG_0622.JPG;1
\ave\ave_ave_WellingtonCameraTraps_SS\010216052842048c8282.JPG;1
\vacia\NOANIMAL_ZOO_5_6_7_9\32_20210615 (1101).JPG;0
\vacia\NOANIMAL_ZOO_1_4\21_20201119 (4623).JPG;0
\lince\Lince_a_Linces2_Leo_JC\lince50 (191).JPG;1
\vacia\empty_IslandConservationCameraTraps\ecuador1_ic1611_20150101_000005_img_0248.jpg;0
\vacia\empty_SnapshotMountainZebra\MTZ_S1_D05_R1_IMAG1099.JPG;0
\vacia\NOANIMAL_ZOO_1_4\6_20201812 (9835).JPG;0
\cervidae\CERVIDREDORFALLOWDEER_ZOO_5_6_7_9\20_20210219 (172) (2021_04_15 06_16_22 UTC).JPG;1
\cervidae\CERVIDREDORFALLOWDEER_ZOO_5_6_7_9\9_20210615 (245).JPG;1
\vacia\empty_IslandConservationCameraTraps\dominicanrepublic_cam2015abril2015_20150327_153552_img_2193.jpg;0
\vacia\empty_IslandConservationCameraTraps\dominicanrepublic_cam0425abril2015_20130807_023224_sunp0446.jpg;0
\vaca\COW_ZOO_5_6_7_9\21_20210418 (1498).JPG;1
\vacia\NOANIMAL_ZOO_5_6_7_9\50_20210417 (17966).JPG;0
\cervidae\ciervo_PNC_2014_ISAAC\c18904IMAG0090.JPG;1
\gato_domestico\gato_WellingtonCameraTraps_SS\170716180026031bl233.JPG;1
\cervidae\gamo_alumno_2_TH\9_20201025 (777).JPG;1
\leporido\rabbit_CaltechCameraTrap_ME\5865e416-23d2-11e8-a6a3-ec086b02610b.jpg;1
\zorro\zorro_PNC_2014_manuel\c6391IM000033.JPG;1
\vaca\COW_ZOO_5_6_7_9\21_20210318 (14823).JPG;1
\cervidae\ciervo_PNM_2013-I_ISAAC\e2357IM000214.JPG;1
\vacia\NOANIMAL_ZOO_1_4\13_20201219 (348).JPG;0
\lince\linces_fecha_Linces2_Leo_JC\3_Lince_flecha_Linces2_Leo_JC\lince228 (316).jpg;1
\cervidae\CERVIDREDORFALLOWDEER_ZOO_5_6_7_9\16_20210615 (21).JPG;1
\micromamiferos\Small rodent_mammalWeb\21344.jpg;1
\vacia\empty_IslandConservationCameraTraps\dominicanrepublic_cam0425abril2015_20130826_054332_sunp6206.jpg;0
\zorro\REDFOX_ZOO_1_4\2_20210115 (5668).JPG;1
\caballo\HORSE_ZOO_1_4\2_20201215 (2653).JPG;1
\vacia\NOANIMAL_ZOO_1_4\37_20210115 (96).JPG;0
\leporido\2_conejo_Paco_Carro_JC\PICT1147.JPG;1
\jabali\jabali_javi_2_JC\41_20201025 (18).JPG;1
\vacia\NOANIMAL_ZOO_5_6_7_9\13_20210218 (1447) (2021_04_15 06_16_22 UTC).JPG;0
\cervidae\CERVIDREDORFALLOWDEER_ZOO_1_4\21_20201025 (4091).JPG;1
\ave\ave_ave_WellingtonCameraTraps_SS\071016152028031cs122.JPG;1
\vacia\NOANIMAL_ZOO_1_4\34_20210115 (6771).JPG;0
\vacia\empty_SnapshotMountainZebra\MTZ_S1_D07_R1_IMAG1333.JPG;0
\ave\Pheasant_mammalWeb\36861.jpg;1
\zorro\zorro_PNC_2013-O_RED_ISAAC\b2034IMAG0088.JPG;1
\cervidae\CERVIDREDORFALLOWDEER_ZOO_1_4\39_20201019 (463).JPG;1
\vacia\NOANIMAL_ZOO_1_4\14_20210114 (2019).JPG;0
\cervidae\CERVIDREDORFALLOWDEER_ZOO_5_6_7_9\19_20210219 (577) (2021_04_15 06_16_22 UTC).JPG;1
\vacia\NOANIMAL_ZOO_1_4\9_20201118 (1372).JPG;0
\tejon\EUROPEANBADGER_ZOO_1_4\42_20201026 (77).JPG;1
\cervidae\cervidae_alumno_2_TH\21_20201025 (4346).JPG;1
\vaca\COW_ZOO_1_4\21_20201217 (4950).JPG;1
\zorro\REDFOX_ZOO_1_4\11_20201217 (88).JPG;1
\leporido\conejo_Paco_Carro_JC\01050076.JPG;1
\cervidae\ciervo_Javi_3_JC\6_20201023 (2009).JPG;1
\cervidae\ciervo_simone_2\34_20201024 (2934).JPG;1
\ave\ave_ave_WellingtonCameraTraps_SS\051116163508003bs523.JPG;1
\vacia\empty_IslandConservationCameraTraps\dominicanrepublic_cam1125abril2015_20150416_171649_img_1691.jpg;0
\ave\ave_ave_WellingtonCameraTraps_SS\041116185854003a7266.JPG;1
\cervidae\ciervo_simone_2\39_20201019 (245).JPG;1
\vacia\NOANIMAL_ZOO_1_4\7_20201118 (2729).JPG;0
\vacia\empty_SnapshotMountainZebra\MTZ_S1_G04_R3_IMAG1422.JPG;0
\vacia\NOANIMAL_ZOO_1_4\6_20201812 (9626).JPG;0
\humanovehiculo\humanovehiculo_PNC_2013-O_RED_ISAAC\b15661IM000006.JPG;1
\vacia\vacias_2_de_2_PNC_2012_ISAAC\a993IM000346.JPG;0
\vacia\empty_SnapshotMountainZebra\MTZ_S1_G04_R3_IMAG2966.JPG;0
\vacia\empty_caltechCameraTraps\5995af13-23d2-11e8-a6a3-ec086b02610b.jpg;0
\gineta\gineta_PNC_2013-I_ME\9414IM000011.JPG;1
\cervidae\ciervo_alumno_2_TH\25_20201024 (361).JPG;1
\vacia\vacias_PNC_2014_ISAAC\c12486IMAG0030.JPG;0
\vaca\3_Vaca_Paco_Carro_camarasliron_4_2_PASADAS_POR_LA_RED_JC\PICT0093.JPG;1
\vaca\cow_CaltechCameraTrap\591e42de-23d2-11e8-a6a3-ec086b02610b.jpg;1
\cervidae\CERVIDREDORFALLOWDEER_ZOO_5_6_7_9\5_20210219 (1756) (2021_04_15 06_16_22 UTC).JPG;1
\vacia\empty_SnapshotMountainZebra\MTZ_S1_E06_R3_IMAG0275.JPG;0
\gato_domestico\gato_WellingtonCameraTraps_SS\120116095550046c6373.JPG;1
\cervidae\ciervo_PNC_2014_ISAAC\c26603IM000074.JPG;1
\leporido\rabbit_CaltechCameraTrap_ME\591365b1-23d2-11e8-a6a3-ec086b02610b.jpg;1
\vacia\NOANIMAL_ZOO_5_6_7_9\50_20210408 (8299).JPG;0
\cervidae\Ciervo_PNC_2012_JC\a6374IM000076.JPG;1
\vacia\vacias_PNC_2014_ISAAC\c11233IMAG0016.JPG;0
\vacia\SnampshotEnonkishu\ENO_S1_D03_R1_IMAG1823.JPG;0
\vacia\NOANIMAL_ZOO_1_4\15_20210117 (8707).JPG;0
\vacia\NOANIMAL_ZOO_5_6_7_9\10_20210417 (502).JPG;0
\cervidae\CERVIDREDORFALLOWDEER_ZOO_1_4\4_20201220 (3381).JPG;1
\vacia\empty_IslandConservationCameraTraps\dominicanrepublic_cam0425abril2015_20130822_050929_sunp4343.jpg;0
\vacia\NOANIMAL_ZOO_1_4\34_20210115 (3805).JPG;0
\cervidae\CERVIDREDORFALLOWDEER_ZOO_5_6_7_9\28_20210615 (1473).JPG;1
\cervidae\CERVIDREDORFALLOWDEER_ZOO_5_6_7_9\10_20210219 (442) (2021_04_15 06_16_22 UTC).JPG;1
\cervidae\CERVIDREDORFALLOWDEER_ZOO_5_6_7_9\19_20210319 (2096).JPG;1
\humanovehiculo\humano_vehiculo_PNC_2013-I_ISAAC\5399IMAG0004.JPG;1
\cervidae\ciervo_PNC_2014_ISAAC\c22101IM000015.JPG;1
\vaca\COW_ZOO_1_4\21_20201217 (1660).JPG;1
\ave\Chicken_ena24\6464.jpg;1
\cervidae\ciervo_Javi_3_JC\30_20201021 (106).JPG;1
\cervidae\CERVIDREDORFALLOWDEER_ZOO_1_4\9_20201025 (845).JPG;1
\jabali\WILDBOAR_ZOO_5_6_7_9\44_20210618 (291).JPG;1
\jabali\WILDBOAR_ZOO_1_4\29_20201023 (470).JPG;1
\humanovehiculo\humano_vehiculo_PNC_2013-I_ISAAC\966IM000097.JPG;1
\vacia\empty_SnapshotMountainZebra\MTZ_S1_D05_R1_IMAG0690.JPG;0
\zorro\zorro_PNC_2012_JC\a30106IM000280.JPG;1
\caballo\Horse_mammalWeb\39877.jpg;1
\humanovehiculo\humanovehiculo_PNM_2013-I_ME\e4923IM000043.JPG;1
\vacia\vacia_alumno_AM_2\10_20201019 (4193).JPG;0
\humanovehiculo\car_CaltechCameraTrap_ME\vehiculo\59e5e1a8-23d2-11e8-a6a3-ec086b02610b.jpg;1
\humanovehiculo\humanovehiculo_ss\13_20201025 (9).JPG;1
\cervidae\CERVIDREDORFALLOWDEER_ZOO_1_4\21_20201025 (2154).JPG;1
\tejon\Tejon_PEPE_IREC_JC\IMAG0112_(8).JPG;1
\zorro\Zorro_PNC_2013-O_ME\b4996IMAG0886.JPG;1
\jabali\Jabali_PNC_2012_JC\a30239IM000044.JPG;1
\vacia\NOANIMAL_ZOO_5_6_7_9\50_20210417 (20113).JPG;0
\vacia\SnampshotEnonkishu\ENO_S1_B03_R1_IMAG1636.JPG;0
\jabali\WILDBOAR_ZOO_1_4\41_20201025 (147).JPG;1
\ave\OTHERSPECIES_ZOO_5_6_7_9\15_20210219 (6450) (2021_04_15 06_16_22 UTC).JPG;1
\jabali\jabali_PNC_2013-O_RED_ISAAC\b12008IMAG0454.JPG;1
\vacia\vacia_Paco_Carro_JC\01110819.JPG;0
\zorro\zorro_PNC_2014_manuel\c4437IM000040.JPG;1
\vaca\COW_ZOO_1_4\6_20201116 (2605).JPG;1
\vacia\NOANIMAL_ZOO_5_6_7_9\2_20210417 (22350).JPG;0
\ave\ave_ave_WellingtonCameraTraps_SS\081116190830011c0153.JPG;1
\vacia\NOANIMAL_ZOO_1_4\26_20201020 (14293).JPG;0
\humanovehiculo\humanovehiculo_PNC_2013-O_RED_ISAAC\b5536IM000005.JPG;1
\ave\ave_Soraya_Padilla_Alumno_1_TH\DSCF0085_frame060.jpg;1
\leporido\Lagomorpha1__diego_1_rev_donana\21_20201025 (1393).JPG;1
\cervidae\ciervo_vacías_humanos_PNC_2012_ME\a8910IM000011.JPG;1
\jabali\jabali_PNC_2014_manuel\c5922IM000113.JPG;1
\humanovehiculo\car_CaltechCameraTrap_ME\vehiculo\5879d1bc-23d2-11e8-a6a3-ec086b02610b.jpg;1
\vacia\empty_IslandConservationCameraTraps\puertorico_26_20150216_171524_ek000575.jpg;0
\zorro\Zorro_Pepe_IREC\Zorro_Pepe_Irec_ME\IMAG0072_(10).JPG;1
\vacia\empty_IslandConservationCameraTraps\dominicanrepublic_cam0425abril2015_20130727_010310_sunp0011.jpg;0
\vaca\COW_ZOO_5_6_7_9\9_20210615 (2468).JPG;1
\cervidae\ciervo_PNM_2012_ME\d14266IMAG0050.JPG;1
\vacia\SnampshotEnonkishu\ENO_S1_B03_R1_IMAG1083.JPG;0
\vacia\NOANIMAL_ZOO_1_4\6_20201812 (15316).JPG;0
\micromamiferos\2_micromamiferos_Paco_Carro_JC\IMG_0094.JPG;1
\vacia\NOANIMAL_ZOO_5_6_7_9\20_20210319 (975).JPG;0
\vacia\vacia_alumno_1_AM\10_20201019 (497).JPG;0
\cervidae\deer_CaltechCameraTrap\599104fe-23d2-11e8-a6a3-ec086b02610b.jpg;1
\vacia\NOANIMAL_ZOO_1_4\7_20210115 (1367).JPG;0
\vacia\empty_IslandConservationCameraTraps\dominicanrepublic_cam1725abril2015_20150412_093343_img_0437.jpg;0
\zorro\zorro_PNC_2012_JC\a33460IMAG0131.JPG;1
\caballo\caballos_alumno_AM\caballos_alumno_AM\9_20201712 (2144).JPG;1
\gato_domestico\gato_WellingtonCameraTraps_SS\10111516504408305352.JPG;1
\lince\Lince_b_Linces2_Leo_JC\lince147 (85).JPG;1
\vacia\empty_caltechCameraTraps\59b7a6ef-23d2-11e8-a6a3-ec086b02610b.jpg;0
\vacia\NOANIMAL_ZOO_5_6_7_9\50_20210417 (24919).JPG;0
\leporido\Conejo_Leo_Otra_fauna_PASADA_POR_LA_RED_JC\Otrafauna (1496).JPG;1
\cervidae\2_ciervo_simone_2\34_20201024 (4634).JPG;1
\cervidae\ciervo_PNC_2013-I_RED_ME\8060IM000006.JPG;1
\vacia\NOANIMAL_ZOO_1_4\25_20201218 (779).JPG;0
\ave\Bird_ena24\1616.jpg;1
\zorro\Zorro_Pepe_IREC\Zorro_Pepe_Irec_ME\IMAG0024_(9).JPG;1
\vacia\empty_SnapshotMountainZebra\MTZ_S1_G04_R3_IMAG1478.JPG;0
\lince\Lince_b_Linces2_Leo_JC\lince216 (25).JPG;1
\zorro\zorro_PNC_2013-I_ME\1465IM000024.JPG;1
\cervidae\CERVIDREDORFALLOWDEER_ZOO_5_6_7_9\21_20200113 (19) (2021_04_15 06_16_22 UTC).JPG;1
\jabali\WILDBOAR_ZOO_1_4\37_20201116 (14705).JPG;1
\gato_domestico\gato_WellingtonCameraTraps_SS\2906151632460830L081.JPG;1
\micromamiferos\micromamiferos_Paco_Carro_JC\PICT0029.JPG;1
\vacia\NOANIMAL_ZOO_5_6_7_9\5_20210618 (321).JPG;0
\cervidae\ciervo_PNC_2014_ISAAC\c30585IM000125.JPG;1
\vaca\COW_ZOO_1_4\21_20201217 (3484).JPG;1
\perro\dog_caltechCameraTraps\598622e6-23d2-11e8-a6a3-ec086b02610b.jpg;1
\vacia\NOANIMAL_ZOO_1_4\7_20210115 (2547).JPG;0
\humanovehiculo\humanovehiculo_PNC_2014_manuel\c14538IMAG0253.JPG;1
\vacia\NOANIMAL_ZOO_5_6_7_9\50_20210408 (8079).JPG;0
\micromamiferos\micromamifero_WellingtonCameraTraps_SS\021016202430024c6241.JPG;1
\vacia\NOANIMAL_ZOO_5_6_7_9\24_20210318 (5379).JPG;0
\zorro\REDFOX_ZOO_5_6_7_9\32_20210615 (9118).JPG;1
\ave\ave_PNM_2013-O_ISAAC\f27291IMAG0287.JPG;1
\humanovehiculo\HUMANORVEHICLE_ZOO_5_6_7_9\50_20210417 (20).JPG;1
\vacia\NOANIMAL_ZOO_5_6_7_9\39_20210318 (925).JPG;0
\ave\OTHERSPECIES_ZOO_5_6_7_9\50_20210616 (23345).JPG;1
\vacia\empty_IslandConservationCameraTraps\dominicanrepublic_cam1628octubre2015_20151023_110209_img_0018.jpg;0
\vacia\NOANIMAL_ZOO_1_4\24_20201019 (8565).JPG;0
\jabali\2_jabali_ss\29_20201023 (673).JPG;1
\leporido\conejo_leo_donana\0006607.JPG;1
\cervidae\4_ciervo_simone_2\34_20201024 (5774).JPG;1
\zorro\ZORRO_PNM_2012_ISAAC\d16347IM000022.JPG;1
\leporido\rabbit_IslandConservationCameraTraps\chile_piedra012013_1304201373202.jpg;1
\cervidae\CIERVO_PNM_2013-I_ISAAC\e4839IM000082.JPG;1
\vacia\NOANIMAL_ZOO_5_6_7_9\28_20210318 (706).JPG;0
\ave\shearwater_IslandConservationCameraTraps\chile_vaqueria2013_3112201224205.jpg;1
\cervidae\CERVIDREDORFALLOWDEER_ZOO_5_6_7_9\28_20210318 (15077).JPG;1
\jabali\WILDBOAR_ZOO_1_4\29_20201023 (884).JPG;1
\zorro\Zorro_PNC_2014_JC\c25921IM000137.JPG;1
\leporido\Rabbit_mammalWeb\691.jpg;1
\vacia\NOANIMAL_ZOO_5_6_7_9\50_20210417 (25719).JPG;0
\humanovehiculo\humano_vehiculo_PNM_2012_ISAAC\d14648IMAG0009.JPG;1
\cervidae\ciervo_Javi_3_JC\21_20201025 (1682).JPG;1
\ave\ave_PNC_2013-O_RED_ISAAC\b6278FILE0040.JPG;1
\vacia\empty_caltechCameraTraps\59a94e39-23d2-11e8-a6a3-ec086b02610b.jpg;0
\vacia\empty_SnapshotMountainZebra\MTZ_S1_D05_R1_IMAG2462.JPG;0
\vacia\NOANIMAL_ZOO_5_6_7_9\13_20210218 (1724) (2021_04_15 06_16_22 UTC).JPG;0
\leporido\rabbit_IslandConservationCameraTraps\chile_frances022013_29052013134651.jpg;1
\cervidae\CERVIDREDORFALLOWDEER_ZOO_1_4\40_20201117 (1492).JPG;1
\ave\2_ave_ave_WellingtonCameraTraps_SS\010116111838047c5023.JPG;1
\ave\OTHERSPECIES_ZOO_1_4\21_20201119 (3677).JPG;1
\cervidae\cervido_simone_2\34_20201024 (6546).JPG;1
\vacia\empty_caltechCameraTraps\596d626d-23d2-11e8-a6a3-ec086b02610b.jpg;0
\vacia\empty_IslandConservationCameraTraps\dominicanrepublic_cam0527septiembre2015_20130808_084847_sunp0533.jpg;0
\leporido\rabbit_IslandConservationCameraTraps\chile_frances012013_0301201374629.jpg;1
\jabali\jabali_Paco_Carro_camarasliron_4_2_PASADAS_POR_LA_RED_JC\MDGC0171.JPG;1
\cervidae\CERVIDREDORFALLOWDEER_ZOO_1_4\8_20201218 (56).JPG;1
\perro\dog_caltechCameraTraps\5a296601-23d2-11e8-a6a3-ec086b02610b.jpg;1
\zorro\Zorro_PNM_2013-0_ME\f13410IMAG0448.JPG;1
\jabali\WILDBOAR_ZOO_1_4\37_20210115 (554).JPG;1
\ave\petrel_IslandConservationCameraTraps\chile_filipiananbek2013_1910201371829.jpg;1
\cervidae\CERVIDREDORFALLOWDEER_ZOO_5_6_7_9\20_20210319 (14648).JPG;1
\meloncillo\Meloncillo_PEPE_IREC_JC\IMAG0155.JPG;1
\vacia\vacia_alumno_TH_3_TH_JC\15_20201024 (31826).JPG;0
\vacia\Nothing_mammalWeb\34959.jpg;0
\humanovehiculo\HUMANORVEHICLE_ZOO_1_4\18_unknowndate (2047).JPG;1
\gato_domestico\gato_WellingtonCameraTraps_SS\1207151450020359L101.JPG;1
\ave\OTHERSPECIES_ZOO_1_4\37_20210115 (935).JPG;1
\micromamiferos\rodent_CaltechCameraTrap_JC\Roedor_ rodent_CaltechCameraTrap_JC\59aadc0d-23d2-11e8-a6a3-ec086b02610b.jpg;1
\cervidae\CERVIDREDORFALLOWDEER_ZOO_5_6_7_9\28_20210318 (15094).JPG;1
\gato_domestico\gato_WellingtonCameraTraps_SS\02111517183402375951.JPG;1
\garduna\garduna_PNC_2013-I_RED_ME\4295IMAG0263.JPG;1
\cervidae\corzo_alumno_2_AM_JC\STC_0355_frame110.jpg;1
\cervidae\ciervo_simone_2\37_20201024 (1508).JPG;1
\gato_domestico\Gato_domestico_alumno_2_AM_JC\Felsyl 01_frame120.jpg;1
\zorro\zorro_PNC_2013-O_RED_ISAAC\b15774IM000016.JPG;1
\vacia\NOANIMAL_ZOO_5_6_7_9\42_20210618 (835).JPG;0
\vacia\empty_SnapshotMountainZebra\MTZ_S1_D05_R1_IMAG0661.JPG;0
\jabali\WILDBOAR_ZOO_1_4\37_20201116 (15578).JPG;1
\zorro\Zorro_PNM_2013-0_ME\f4556IM000222.JPG;1
\cervidae\ciervo_vacías_humanos_PNC_2012_ME\a18577IM000173.JPG;1
\cervidae\deer_CaltechCameraTrap\59f6003a-23d2-11e8-a6a3-ec086b02610b.jpg;1
\zorro\zorro_PNC_2013-O_RED_ISAAC\b7367IM000187.JPG;1
\vacia\NOANIMAL_ZOO_5_6_7_9\25_20210417 (15).JPG;0
\vacia\empty_SnapshotMountainZebra\MTZ_S1_D06_R1_IMAG0203.JPG;0
\zorro\REDFOX_ZOO_1_4\32_20201218 (131).JPG;1
\cervidae\CERVIDREDORFALLOWDEER_ZOO_5_6_7_9\39_20210318 (369).JPG;1
\vacia\empty_SnapshotMountainZebra\MTZ_S1_D06_R1_IMAG0804.JPG;0
\lince\linces_fecha_Linces2_Leo_JC\3_Lince_flecha_Linces2_Leo_JC\lince145 (17).jpg;1
\humanovehiculo\humanovehiculo_PNC_2013-O_RED_ISAAC\b16832IM000197.JPG;1
\humanovehiculo\humanovehiculo_PNC_2014_manuel\c3561IMAG0008.JPG;1
\vacia\empty_SnapshotMountainZebra\MTZ_S1_D07_R1_IMAG1764.JPG;0
\vacia\vacias_PNM_2013-O_ISAAC\f15855IMAG0594.JPG;0
\vacia\NOANIMAL_ZOO_5_6_7_9\25_20210319 (10145).JPG;0
\ave\bird_CaltechCameraTrap\5a230ef9-23d2-11e8-a6a3-ec086b02610b.jpg;1
\humanovehiculo\HUMANORVEHICLE_ZOO_5_6_7_9\18_20210319 (5).JPG;1
\vacia\empty_IslandConservationCameraTraps\ecuador1_ic1611_20150101_000004_img_0320.jpg;0
\vacia\NOANIMAL_ZOO_1_4\34_20210115 (3589).JPG;0
\cervidae\ciervo_PNC_2012_ISAAC\a33204IM000030.JPG;1
\jabali\WILDBOAR_ZOO_1_4\22_20210115 (766).JPG;1
\cervidae\ciervo_PNC_2014_ISAAC\c9791IM000041.JPG;1
\gato_domestico\gato_WellingtonCameraTraps_SS\2103151626060194S222.JPG;1
\vacia\NOANIMAL_ZOO_1_4\10_20201019 (1562).JPG;0
\vacia\vacia_Paco_Carro_JC\MDGC0285.JPG;0
\vacia\empty_caltechCameraTraps\59ac6d47-23d2-11e8-a6a3-ec086b02610b.jpg;0
\vacia\NOANIMAL_ZOO_5_6_7_9\50_20210417 (20538).JPG;0
\jabali\Jabalí_PNC_2013-O_ME\b18127IM000169.JPG;1
\humanovehiculo\car_CaltechCameraTrap_ME\vehiculo\5888bce4-23d2-11e8-a6a3-ec086b02610b.jpg;1
\vacia\NOANIMAL_ZOO_5_6_7_9\24_20210318 (4398).JPG;0
\cervidae\CERVIDREDORFALLOWDEER_ZOO_5_6_7_9\38_20210219 (382) (2021_04_15 06_16_22 UTC).JPG;1
\lince\Lince_a_Linces2_Leo_JC\lince102 (14).JPG;1
\vacia\empty_IslandConservationCameraTraps\ecuador1_ic1611_20150101_000003_img_0789.jpg;0
\vacia\NOANIMAL_ZOO_1_4\10_20201117 (2030).JPG;0
\vacia\empty_SnapshotMountainZebra\MTZ_S1_D06_R1_IMAG2103.JPG;0
\cervidae\CERVIDREDORFALLOWDEER_ZOO_5_6_7_9\50_20210616 (24556).JPG;1
\vacia\vacio_Saul Martin_FRAMES_SIN_REPETIDOS_REVISADOS_DIEGO\IMAG0025_frame300.jpg;0
\vaca\cow_CaltechCameraTrap\5922ede5-23d2-11e8-a6a3-ec086b02610b.jpg;1
\vacia\vacia_alumno_1_AM_2\22_20201022 (88).JPG;0
\caballo\HORSE_ZOO_5_6_7_9\46_20210618 (1321).JPG;1
\vacia\NOANIMAL_ZOO_1_4\7_20210115 (2306).JPG;0
\vacia\NOANIMAL_ZOO_5_6_7_9\24_20210318 (13931).JPG;0
\vacia\NOANIMAL_ZOO_1_4\6_20201812 (11578).JPG;0
\caballo\HORSE_ZOO_1_4\10_20201218 (3468).JPG;1
\vacia\NOANIMAL_ZOO_5_6_7_9\32_20210615 (13565).JPG;0
\zorro\Zorro_Pepe_IREC\Zorro_Pepe_Irec_ME\IMAG1427_(2).JPG;1
\ave\raven_IslandConservationCameraTraps\dominicanrepublic_cam11218mayo2017_20170513_154228_img_0109.jpg;1
\leporido\conejo_WellingtonCameraTraps_SS\110716155054038cs521.JPG;1
\jabali\3jabali_PNC_2013-O_RED_ISAAC\b12018IMAG0464.JPG;1
\zorro\zorro_vacías_humanos_PNC_2012_ME\a3538IM000036.JPG;1
\vacia\vacias_2_de_2_PNC_2012_ISAAC\a15216IM000250.JPG;0
\vaca\cow_CaltechCameraTrap\58b820ff-23d2-11e8-a6a3-ec086b02610b.jpg;1
\lince\Lince_a_Linces2_Leo_JC\lince74 (168).JPG;1
\vacia\vacia_javi_2_JC\27_20201023 (8300).JPG;0
\vacia\vacia_alumno_1_AM\6_20201023 (2806).JPG;0
\meloncillo\Meloncillo_PEPE_IREC_JC\IMAG0083_(3).JPG;1
\ave\ave_Paco_Carro_JC\MDGC0449.JPG;1
\humanovehiculo\car_CaltechCameraTrap_ME\vehiculo\590a1016-23d2-11e8-a6a3-ec086b02610b.jpg;1
\gato_domestico\gato_WellingtonCameraTraps_SS\0405151934160745L091.JPG;1
\vacia\NOANIMAL_ZOO_5_6_7_9\31_20210219 (372) (2021_04_15 06_16_22 UTC).JPG;0
\tejon\Tejon_PEPE_IREC_JC\IMAG0237_(5).JPG;1
\lince\linces_Linces2_Leo_JC\2_Lince_Linces2_Leo_JC\lince172 (13).JPG;1
\vacia\vacias_1_de_2_PNC_2012_ISAAC\a41657IM000864.JPG;0
\caballo\HORSE_ZOO_5_6_7_9\15_20210219 (989) (2021_04_15 06_16_22 UTC).JPG;1
\vacia\empty_IslandConservationCameraTraps\dominicanrepublic_cam0725abril2015a_20130813_062812_sunp4620.jpg;0
\vacia\NOANIMAL_ZOO_5_6_7_9\25_20210417 (19215).JPG;0
\vacia\vacia_vacías_humanos_PNC_2012_ME\a36873IM000450.JPG;0
\zorro\zorro_PNC_2012_JC\a23334IM000037.JPG;1
\vacia\NOANIMAL_ZOO_5_6_7_9\50_20210408 (7083).JPG;0
\leporido\2_conejo_alumno_2_AM_JC\Orycun (29)_frame140.jpg;1
\ave\ave_ave_WellingtonCameraTraps_SS\180716104210033c9191.JPG;1
\humanovehiculo\humanovehiculo_PNC_2014_manuel\c14025IMAG0104.JPG;1
\vacia\NOANIMAL_ZOO_5_6_7_9\28_20210417 (7268).JPG;0
\cervidae\cervidae_3_ME_rev_1_donana\37_20201024 (10719).JPG;1
\vacia\NOANIMAL_ZOO_1_4\7_20210115 (1038).JPG;0
\gato_domestico\gato_WellingtonCameraTraps_SS\0604151754560194S226.JPG;1
\garduna\Garduña_PNC_2014_JC\c5385IM000062.JPG;1
\cervidae\3_ciervo_simone_2\37_20201024 (8456).JPG;1
\leporido\rabbit_IslandConservationCameraTraps\chile_frances012013_2312201261028.jpg;1
\vacia\NOANIMAL_ZOO_5_6_7_9\31_20210615 (2440).JPG;0
\vacia\empty_SnapshotMountainZebra\MTZ_S1_E06_R3_IMAG1155.JPG;0
\vacia\SnampshotEnonkishu\ENO_S1_B03_R1_IMAG1540.JPG;0
\vacia\empty_SnapshotMountainZebra\MTZ_S1_G04_R3_IMAG3376.JPG;0
\cervidae\ciervo_PNC_2014_ISAAC\c6861IM000093.JPG;1
\micromamiferos\rat_IslandConservationCameraTraps\micronesia_cam14_june2019_20190620223141_rcnx0372.jpg;1
\vacia\NOANIMAL_ZOO_1_4\7_20210115 (2438).JPG;0
\leporido\Conejo_Leo_Otra_fauna_PASADA_POR_LA_RED_JC\Otrafauna (1943).JPG;1
\cervidae\ciervo_PNC_2013-I_RED_ME\965IM000096.JPG;1
\vacia\NOANIMAL_ZOO_5_6_7_9\15_20210219 (4453) (2021_04_15 06_16_22 UTC).JPG;0
\vacia\NOANIMAL_ZOO_5_6_7_9\24_20210318 (16580).JPG;0
\vacia\NOANIMAL_ZOO_5_6_7_9\20_20210319 (568).JPG;0
\vacia\NOANIMAL_ZOO_5_6_7_9\2_20210417 (19543).JPG;0
\vacia\NOANIMAL_ZOO_1_4\41_20201025 (205).JPG;0
\vacia\vacia_alumno_AM_2\30_20201021 (7570).JPG;0
\vaca\COW_ZOO_5_6_7_9\21_20210418 (3385).JPG;1
\vacia\NOANIMAL_ZOO_5_6_7_9\2_20210417 (4942).JPG;0
\vacia\empty_SnapshotMountainZebra\MTZ_S1_G04_R3_IMAG0952.JPG;0
\cervidae\ciervo_Javi_3_JC\25_20201024 (379).JPG;1
\vacia\vacia_Soraya_Padilla_Alumno_1_TH\STC_0568_frame130.jpg;0
\vacia\empty_caltechCameraTraps\599a5c92-23d2-11e8-a6a3-ec086b02610b.jpg;0
\zorro\zorro_PNM_2013-O_ISAAC\f12614IM000029.JPG;1
\lince\Lince_b_Linces2_Leo_JC\lince228 (188).jpg;1
\vacia\empty_SnapshotMountainZebra\MTZ_S1_D06_R1_IMAG1547.JPG;0
\vacia\vacia_ss\25_20201024 (177).JPG;0
\vacia\NOANIMAL_ZOO_1_4\7_20210115 (4262).JPG;0
\garduna\garduna_PNC_2013-O_RED_ISAAC\b19253IMAG0083.JPG;1
\zorro\zorro_PNM_2013-I_ISAAC\e319IM000037.JPG;1
\cervidae\ciervo_PNC_2013-I_RED_ME\8994IM000091.JPG;1
\vaca\cow_CaltechCameraTrap\58eac938-23d2-11e8-a6a3-ec086b02610b.jpg;1
\vacia\NOANIMAL_ZOO_5_6_7_9\2_20210417 (20503).JPG;0
\garduna\garduna_PNC_2014_manuel\c25261IM000093.JPG;1
\vacia\empty_SnapshotKaroo\KAR_S1_C03_R1_IMAG1082.JPG;0
\vaca\COW_ZOO_5_6_7_9\9_20210615 (1740).JPG;1
\tejon\Tejon_PEPE_IREC_JC\PICT0119.JPG;1
\vacia\vacia_Paco_Carro_JC\01130261.JPG;0
\leporido\rabbit_IslandConservationCameraTraps\chile_frances012013_2312201270735.jpg;1
\vacia\NOANIMAL_ZOO_1_4\26_20201020 (11981).JPG;0
\caballo\HORSE_ZOO_1_4\15_20201117 (6498).JPG;1
\vacia\NOANIMAL_ZOO_1_4\43_20201118 (884).JPG;0
\vacia\NOANIMAL_ZOO_1_4\6_20201812 (11804).JPG;0
\humanovehiculo\humanovehiculo_PNC_2014_manuel\c404IM000005.JPG;1
\ave\bird_CaltechCameraTrap\59817ab9-23d2-11e8-a6a3-ec086b02610b.jpg;1
\vacia\empty_SnapshotMountainZebra\MTZ_S1_E04_R1_IMAG0376.JPG;0
\vacia\vacia_alumno_AM_2\26_20201020 (331).JPG;0
\vacia\vacia_alumno_AM_2\30_20201021 (9201).JPG;0
\cervidae\CERVIDREDORFALLOWDEER_ZOO_5_6_7_9\5_20210417 (3887).JPG;1
\jabali\WILDBOAR_ZOO_1_4\15_20210117 (7835).JPG;1
\cervidae\CERVIDREDORFALLOWDEER_ZOO_1_4\28_20201117 (261).JPG;1
\vacia\empty_IslandConservationCameraTraps\dominicanrepublic_cam0425abril2015_20130828_045223_sunp6834.jpg;0
\zorro\Zorro_alumno_2_AM\vulvul 27_frame020.jpg;1
\vaca\COW_ZOO_1_4\26_20201117 (727).JPG;1
\leporido\rabbit_CaltechCameraTrap_ME\58c6644d-23d2-11e8-a6a3-ec086b02610b.jpg;1
\mapache\raccoon_CaltechCameraTrap_ME\5a015d0f-23d2-11e8-a6a3-ec086b02610b.jpg;1
\vacia\NOANIMAL_ZOO_5_6_7_9\36_20210618 (8079).JPG;0
\ave\shearwater_IslandConservationCameraTraps\chile_vaqueria2013_0812201235039.jpg;1
\caballo\caballos_alumno_AM\caballos_alumno_AM\2_20201215 (5826).JPG;1
\lince\Lince_b_Linces2_Leo_JC\lince133 (42).JPG;1
\cervidae\CERVIDREDORFALLOWDEER_ZOO_1_4\33_20210115 (114).JPG;1
\lince\Lince_a_Linces2_Leo_JC\lince74 (210).JPG;1
\vacia\NOANIMAL_ZOO_5_6_7_9\25_20210417 (3901).JPG;0
\vacia\empty_caltechCameraTraps\59da8982-23d2-11e8-a6a3-ec086b02610b.jpg;0
\vacia\vacia_alumno_1_AM\10_20201019 (194).JPG;0
\jabali\WILDBOAR_ZOO_1_4\37_20201024 (316).JPG;1
\caballo\caballos_alumno_AM\caballos_alumno_AM\2_20201215 (5862).JPG;1
\cervidae\CERVIDREDORFALLOWDEER_ZOO_1_4\15_20210117 (7451).JPG;1
\vacia\NOANIMAL_ZOO_1_4\34_20210115 (1328).JPG;0
\ave\BUHO_PNM_2012_ISAAC\d11325IM000092.JPG;1
\vaca\cow_CaltechCameraTrap\58a1caf7-23d2-11e8-a6a3-ec086b02610b.jpg;1
\humanovehiculo\HUMANORVEHICLE_ZOO_1_4\6_20201812 (12).JPG;1
\vaca\COW_ZOO_1_4\17_20201026 (721).JPG;1
\cervidae\CERVIDREDORFALLOWDEER_ZOO_1_4\33_20201217 (108).JPG;1
\ave\bird_CaltechCameraTrap\5900a412-23d2-11e8-a6a3-ec086b02610b.jpg;1
\cervidae\CERVIDREDORFALLOWDEER_ZOO_5_6_7_9\3_20210417 (253).JPG;1
\lince\Lince_a_Linces2_Leo_JC\Lince48 (89).JPG;1
\vacia\NOANIMAL_ZOO_1_4\26_20201020 (10901).JPG;0
\vacia\vacia_alumno_2_AM_JC\STC_0007_frame420.jpg;0
\cervidae\ciervo_Javi_3_JC\21_20201025 (5177).JPG;1
\cervidae\CERVIDREDORFALLOWDEER_ZOO_1_4\24_20201218 (603).JPG;1
\vacia\empty_SnapshotMountainZebra\MTZ_S1_E06_R3_IMAG0478.JPG;0
\cervidae\ciervo_Javi_3_JC\21_20201025 (2643).JPG;1
\jabali\6_Jabali_PNC_2014_JC\c7432IM000107.JPG;1
\vacia\empty_SnapshotMountainZebra\MTZ_S1_D05_R1_IMAG1506.JPG;0
\vacia\SnampshotEnonkishu\ENO_S1_D06_R1_IMAG0384.JPG;0
\jabali\WILDBOAR_ZOO_1_4\20_20210115 (939).JPG;1
\zorro\Zorro_PNC_2014_JC\c29899IM000120.JPG;1
\jabali\WILDBOAR_ZOO_1_4\37_20201116 (15967).JPG;1
\leporido\rabbit_CaltechCameraTrap_ME\59439dec-23d2-11e8-a6a3-ec086b02610b.jpg;1
\lince\Lince_a_Linces2_Leo_JC\lince127 (118).JPG;1
\vacia\NOANIMAL_ZOO_1_4\6_20201812 (11281).JPG;0
\cervidae\ciervo_PNC_2013-I_RED_ME\6817IM000130.JPG;1
\zorro\Zorro_Pepe_IREC\Zorro_Pepe_Irec_ME\CA_16-03.05-19_58.JPG;1
\vacia\empty_IslandConservationCameraTraps\ecuador2_ic1607_20150122_062857_img_0638.jpg;0
\cervidae\CERVIDREDORFALLOWDEER_ZOO_5_6_7_9\5_20210219 (1596) (2021_04_15 06_16_22 UTC).JPG;1
\leporido\Rabbit_mammalWeb\36082.jpg;1
\vacia\NOANIMAL_ZOO_1_4\35_20210114 (1041).JPG;0
\zorro\zorro_PNC_2013-O_RED_ISAAC\b7450IM000040.JPG;1
\vacia\NOANIMAL_ZOO_5_6_7_9\24_20210318 (13003).JPG;0
\vacia\NOANIMAL_ZOO_1_4\6_20201812 (8753).JPG;0
\vacia\NOANIMAL_ZOO_1_4\6_20201812 (11036).JPG;0
\gato_domestico\gato_WellingtonCameraTraps_SS\2503152022000224S113.JPG;1
\zorro\ZORRO_PNM_2012_ISAAC\d12009IM000011.JPG;1
\vacia\vacia_Paco_Carro_JC\IMG_1869.JPG;0
\cervidae\ciervo_PNM_2012_ISAAC\d10835IM000213.JPG;1
\micromamiferos\rat_IslandConservationCameraTraps\palau_cam09a12132018_20181005_201456_rcnx0488.jpg;1
\leporido\rabbit_IslandConservationCameraTraps\chile_piedra012013_08042013152811.jpg;1
\vacia\vacia_alumno_2_AM\Catcat 02_frame200.jpg;0
\gato_domestico\cat_IslandConservationCameraTraps\palau_cam10a12122018_20181108_174532_rcnx1035.jpg;1
\vacia\NOANIMAL_ZOO_5_6_7_9\50_20210408 (7875).JPG;0
\vacia\empty_IslandConservationCameraTraps\dominicanrepublic_cam0526julio2015_20150624_141201_sunp0210.jpg;0
\lince\Lince_b_Linces2_Leo_JC\lince169 (58).JPG;1
\vacia\NOANIMAL_ZOO_5_6_7_9\18_20210417 (9511).JPG;0
\vaca\COW_ZOO_5_6_7_9\49_20210418 (2335).JPG;1
\humanovehiculo\HUMANORVEHICLE_ZOO_1_4\39_20201019 (557).JPG;1
\vacia\empty_IslandConservationCameraTraps\dominicanrepublic_cam0527septiembre2015_20130730_091556_sunp0116.jpg;0
\jabali\WILDBOAR_ZOO_1_4\37_20201024 (1356).JPG;1
\zorro\REDFOX_ZOO_5_6_7_9\47_20210615 (613).JPG;1
\jabali\jabali_PNC_2013-I_ISAAC\9296IM000080.JPG;1
\vacia\empty_IslandConservationCameraTraps\dominicanrepublic_cam0425abril2015_20130821_011740_sunp3719.jpg;0
\vaca\COW_ZOO_1_4\35_20210114 (336).JPG;1
\vacia\NOANIMAL_ZOO_1_4\37_20201116 (9551).JPG;0
\vacia\NOANIMAL_ZOO_5_6_7_9\36_20210618 (2982).JPG;0
\cervidae\ciervo_vacías_humanos_PNC_2012_ME\a43305IM000105.JPG;1
\lince\Lince_b_Linces2_Leo_JC\lince228 (532).JPG;1
\jabali\WILDBOAR_ZOO_5_6_7_9\47_20210418 (1684).JPG;1
\cervidae\CERVIDREDORFALLOWDEER_ZOO_5_6_7_9\9_20210615 (64).JPG;1
\zorro\REDFOX_ZOO_5_6_7_9\24_20210318 (3068).JPG;1
\leporido\conejo_Paco_Carro_JC\PICT1497.JPG;1
\cervidae\ciervo_PNC_2013-I_RED_ME\7531IM000098.JPG;1
\jabali\WILDBOAR_ZOO_1_4\37_20201116 (4748).JPG;1
\vaca\COW_ZOO_5_6_7_9\2_20210319 (1117).JPG;1
\ave\ave_ave_WellingtonCameraTraps_SS\010416094828012a8832.JPG;1
\vacia\vacia_Paco_Carro_JC\01130302.JPG;0
\vacia\empty_IslandConservationCameraTraps\dominicanrepublic_cam0425abril2015_20130815_044633_sunp2550.jpg;0
\leporido\Lagomorpha_ME_rev_2_donana\6_20201023 (3268).JPG;1
\zorro\zorro_PNC_2013-I_ME\5885IM000187.JPG;1
\vacia\NOANIMAL_ZOO_5_6_7_9\2_20210618 (20090).JPG;0
\mapache\raccoon_CaltechCameraTrap_ME\58f8cd66-23d2-11e8-a6a3-ec086b02610b.jpg;1
\lince\Lince_b_Linces2_Leo_JC\lince216 (367).JPG;1
\caballo\HORSE_ZOO_5_6_7_9\46_20210618 (111).JPG;1
\cervidae\ciervo_vacías_humanos_PNC_2012_ME\a6648IM000025.JPG;1
\leporido\conejo_Paco_Carro_JC\PICT0702.JPG;1
\zorro\fox_CaltechCameraTrap_ME\587d3f83-23d2-11e8-a6a3-ec086b02610b.jpg;1
\cervidae\ciervo_PNM_2013-I_ISAAC\e4394IM000039.JPG;1
\cervidae\CERVIDREDORFALLOWDEER_ZOO_5_6_7_9\19_20210618 (336).JPG;1
\vacia\NOANIMAL_ZOO_5_6_7_9\11_20210418 (3171).JPG;0
\jabali\WILDBOAR_ZOO_1_4\11_20201118 (192).JPG;1
\gineta\gineta_Saul Martin_FRAMES_SIN_REPETIDOS_REVISADOS_DIEGO\IMAG0022_frame000.jpg;1
\cervidae\CERVIDREDORFALLOWDEER_ZOO_1_4\35_20210114 (2713).JPG;1
\vaca\COW_ZOO_5_6_7_9\46_20210618 (872).JPG;1
\leporido\rabbit_CaltechCameraTrap_ME\58bea62c-23d2-11e8-a6a3-ec086b02610b.jpg;1
\zorro\fox_CaltechCameraTrap_ME\58a6e8df-23d2-11e8-a6a3-ec086b02610b.jpg;1
\ave\ave_ave_WellingtonCameraTraps_SS\011016170728049cs463.JPG;1
\vacia\NOANIMAL_ZOO_5_6_7_9\19_20210319 (979).JPG;0
\cervidae\CERVIDREDORFALLOWDEER_ZOO_5_6_7_9\35_20210418 (396).JPG;1
\vacia\empty_SnapshotMountainZebra\MTZ_S1_D05_R1_IMAG0349.JPG;0
\tejon\tejon_alumno_2_AM_JC\SUNP0231_frame180.jpg;1
\cervidae\CERVIDREDORFALLOWDEER_ZOO_5_6_7_9\39_20210218 (1009) (2021_04_15 06_16_22 UTC).JPG;1
\cervidae\deer_CaltechCameraTrap\599be8e7-23d2-11e8-a6a3-ec086b02610b.jpg;1
\ave\American Crow_ena24\8775.jpg;1
\vacia\empty_IslandConservationCameraTraps\dominicanrepublic_cam0425abril2015_20130809_032203_sunp1532.jpg;0
\vacia\empty_IslandConservationCameraTraps\dominicanrepublic_cam1725abril2015_20150409_092220_img_0238.jpg;0
\vacia\NOANIMAL_ZOO_5_6_7_9\25_20210417 (8857).JPG;0
\vacia\vacias_PNM_2013-O_ISAAC\f19083IM000774.JPG;0
\jabali\jabali_alumno_1_AM_2\41_20201025 (46).JPG;1
\cervidae\CERVIDREDORFALLOWDEER_ZOO_5_6_7_9\5_20210219 (1560) (2021_04_15 06_16_22 UTC).JPG;1
\vacia\empty_SnapshotMountainZebra\MTZ_S1_G04_R3_IMAG0669.JPG;0
\vacia\NOANIMAL_ZOO_1_4\6_20201812 (8967).JPG;0
\cervidae\CIERVO_PNM_2012_ISAAC\d13767IM000073.JPG;1
\ave\ave_Paco_Carro_JC\MDGC0604.JPG;1
\lince\Lince_a_Linces2_Leo_JC\Lince53 (11).JPG;1
\cervidae\CERVIDREDORFALLOWDEER_ZOO_5_6_7_9\9_20210218 (221) (2021_04_15 06_16_22 UTC).JPG;1
\jabali\jabali_Leo_Otra_fauna_PASADA_POR_LA_RED_JC\Otrafauna (652).JPG;1
\cervidae\CERVIDREDORFALLOWDEER_ZOO_5_6_7_9\19_20210618 (631).JPG;1
\vacia\NOANIMAL_ZOO_1_4\35_20210114 (2647).JPG;0
\vacia\NOANIMAL_ZOO_1_4\25_20201024 (1177).JPG;0
\cervidae\CERVIDREDORFALLOWDEER_ZOO_5_6_7_9\15_20210219 (4325) (2021_04_15 06_16_22 UTC).JPG;1
\cervidae\Ciervo_Paco_Carro_camarasliron_4_2_PASADAS_POR_LA_RED_JC\MDGC0016.JPG;1
\lince\Lince_b_Linces2_Leo_JC\lince153 (73).JPG;1
\vacia\empty_SnapshotMountainZebra\MTZ_S1_E06_R1_IMAG0411.JPG;0
\garduna\garduna_PNM_2013-O_ME\f4697IM000020.JPG;1
\humanovehiculo\HUMANORVEHICLE_ZOO_5_6_7_9\19_20210417 (8).JPG;1
\leporido\rabbit_CaltechCameraTrap_ME\5a1b1401-23d2-11e8-a6a3-ec086b02610b.jpg;1
\zorro\zorro_vacías_humanos_PNC_2012_ME\a49583IM000034.JPG;1
\vacia\SnampshotEnonkishu\ENO_S1_D06_R1_IMAG3238.JPG;0
\vaca\COW_ZOO_5_6_7_9\21_20210418 (842).JPG;1
\vacia\empty_IslandConservationCameraTraps\dominicanrepublic_cam1825abril2015_20150409_095015_img_0067.jpg;0
\leporido\rabbit_CaltechCameraTrap_ME\589460a1-23d2-11e8-a6a3-ec086b02610b.jpg;1
\zorro\zorro_PNM_2012_ME\d15868IMAG0026.JPG;1
\leporido\Conejo_PNC_2014_JC\c7525IM000008.JPG;1
\vacia\NOANIMAL_ZOO_1_4\24_20210115 (2487).JPG;0
\vacia\empty_IslandConservationCameraTraps\ecuador1_ic1611_20150101_000004_img_0774.jpg;0
\vacia\empty_IslandConservationCameraTraps\dominicanrepublic_cam0425abril2015_20130808_043701_sunp1152.jpg;0
\micromamiferos\micromamiferos_fotosManuelEmilio20200912\IMG_0603.JPG;1
\vacia\SnampshotEnonkishu\ENO_S1_D06_R1_IMAG2796.JPG;0
\cervidae\3_ciervo_Javi_3_JC\34_20201024 (2249).JPG;1
\vaca\cow_CaltechCameraTrap\58a52e10-23d2-11e8-a6a3-ec086b02610b.jpg;1
\vacia\NOANIMAL_ZOO_5_6_7_9\25_20210219 (125) (2021_04_15 06_16_22 UTC).JPG;0
\ave\ave_ave_WellingtonCameraTraps_SS\100516120904001a1603.JPG;1
\vacia\empty_IslandConservationCameraTraps\dominicanrepublic_cam1725abril2015_20150408_082737_img_0181.jpg;0
\vacia\empty_SnapshotMountainZebra\MTZ_S1_D05_R1_IMAG0548.JPG;0
\vacia\vacias_PNC_2013-I_ME\9828IM000012.JPG;0
\tejon\Tejon_PEPE_IREC_JC\PTDC0696.JPG;1
\cervidae\ciervo_simone_2\34_20201024 (3595).JPG;1
\vacia\empty_SnapshotMountainZebra\MTZ_S1_C06_R3_IMAG1461.JPG;0
\cervidae\CERVIDREDORFALLOWDEER_ZOO_1_4\9_20210114 (1193).JPG;1
\zorro\Zorro_Pepe_IREC\Zorro_Pepe_Irec_ME\IMAG0563_(8).JPG;1
\jabali\WILDBOAR_ZOO_1_4\20_20201215 (248).JPG;1
\vacia\vacia_buscar_cab_isaac_sin_contar\9_20201118 (325).JPG;0
\vacia\NOANIMAL_ZOO_1_4\6_20201812 (10610).JPG;0
\humanovehiculo\humanovehiculo_PNC_2013-I_RED_ME\1301IM000020.JPG;1
\vacia\NOANIMAL_ZOO_1_4\7_20210115 (1096).JPG;0
\vaca\COW_ZOO_1_4\21_20201025 (3453).JPG;1
\zorro\zorro_PNC_2012_JC\a29892IM000074.JPG;1
\vacia\NOANIMAL_ZOO_5_6_7_9\32_20210615 (1381).JPG;0
\vacia\NOANIMAL_ZOO_5_6_7_9\39_20210318 (802).JPG;0
\leporido\rabbit_CaltechCameraTrap_ME\5879d523-23d2-11e8-a6a3-ec086b02610b.jpg;1
\zorro\zorro_PNM_2013-O_ISAAC\f2793IMAG0578.JPG;1
\vacia\vacias_1_de_2_PNC_2012_ISAAC\a38419IMAG0149.JPG;0
\jabali\WILDBOAR_ZOO_1_4\40_20201024 (707).JPG;1
\vacia\vacias_PNM_2013-O_ISAAC\f9705IM000852.JPG;0
\cervidae\ciervo_Paco_Carro_JC\PICT0385.JPG;1
\vaca\COW_ZOO_5_6_7_9\46_20210618 (908).JPG;1
\vacia\Vacia_ME_rev_2_donana\25_20201024 (977).JPG;0
\vacia\vacia_alumno_AM_2\26_20201020 (14280).JPG;0
\vacia\NOANIMAL_ZOO_1_4\34_20210115 (1959).JPG;0
\zorro\zorro_PNC_2013-I_RED_ME\8143IM000070.JPG;1
\vacia\vacias_2_de_2_PNC_2012_ISAAC\a2236IM000030.JPG;0
\vacia\NOANIMAL_ZOO_5_6_7_9\28_20210417 (5654).JPG;0
\ave\ave_ave_WellingtonCameraTraps_SS\070916095330034bs536.JPG;1
\vacia\empty_SnapshotMountainZebra\MTZ_S1_D06_R1_IMAG2108.JPG;0
\cervidae\ciervo_PNC_2013-O_RED_ISAAC\b16755IM000116.JPG;1
\vacia\empty_SnapshotMountainZebra\MTZ_S1_G04_R3_IMAG2003.JPG;0
\vacia\NOANIMAL_ZOO_1_4\6_20201812 (14340).JPG;0
\zorro\zorro_PNC_2012_JC\a3682IM000050.JPG;1
\vaca\COW_ZOO_1_4\6_20201116 (2608).JPG;1
\humanovehiculo\HUMANORVEHICLE_ZOO_5_6_7_9\42_20210318 (413).JPG;1
\cervidae\deer_CaltechCameraTrap\59ddc13f-23d2-11e8-a6a3-ec086b02610b.jpg;1
\vacia\NOANIMAL_ZOO_5_6_7_9\36_20210618 (4784).JPG;0
\vacia\vacias_PNM_2013-O_ISAAC\f3389IMAG0266.JPG;0
\lince\Lince_a_Linces2_Leo_JC\Lince53 (72).JPG;1
\jabali\WILDBOAR_ZOO_1_4\12_20201217 (372).JPG;1
\humanovehiculo\humanovehiculo_PNC_2014_manuel\c17872IMAG0012.JPG;1
\cervidae\CIERVO_PNM_2012_ISAAC\d481IM000107.JPG;1
\cervidae\CERVIDREDORFALLOWDEER_ZOO_5_6_7_9\2_20210319 (5537).JPG;1
\gato_domestico\cat_IslandConservationCameraTraps\puertorico_18_20150123_110253_img_0220.jpg;1
\vacia\NOANIMAL_ZOO_5_6_7_9\39_20210318 (1636).JPG;0
\ave\MIRLO_PNM_2013-I_ISAAC\e444IM000046.JPG;1
\jabali\WILDBOAR_ZOO_1_4\11_20210114 (534).JPG;1
\vaca\COW_ZOO_5_6_7_9\17_20210318 (379).JPG;1
\vacia\empty_IslandConservationCameraTraps\ecuador1_cam1612_20150109_014630_img_1279.jpg;0
\cervidae\CERVIDREDORFALLOWDEER_ZOO_1_4\21_20201025 (5029).JPG;1
\cervidae\CERVIDREDORFALLOWDEER_ZOO_5_6_7_9\15_20210219 (4175) (2021_04_15 06_16_22 UTC).JPG;1
\leporido\rabbit_CaltechCameraTrap_ME\58c7ef84-23d2-11e8-a6a3-ec086b02610b.jpg;1
\vacia\NOANIMAL_ZOO_1_4\34_20210115 (4024).JPG;0
\ave\OTHERSPECIES_ZOO_1_4\18_20200130 (914).JPG;1
\vacia\empty_IslandConservationCameraTraps\dominicanrepublic_cam0425abril2015_20130825_050351_sunp5702.jpg;0
\vacia\vacias_PNC_2014_ISAAC\c3731IMAG0076.JPG;0
\jabali\WILDBOAR_ZOO_1_4\11_20210114 (44).JPG;1
\vacia\vacia_Paco_Carro_JC\IMG_1488.JPG;0
\vacia\empty_SnapshotMountainZebra\MTZ_S1_D07_R1_IMAG0162.JPG;0
\leporido\rabbit_CaltechCameraTrap_ME\59d27c2c-23d2-11e8-a6a3-ec086b02610b.jpg;1
\caballo\HORSE_ZOO_1_4\15_20201215 (6374).JPG;1
\jabali\jabali_PNC_2014_manuel\c8778IM000082.JPG;1
\vacia\empty_IslandConservationCameraTraps\ecuador1_ic1611_20150101_000003_img_1404.jpg;0
\humanovehiculo\humano_vehiculo_PNM_2012_ISAAC\d1265IM000008.JPG;1
\vacia\NOANIMAL_ZOO_5_6_7_9\32_20210417 (2148).JPG;0
\humanovehiculo\HUMANORVEHICLE_ZOO_5_6_7_9\9_20210418 (32).JPG;1
\cervidae\ciervo_PNC_2014_ISAAC\c23649IM000098.JPG;1
\vacia\NOANIMAL_ZOO_1_4\40_20201024 (3072).JPG;0
\vacia\vacio_Saul Martin_FRAMES_SIN_REPETIDOS_REVISADOS_DIEGO\IMAG0025_frame500.jpg;0
\vacia\empty_caltechCameraTraps\59ef8bdc-23d2-11e8-a6a3-ec086b02610b.jpg;0
\mapache\raccoon_CaltechCameraTrap_ME\597b487f-23d2-11e8-a6a3-ec086b02610b.jpg;1
\vacia\empty_IslandConservationCameraTraps\ecuador1_ic1611_20150101_000002_img_0716.jpg;0
\jabali\WILDBOAR_ZOO_1_4\29_20201023 (578).JPG;1
\jabali\WILDBOAR_ZOO_1_4\15_20210117 (7843).JPG;1
\vacia\empty_IslandConservationCameraTraps\dominicanrepublic_cam1826julio2015_20150713_090129_img_2080.jpg;0
\vacia\NOANIMAL_ZOO_1_4\19_20210115 (68).JPG;0
\cervidae\ciervo_Paco_Carro_JC\IMG_0010.JPG;1
\jabali\Jabali_PNC_2012_JC\a13768IM000200.JPG;1
\leporido\Rabbit_mammalWeb\44231.jpg;1
\zorro\zorro_PNC_2012_JC\a13639IM000075.JPG;1
\cervidae\deer_CaltechCameraTrap\596d638c-23d2-11e8-a6a3-ec086b02610b.jpg;1
\cervidae\corzo_alumno_2_AM_JC\DSCF0184_frame170.jpg;1
\cervidae\ciervo_PNC_2013-I_RED_ME\6081IM000142.JPG;1
\ave\ave_ave_WellingtonCameraTraps_SS\050216125526011a1023.JPG;1
\vacia\NOANIMAL_ZOO_1_4\6_20201812 (8364).JPG;0
\humanovehiculo\humano_vehiculo_PNM_2013-O_ISAAC\f4933IM000037.JPG;1
\zorro\Zorro_Pepe_IREC\Zorro_Pepe_Irec_ME\IMAG2408_(2).JPG;1
\humanovehiculo\humano_vehiculo_PNC_2013-I_ISAAC\1444IM000002.JPG;1
\vacia\NOANIMAL_ZOO_5_6_7_9\25_20210417 (4150).JPG;0
\jabali\WILDBOAR_ZOO_1_4\33_20201120 (140).JPG;1
\vacia\empty_caltechCameraTraps\59b7a647-23d2-11e8-a6a3-ec086b02610b.jpg;0
\jabali\jabali_Saul Martin_FRAMES_SIN_REPETIDOS_REVISADOS_DIEGO\IMAG0018_frame340.jpg;1
\vacia\empty_SnapshotMountainZebra\MTZ_S1_D05_R1_IMAG1526.JPG;0
\vacia\Nothing_mammalWeb\64231.jpg;0
\cervidae\CERVIDREDORFALLOWDEER_ZOO_1_4\21_20201025 (2638).JPG;1
\vacia\empty_IslandConservationCameraTraps\dominicanrepublic_cam1826junio2015_20150505_122517_img_2883.jpg;0
\jabali\Jabali_PNC_2012_JC\a6866IM000037.JPG;1
\vacia\NOANIMAL_ZOO_5_6_7_9\18_20210417 (5652).JPG;0
\vacia\NOANIMAL_ZOO_1_4\7_20210115 (1629).JPG;0
\cervidae\deer_CaltechCameraTrap\59b7a64c-23d2-11e8-a6a3-ec086b02610b.jpg;1
\mapache\raccoon_CaltechCameraTrap_ME\59738934-23d2-11e8-a6a3-ec086b02610b.jpg;1
\humanovehiculo\HUMANORVEHICLE_ZOO_1_4\25_20210115 (2473).JPG;1
\cervidae\ciervo_PNC_2013-I_RED_ME\10021IM000018.JPG;1
\ave\aves_ME_CASA\IMG_0565.JPG;1
\vacia\NOANIMAL_ZOO_1_4\26_20201020 (16423).JPG;0
\jabali\WILDBOAR_ZOO_5_6_7_9\19_20210319 (499).JPG;1
\vacia\vacia_alumno_TH_3_TH_JC\29_20201023 (709).JPG;0
\vacia\vacia_Paco_Carro_JC\IMG_0348.JPG;0
\vacia\empty_IslandConservationCameraTraps\dominicanrepublic_cam1826junio2015_20150505_131726_img_3103.jpg;0
\gato_domestico\cat_CaltechCameraTrap\598de92d-23d2-11e8-a6a3-ec086b02610b.jpg;1
\vacia\NOANIMAL_ZOO_1_4\34_20210115 (5149).JPG;0
\tejon\Tejon_PEPE_IREC_JC\IMAG0436.JPG;1
\vacia\empty_SnapshotKaroo\KAR_S1_F02_R1_IMAG3239.JPG;0
\vaca\cow_CaltechCameraTrap\5902364b-23d2-11e8-a6a3-ec086b02610b.jpg;1
\lince\Lince_b_Linces2_Leo_JC\lince134 (75).JPG;1
\vacia\empty_IslandConservationCameraTraps\ecuador1_ic1611_20150101_000002_img_1139.jpg;0
\vacia\vacias_PNM_2013-O_ISAAC\f15538IMAG0311.JPG;0
\leporido\rabbit_CaltechCameraTrap_ME\596d62b1-23d2-11e8-a6a3-ec086b02610b.jpg;1
\cervidae\cervidae_Javi_3_JC\10_20201019 (697).JPG;1
\cervidae\ciervo_PNC_2013-I_ME\2651IM000076.JPG;1
\ave\ave_ave_WellingtonCameraTraps_SS\021016161228024c6243.JPG;1
\zorro\zorro_PNM_2013-O_ISAAC\f9906IM000181.JPG;1
\leporido\Lagomorpha_ME_rev_1_donana\21_20201025 (30).JPG;1
\cervidae\2_ciervo_simone_2\37_20201024 (8759).JPG;1
\cervidae\2_ciervo_simone_2\37_20201024 (10816).JPG;1
\jabali\Jabali_PNC_2014_JC\c8451IM000805.JPG;1
\zorro\Zorro_PNC_2014_JC\c2862IM000100.JPG;1
\vacia\empty_IslandConservationCameraTraps\dominicanrepublic_cam1125abril2015_20150417_181319_img_1740.jpg;0
\leporido\2_lagomorpha_alumno_AM_2\6_20201023 (2732).JPG;1
\vacia\vacias_PNC_2013-I_ISAAC\7173IM000164.JPG;0
\lince\Lince_b_Linces2_Leo_JC\lince228 (124).jpg;1
\cervidae\3_ciervo_simone_2\34_20201024 (3981).JPG;1
\vaca\cow_CaltechCameraTrap\58fd7b36-23d2-11e8-a6a3-ec086b02610b.jpg;1
\vacia\NOANIMAL_ZOO_5_6_7_9\24_20210418 (10071).JPG;0
\vacia\vacias_2_de_2_PNC_2012_ISAAC\a24129IM000161.JPG;0
\humanovehiculo\car_CaltechCameraTrap_ME\vehiculo\59c99c25-23d2-11e8-a6a3-ec086b02610b.jpg;1
\humanovehiculo\humanovehiculo_PNC_2013-O_RED_ISAAC\b197FILE0117.JPG;1
\jabali\jabali_javi_JC\11_20201027 (2).JPG;1
\cervidae\CERVIDREDORFALLOWDEER_ZOO_1_4\10_20201218 (2752).JPG;1
\zorro\fox_CaltechCameraTrap_ME\59a94c6a-23d2-11e8-a6a3-ec086b02610b.jpg;1
\vacia\vacias_1_de_2_PNC_2012_ISAAC\a41874IM000063.JPG;0
\vacia\NOANIMAL_ZOO_5_6_7_9\25_20210417 (5932).JPG;0
\cervidae\CERVIDREDORFALLOWDEER_ZOO_5_6_7_9\28_20210219 (929) (2021_04_15 06_16_22 UTC).JPG;1
\ave\OTHERSPECIES_ZOO_1_4\15_20210117 (17001).JPG;1
\vacia\NOANIMAL_ZOO_5_6_7_9\2_20210319 (9126).JPG;0
\vacia\NOANIMAL_ZOO_5_6_7_9\24_20210418 (8788).JPG;0
\cervidae\ciervo_PNM_2013-O_ISAAC\f8662IM000137.JPG;1
\vacia\empty_SnapshotMountainZebra\MTZ_S1_D05_R1_IMAG0841.JPG;0
\vacia\NOANIMAL_ZOO_1_4\34_20210115 (6041).JPG;0
\gato_domestico\gato_WellingtonCameraTraps_SS\101016065536044a1133.JPG;1
\vacia\vacia_alumno_1_AM_2\31_20201023 (54).JPG;0
\ave\OTHERSPECIES_ZOO_5_6_7_9\38_20210618 (1160).JPG;1
\ave\ave_ave_WellingtonCameraTraps_SS\230516150538039a7491.JPG;1
\cervidae\CERVIDREDORFALLOWDEER_ZOO_5_6_7_9\18_20210319 (1203).JPG;1
\cervidae\ciervo_simone_2\40_20201024 (6510).JPG;1
\vacia\empty_caltechCameraTraps\5979bd71-23d2-11e8-a6a3-ec086b02610b.jpg;0
\vacia\empty_caltechCameraTraps\598c5abb-23d2-11e8-a6a3-ec086b02610b.jpg;0
\jabali\WILDBOAR_ZOO_1_4\7_20201118 (2872).JPG;1
\vaca\cow_CaltechCameraTrap\58823e5f-23d2-11e8-a6a3-ec086b02610b.jpg;1
\vacia\empty_IslandConservationCameraTraps\ecuador1_ic1619_20181130_153352_img_0565.jpg;0
\micromamiferos\micromamiferos_Paco_Carro_JC\PICT0491.JPG;1
\cervidae\CERVIDREDORFALLOWDEER_ZOO_5_6_7_9\19_20210219 (204) (2021_04_15 06_16_22 UTC).JPG;1
\vacia\NOANIMAL_ZOO_5_6_7_9\2_20210417 (4446).JPG;0
\gato_domestico\gato_WellingtonCameraTraps_SS\110816003210011a5904.JPG;1
\zorro\REDFOX_ZOO_1_4\31_20201023 (256).JPG;1
\jabali\WILDBOAR_ZOO_1_4\1_20201220 (171).JPG;1
\vacia\NOANIMAL_ZOO_1_4\34_20210115 (6547).JPG;0
\zorro\zorro_PNM_2013-O_ISAAC\f148IM000045.JPG;1
\gato_domestico\cat_IslandConservationCameraTraps\dominicanrepublic_cam15agosto2015_20150813_203718_img_0030.jpg;1
\leporido\Conejo_Leo_Otra_fauna_PASADA_POR_LA_RED_JC\Otrafauna (681).JPG;1
\cervidae\CERVIDREDORFALLOWDEER_ZOO_5_6_7_9\28_20210615 (1114).JPG;1
\vacia\empty_SnapshotMountainZebra\MTZ_S1_D05_R1_IMAG0605.JPG;0
\vaca\cow_CaltechCameraTrap\5860ecea-23d2-11e8-a6a3-ec086b02610b.jpg;1
\cervidae\cervidae_alumno_2_TH\22_20201022 (709).JPG;1
\vacia\Vacias_Mel_PEPE_IREC_JC\IMAG0059.JPG;0
\garduna\garduna_PNM_2013-O_ME\f26622IMAG0096.JPG;1
\meloncillo\EGYPTIANMONGOOSE_ZOO_1_4\32_20201117 (250).JPG;1
\cervidae\ciervo_alumno_2_TH\33_20201025 (23).JPG;1
\zorro\Zorro_PNC_2014_JC\c6220IM000163.JPG;1
\vacia\empty_IslandConservationCameraTraps\puertorico_23_20150106_002353_ek001173.jpg;0
\cervidae\ciervo_PNC_2013-I_ME\9425IM000023.JPG;1
\vacia\NOANIMAL_ZOO_5_6_7_9\31_20210615 (3089).JPG;0
\leporido\rabbit_CaltechCameraTrap_ME\5a2637f4-23d2-11e8-a6a3-ec086b02610b.jpg;1
\perro\dog_caltechCameraTraps\59e2a45f-23d2-11e8-a6a3-ec086b02610b.jpg;1
\jabali\WILDBOAR_ZOO_1_4\37_20201116 (2607).JPG;1
\tejon\Tejon_PEPE_IREC_JC\IMAG0017_(4).JPG;1
\humanovehiculo\HUMANORVEHICLE_ZOO_5_6_7_9\41_20210318 (11).JPG;1
\vacia\SnampshotEnonkishu\ENO_S1_D06_R1_IMAG2638.JPG;0
\caballo\caballos_alumno_AM\caballos_alumno_AM\2_20201215 (2215).JPG;1
\leporido\rabbit_CaltechCameraTrap_ME\594e76cc-23d2-11e8-a6a3-ec086b02610b.jpg;1
\vacia\empty_SnapshotMountainZebra\MTZ_S1_G04_R3_IMAG1311.JPG;0
\cervidae\3_ciervo_simone_2\37_20201024 (10706).JPG;1
\jabali\WILDBOAR_ZOO_1_4\21_20201025 (5004).JPG;1
\vacia\vacias_2_de_2_PNC_2012_ISAAC\a41409IM000688.JPG;0
\garduna\garduna_PNM_2013-O_ME\f21431IM000134.JPG;1
\lince\Lince_b_Linces2_Leo_JC\lince228 (622).JPG;1
\cervidae\CERVIDREDORFALLOWDEER_ZOO_5_6_7_9\9_20210418 (844).JPG;1
\cervidae\CERVIDREDORFALLOWDEER_ZOO_5_6_7_9\2_20210319 (1027).JPG;1
\ave\ave_PNC_2014_manuel\c14594IMAG0055.JPG;1
\humanovehiculo\humanovehiculo_PNM_2013-I_ME\e1098IMAG0005.JPG;1
\vaca\COW_ZOO_5_6_7_9\21_20210418 (1113).JPG;1
\cervidae\CERVIDREDORFALLOWDEER_ZOO_5_6_7_9\28_20210318 (15995).JPG;1
\vacia\NOANIMAL_ZOO_1_4\26_20201020 (15299).JPG;0
\vacia\empty_SnapshotMountainZebra\MTZ_S1_E06_R3_IMAG0462.JPG;0
\cervidae\CERVIDREDORFALLOWDEER_ZOO_5_6_7_9\28_20210417 (267).JPG;1
\cervidae\CERVIDREDORFALLOWDEER_ZOO_1_4\15_20201215 (3620).JPG;1
\cervidae\ciervo_simone_2\34_20201024 (6007).JPG;1
\zorro\zorro_PNC_2014_manuel\c4354IM000050.JPG;1
\humanovehiculo\car_CaltechCameraTrap_ME\vehiculo\586ae177-23d2-11e8-a6a3-ec086b02610b.jpg;1
\humanovehiculo\humano_vehiculo_PNM_2012_ISAAC\d13388IM000017.JPG;1
\vacia\NOANIMAL_ZOO_1_4\34_20210115 (8332).JPG;0
\humanovehiculo\car_CaltechCameraTrap_ME\vehiculo\5a1b14c0-23d2-11e8-a6a3-ec086b02610b.jpg;1
\jabali\WILDBOAR_ZOO_1_4\7_20201118 (2868).JPG;1
\cervidae\CERVIDREDORFALLOWDEER_ZOO_1_4\17_20201225 (78).JPG;1
\meloncillo\meloncillo_Leo_Otra_fauna_PASADA_POR_LA_RED_JC\Otrafauna (102).jpg;1
\gato_domestico\gato_WellingtonCameraTraps_SS\1007151001080549S263.JPG;1
\meloncillo\Meloncillo_PEPE_IREC_JC\IMAG0078_(4).JPG;1
\leporido\conejo_leo_donana\0006602.JPG;1
\vacia\NOANIMAL_ZOO_5_6_7_9\32_20210615 (2592).JPG;0
\cervidae\Ciervo_PNC_2012_JC\a23345IM000048.JPG;1
\cervidae\ciervo_vacías_humanos_PNC_2012_ME\a8912IM000013.JPG;1
\zorro\zorro_vacías_humanos_PNC_2012_ME\a23270IM000091.JPG;1
\vacia\Nothing_mammalWeb\11644.jpg;0
\vaca\COW_ZOO_5_6_7_9\9_20210615 (1920).JPG;1
\vacia\NOANIMAL_ZOO_5_6_7_9\1_20210319 (667).JPG;0
\cervidae\CERVIDREDORFALLOWDEER_ZOO_1_4\33_20201217 (452).JPG;1
\cervidae\CERVIDREDORFALLOWDEER_ZOO_1_4\21_20201119 (3386).JPG;1
\leporido\2_conejo_alumno_2_AM_JC\Orycun (29)_frame070.jpg;1
\humanovehiculo\HUMANORVEHICLE_ZOO_5_6_7_9\38_20210417 (5).JPG;1
\vacia\NOANIMAL_ZOO_5_6_7_9\13_20210218 (985) (2021_04_15 06_16_22 UTC).JPG;0
\vacia\vacias_PNC_2013-O_RED_ISAAC\b20160IMAG0213.JPG;0
\vacia\empty_caltechCameraTraps\59929344-23d2-11e8-a6a3-ec086b02610b.jpg;0
\jabali\WILDBOAR_ZOO_5_6_7_9\11_20210218 (611) (2021_04_15 06_16_22 UTC).JPG;1
\vacia\vacia_alumno_2_AM_JC\cachorro de día cola_frame070.jpg;0
\vacia\NOANIMAL_ZOO_1_4\37_20201215 (2259).JPG;0
\vacia\empty_SnapshotMountainZebra\MTZ_S1_D06_R1_IMAG0566.JPG;0
\vacia\vacias_PNC_2014_ISAAC\c9560IM000311.JPG;0
\vaca\COW_ZOO_1_4\21_20210114 (1969).JPG;1
\jabali\WILDBOAR_ZOO_5_6_7_9\33_20210418 (419).JPG;1
\zorro\zorro_PNM_2013-I_ISAAC\e2384IM000243.JPG;1
\zorro\ZORRO_PNM_2013-I_ISAAC\e2454IM000317.JPG;1
\cervidae\CERVIDREDORFALLOWDEER_ZOO_5_6_7_9\19_20210219 (1605) (2021_04_15 06_16_22 UTC).JPG;1
\vacia\vacia_alumno_1_TH\IMAG0011_frame260.jpg;0
\vaca\COW_ZOO_5_6_7_9\39_20210318 (1596).JPG;1
\ave\ave_ave_WellingtonCameraTraps_SS\020516153652040bs341.JPG;1
\vacia\NOANIMAL_ZOO_5_6_7_9\50_20210417 (19136).JPG;0
\vacia\NOANIMAL_ZOO_1_4\15_20210117 (3657).JPG;0
\ave\American Crow_ena24\8314.jpg;1
\jabali\WILDBOAR_ZOO_5_6_7_9\1_20210219 (228) (2021_04_15 06_16_22 UTC).JPG;1
\gato_domestico\cat_IslandConservationCameraTraps\palau_cam04a12132018_20180824_205529_rcnx0475.jpg;1
\vacia\empty_caltechCameraTraps\59bfdd33-23d2-11e8-a6a3-ec086b02610b.jpg;0
\vacia\NOANIMAL_ZOO_5_6_7_9\50_20210408 (25112).JPG;0
\cervidae\CERVIDREDORFALLOWDEER_ZOO_1_4\18_20200130 (522).JPG;1
\vacia\vacia_javi_2_JC\27_20201023 (5997).JPG;0
\jabali\WILDBOAR_ZOO_5_6_7_9\20_20210219 (2470) (2021_04_15 06_16_22 UTC).JPG;1
\vacia\NOANIMAL_ZOO_1_4\7_20210115 (2573).JPG;0
\vaca\COW_ZOO_5_6_7_9\21_20210418 (48).JPG;1
\humanovehiculo\humanovehiculo_Caltech\596eef00-23d2-11e8-a6a3-ec086b02610b.jpg;1
\vacia\SnampshotEnonkishu\ENO_S1_D06_R1_IMAG1135.JPG;0
\jabali\WILDBOAR_ZOO_5_6_7_9\28_20210219 (2136) (2021_04_15 06_16_22 UTC).JPG;1
\cervidae\CERVIDREDORFALLOWDEER_ZOO_1_4\21_20201025 (523).JPG;1
\ave\American Crow_ena24\8548.jpg;1
\cervidae\ciervo_Javi_3_JC\15_20201024 (2620).JPG;1
\humanovehiculo\car_CaltechCameraTrap_ME\vehiculo\58a1cb6d-23d2-11e8-a6a3-ec086b02610b.jpg;1
\vacia\empty_IslandConservationCameraTraps\ecuador1_ic1611_20150101_000003_img_0293.jpg;0
\micromamiferos\rat_IslandConservationCameraTraps\micronesia_cam03april2019_20190412_035951_rcnx0581.jpg;1
\cervidae\CERVIDREDORFALLOWDEER_ZOO_5_6_7_9\16_20210418 (245).JPG;1
\vacia\empty_caltechCameraTraps\5a02fa97-23d2-11e8-a6a3-ec086b02610b.jpg;0
\zorro\zorro_PNC_2012_JC\a44720IM000004.JPG;1
\vacia\vacia_Paco_Carro_JC\IMG_2204.JPG;0
\vacia\vacias_2_de_2_PNC_2012_ISAAC\a3845IM000203.JPG;0
\vacia\NOANIMAL_ZOO_5_6_7_9\24_20210318 (11170).JPG;0
\vacia\NOANIMAL_ZOO_5_6_7_9\11_20210615 (6259).JPG;0
\ave\petrel_IslandConservationCameraTraps\chile_filipianalamatris2013_2410201381847.jpg;1
\jabali\WILDBOAR_ZOO_1_4\15_20210117 (7967).JPG;1
\caballo\HORSE_ZOO_5_6_7_9\46_20210618 (1139).JPG;1
\vaca\COW_ZOO_1_4\28_20210115 (931).JPG;1
\gineta\Gineta_ME_rev_2_donana\11_20201027 (225).JPG;1
\vacia\empty_caltechCameraTraps\599fbf9d-23d2-11e8-a6a3-ec086b02610b.jpg;0
\vacia\NOANIMAL_ZOO_5_6_7_9\25_20210417 (3147).JPG;0
\cervidae\Ciervo_PNC_2014_JC\c22342IM000138.JPG;1
\vacia\NOANIMAL_ZOO_5_6_7_9\39_20210417 (3843).JPG;0
\cervidae\CERVIDREDORFALLOWDEER_ZOO_5_6_7_9\35_20210218 (2534) (2021_04_15 06_16_22 UTC).JPG;1
\cervidae\ciervo_simone_2\37_20201024 (8614).JPG;1
\cervidae\ciervo_PNC_2013-I_RED_ME\8232IM000153.JPG;1
\jabali\WILDBOAR_ZOO_5_6_7_9\42_20210218 (204) (2021_04_15 06_16_22 UTC).JPG;1
\gato_domestico\cat_IslandConservationCameraTraps\palau_cam04a12132018_20180824_193141_rcnx0229.jpg;1
\vacia\NOANIMAL_ZOO_5_6_7_9\25_20210417 (17633).JPG;0
\lince\Lince_a_Linces2_Leo_JC\lince74 (83).JPG;1
\cervidae\corzo_alumno_2_AM_JC\STC_0020_frame150.jpg;1
\zorro\zorro_PNC_2013-O_RED_ISAAC\b15854IM000084.JPG;1
\humanovehiculo\humanovehiculo_PNM_2013-I_ME\e498IM000001.JPG;1
\vacia\vacia_Paco_Carro_JC\01130389 (2).JPG;0
\zorro\ZORRO_PNM_2013-I_ISAAC\e334IM000018.JPG;1
\cervidae\deer_CaltechCameraTrap\59e44170-23d2-11e8-a6a3-ec086b02610b.jpg;1
\ave\ave_ave_WellingtonCameraTraps_SS\090716090040034bs392.JPG;1
\cervidae\deer_CaltechCameraTrap\59d8ed8b-23d2-11e8-a6a3-ec086b02610b.jpg;1
\tejon\Tejon_ME_rev_2_donana\42_20201026 (134).JPG;1
\vacia\NOANIMAL_ZOO_5_6_7_9\20_20210618 (3959).JPG;0
\micromamiferos\micromamiferos_Paco_Carro_JC\IMG_0132 (2).JPG;1
\vacia\NOANIMAL_ZOO_1_4\37_20201215 (568).JPG;0
\micromamiferos\rat_IslandConservationCameraTraps\dominicanrepublic_cam10701agosto2017_20170124_062417_img_0108.jpg;1
\garduna\GARDUÑA_PNM_2012_ISAAC\d16263IM000042.JPG;1
\tejon\Badger_mammalWeb\30374.jpg;1
\vacia\empty_SnapshotMountainZebra\MTZ_S1_D07_R1_IMAG0084.JPG;0
\humanovehiculo\HUMANORVEHICLE_ZOO_5_6_7_9\48_20210408 (269).JPG;1
\cervidae\CERVIDREDORFALLOWDEER_ZOO_1_4\34_20201024 (1947).JPG;1
\micromamiferos\micromamifero_WellingtonCameraTraps_SS\180716064022038as242.JPG;1
\cervidae\CERVIDREDORFALLOWDEER_ZOO_1_4\21_20201119 (3393).JPG;1
\jabali\WILDBOAR_ZOO_1_4\37_20201116 (1922).JPG;1
\cervidae\3_ciervo_simone_2\37_20201024 (10477).JPG;1
\cervidae\CERVIDREDORFALLOWDEER_ZOO_1_4\36_20201019 (2744).JPG;1
\vacia\NOANIMAL_ZOO_1_4\6_20201812 (8079).JPG;0
\ave\ave_ave_WellingtonCameraTraps_SS\050416155954047c7305.JPG;1
\vacia\NOANIMAL_ZOO_1_4\6_20201812 (10613).JPG;0
\leporido\conejo_Paco_Carro_JC\PICT0099.JPG;1
\gato_domestico\cat_IslandConservationCameraTraps\puertorico_25_20150104_053012_img_0256.jpg;1
\gato_domestico\gato_WellingtonCameraTraps_SS\090816191748011a5903.JPG;1
\vacia\NOANIMAL_ZOO_1_4\15_20210117 (11329).JPG;0
\ave\Ave_Indeterminada_PNC_2013-O_ME\b11279IMAG0024.JPG;1
\vacia\empty_SnapshotMountainZebra\MTZ_S1_D05_R1_IMAG1315.JPG;0
\zorro\zorro_Leo_Otra_fauna_PASADA_POR_LA_RED_JC\Otrafauna (135).jpg;1
\caballo\HORSE_ZOO_1_4\2_20201117 (143).JPG;1
\gato_domestico\cat_IslandConservationCameraTraps\palau_cam04a12132018_20180824_205528_rcnx0473.jpg;1
\leporido\rabbit_CaltechCameraTrap_ME\59c99f65-23d2-11e8-a6a3-ec086b02610b.jpg;1
\vacia\NOANIMAL_ZOO_1_4\7_20210115 (3621).JPG;0
\leporido\Rabbit_mammalWeb\14450.jpg;1
\cervidae\gamo_Javi_3_JC\9_20201025 (233).JPG;1
\vacia\empty_SnapshotKaroo\KAR_S1_F02_R1_IMAG3312.JPG;0
\vacia\vacias_2_de_2_PNC_2012_ISAAC\a33162IM000097.JPG;0
\vaca\COW_ZOO_5_6_7_9\49_20210418 (2420).JPG;1
\vacia\empty_SnapshotMountainZebra\MTZ_S1_G04_R3_IMAG1463.JPG;0
\vaca\vaca_Paco_Carro_JC\PICT0024.JPG;1
\lince\linces_Linces2_Leo_JC\2_Lince_Linces2_Leo_JC\lince209 (16).JPG;1
\vacia\NOANIMAL_ZOO_5_6_7_9\49_20210418 (22354).JPG;0
\vacia\empty_IslandConservationCameraTraps\dominicanrepublic_cam0326julio2015_20150717_114433_sunp0015.jpg;0
\leporido\rabbit_IslandConservationCameraTraps\chile_piedra012013_28012013184939.jpg;1
\lince\Lince_a_Linces2_Leo_JC\lince94 (313).JPG;1
\lince\Lince_a_Linces2_Leo_JC\lince77 (80).JPG;1
\vacia\NOANIMAL_ZOO_5_6_7_9\36_20210319 (7949).JPG;0
\vacia\vacia_alumno_1_TH\Nada (52)_frame000.jpg;0
\caballo\HORSE_ZOO_1_4\15_20201215 (2766).JPG;1
\gato_domestico\gato_WellingtonCameraTraps_SS\070516192454023c8282.JPG;1
\cervidae\ciervo_PNC_2014_ISAAC\c24413IMAG0142.JPG;1
\cervidae\ciervo_simone_2\34_20201024 (4215).JPG;1
\vacia\empty_IslandConservationCameraTraps\dominicanrepublic_cam1826julio2015_20150708_085316_img_1542.jpg;0
\vacia\NOANIMAL_ZOO_5_6_7_9\25_20210417 (15723).JPG;0
\humanovehiculo\car_CaltechCameraTrap_ME\vehiculo\59104aae-23d2-11e8-a6a3-ec086b02610b.jpg;1
\gato_domestico\gato_WellingtonCameraTraps_SS\09111508303401069481.JPG;1
\vacia\vacia_javi_2_JC\25_20201024 (964).JPG;0
\cervidae\CERVIDREDORFALLOWDEER_ZOO_1_4\33_20201217 (301).JPG;1
\leporido\rabbit_IslandConservationCameraTraps\chile_frances012013_01012013172548.jpg;1
\cervidae\CERVIDREDORFALLOWDEER_ZOO_1_4\1_20210115 (297).JPG;1
\leporido\rabbit_IslandConservationCameraTraps\chile_frances022013_29052013133225.jpg;1
\vacia\NOANIMAL_ZOO_5_6_7_9\50_20210408 (21010).JPG;0
\cervidae\ciervo_PNM_2013-I_ISAAC\e3025IM000136.JPG;1
\caballo\caballos_alumno_AM\caballos_alumno_AM\2_20201215 (5814).JPG;1
\zorro\zorro_PNC_2014_manuel\c22994IM000040.JPG;1
\cervidae\CERVIDREDORFALLOWDEER_ZOO_5_6_7_9\21_20210615 (224).JPG;1
\cervidae\corzo_alumno_2_AM_JC\STC_0039_frame200.jpg;1
\ave\ave_ave_WellingtonCameraTraps_SS\031016130526033c0153.JPG;1
\vaca\COW_ZOO_1_4\2_20210115 (3632).JPG;1
\vacia\vacia_Paco_Carro_JC\IMG_1118.JPG;0
\jabali\WILDBOAR_ZOO_1_4\20_20210115 (964).JPG;1
\humanovehiculo\HUMANORVEHICLE_ZOO_1_4\14_20201118 (1107).JPG;1
\jabali\WILDBOAR_ZOO_5_6_7_9\31_20210219 (1063) (2021_04_15 06_16_22 UTC).JPG;1
\vacia\NOANIMAL_ZOO_5_6_7_9\36_20210618 (8016).JPG;0
\zorro\Zorro_PNC_2014_JC\c22614IM000006.JPG;1
\vacia\NOANIMAL_ZOO_1_4\7_20210115 (3517).JPG;0
\cervidae\CERVIDREDORFALLOWDEER_ZOO_5_6_7_9\41_20210418 (2018).JPG;1
\ave\Ave_Leo_Otra_fauna_PASADA_POR_LA_RED_JC\Otrafauna (1808).JPG;1
\vacia\NOANIMAL_ZOO_5_6_7_9\39_20210417 (4629).JPG;0
\vacia\NOANIMAL_ZOO_5_6_7_9\10_20210219 (13970) (2021_04_15 06_16_22 UTC).JPG;0
\leporido\rabbit_CaltechCameraTrap_ME\58e93bf9-23d2-11e8-a6a3-ec086b02610b.jpg;1
\vacia\empty_SnapshotMountainZebra\MTZ_S1_D05_R1_IMAG0389.JPG;0
\leporido\rabbit_IslandConservationCameraTraps\chile_frances022013_20042013143241.jpg;1
\micromamiferos\micromamiferos_fotosManuelEmilio20200912\IMG_0110.JPG;1
\vaca\COW_ZOO_5_6_7_9\49_20210418 (1553).JPG;1
\ave\Woodpigeon_mammalWeb\91990.jpg;1
\vacia\empty_IslandConservationCameraTraps\dominicanrepublic_cam1425abril2015_20150416_151059_img_1653.jpg;0
\zorro\zorro_PNC_2014_manuel\c29690IM000045.JPG;1
\gato_domestico\gato_WellingtonCameraTraps_SS\2405151224200830L081.JPG;1
\vacia\NOANIMAL_ZOO_1_4\26_20201020 (8774).JPG;0
\jabali\jabali_javi_JC\37_20201024 (12340).JPG;1
\cervidae\ciervo_PNC_2013-I_ME\9770IM000084.JPG;1
\cervidae\deer_CaltechCameraTrap\5a02faf3-23d2-11e8-a6a3-ec086b02610b.jpg;1
\jabali\jabali_PNC_2014_manuel\c6734IM000086.JPG;1
\jabali\WILDBOAR_ZOO_1_4\28_20201019 (1813).JPG;1
\caballo\HORSE_ZOO_5_6_7_9\15_20210219 (1920) (2021_04_15 06_16_22 UTC).JPG;1
\mapache\raccoon_CaltechCameraTrap_ME\598f7545-23d2-11e8-a6a3-ec086b02610b.jpg;1
\vaca\cow_CaltechCameraTrap\5903cb62-23d2-11e8-a6a3-ec086b02610b.jpg;1
\cervidae\cervidae_ME_rev_3_donana\30_20201021 (90).JPG;1
\vacia\NOANIMAL_ZOO_5_6_7_9\25_20210319 (6269).JPG;0
\vacia\NOANIMAL_ZOO_5_6_7_9\22_20210417 (5233).JPG;0
\vacia\vacia_alumno_1_AM\10_20201019 (572).JPG;0
\jabali\WILDBOAR_ZOO_1_4\37_20201116 (2281).JPG;1
\vacia\NOANIMAL_ZOO_1_4\7_20210115 (1025).JPG;0
\cervidae\corzo_alumno_2_AM_JC\STC_0067_frame160.jpg;1
\ave\OTHERSPECIES_ZOO_1_4\26_20201117 (395).JPG;1
\vacia\NOANIMAL_ZOO_5_6_7_9\24_20210615 (16292).JPG;0
\vacia\NOANIMAL_ZOO_5_6_7_9\50_20210417 (22558).JPG;0
\jabali\WILDBOAR_ZOO_1_4\9_20201118 (739).JPG;1
\gato_domestico\gato_WellingtonCameraTraps_SS\09101504462605496243.JPG;1
\cervidae\CERVIDREDORFALLOWDEER_ZOO_5_6_7_9\8_20210219 (810) (2021_04_15 06_16_22 UTC).JPG;1
\vaca\COW_ZOO_5_6_7_9\17_20210318 (1266).JPG;1
\vacia\NOANIMAL_ZOO_5_6_7_9\25_20210417 (6344).JPG;0
\cervidae\ciervo_PNC_2013-O_RED_ISAAC\b15885IM000117.JPG;1
\ave\ave_ave_WellingtonCameraTraps_SS\021116084504044a1133.JPG;1
\vacia\NOANIMAL_ZOO_5_6_7_9\9_20210218 (328) (2021_04_15 06_16_22 UTC).JPG;0
\meloncillo\2_Meloncillo_PEPE_IREC_JC\IMAG0022_(11).JPG;1
\vaca\vaca_Paco_Carro_JC\PICT0120.JPG;1
\ave\short-eared_owl_IslandConservationCameraTraps\chile_piedra012013_26022013230029.jpg;1
\vacia\NOANIMAL_ZOO_1_4\43_20201217 (2079).JPG;0
\caballo\caballos_alumno_AM\caballos_alumno_AM\2_20201215 (10140).JPG;1
\vacia\vacia_Paco_Carro_JC\IMG_0888 (2).JPG;0
\vacia\NOANIMAL_ZOO_1_4\6_20201812 (13137).JPG;0
\vacia\NOANIMAL_ZOO_1_4\26_20201020 (9193).JPG;0
\cervidae\2_ciervo_simone_2\34_20201024 (6330).JPG;1
\vacia\NOANIMAL_ZOO_5_6_7_9\22_20210615 (1456).JPG;0
\vacia\vacia_alumno_1_AM\40_20201024 (5614).JPG;0
\ave\shearwater_IslandConservationCameraTraps\chile_piedra012013_2312201233417.jpg;1
\micromamiferos\rat_IslandConservationCameraTraps\micronesia_cam08_cam08june2019_20190628180813_rcnx0093.jpg;1
\vacia\NOANIMAL_ZOO_5_6_7_9\22_20210318 (773).JPG;0
\leporido\conejo_Paco_Carro_JC\PICT0169 (2).JPG;1
\jabali\jabali_PNC_2014_manuel\c5982IM000176.JPG;1
\leporido\LEPORIDRABBITORHARE_ZOO_5_6_7_9\11_20210418 (1598).JPG;1
\zorro\zorro_PNC_2014_manuel\c16826IM000098.JPG;1
\vacia\NOANIMAL_ZOO_5_6_7_9\31_20210417 (1271).JPG;0
\gineta\gineta_PNC_2013-I_ISAAC\1166IMAG0195.JPG;1
\jabali\WILDBOAR_ZOO_1_4\33_20201025 (335).JPG;1
\humanovehiculo\humanovehiculo_Caltech\596eedd7-23d2-11e8-a6a3-ec086b02610b.jpg;1
\humanovehiculo\humano_vehiculo_PNM_2013-O_ISAAC\f14078IMAG0002.JPG;1
\caballo\caballos_alumno_AM\caballos_alumno_AM\2_20201215 (6130).JPG;1
\humanovehiculo\humanovehiculo_PNC_2014_manuel\c5325IM000062.JPG;1
\vacia\vacia_alumno_TH_3_TH_JC\20_20201024 (1239).JPG;0
\zorro\zorro_PNM_2013-O_ISAAC\f12612IM000027.JPG;1
\vacia\empty_IslandConservationCameraTraps\dominicanrepublic_cam1125abril2015_20150421_155106_img_2227.jpg;0
\vacia\empty_SnapshotMountainZebra\MTZ_S1_D05_R1_IMAG1811.JPG;0
\lince\Lince_b_Linces2_Leo_JC\lince150 (133).JPG;1
\leporido\rabbit_IslandConservationCameraTraps\chile_piedra012013_29052013175016.jpg;1
\vacia\NOANIMAL_ZOO_5_6_7_9\24_20210318 (16277).JPG;0
\humanovehiculo\humanovehiculo_PNC_2014_manuel\c7075IM000005.JPG;1
\vacia\NOANIMAL_ZOO_1_4\6_20201812 (9656).JPG;0
\vaca\COW_ZOO_5_6_7_9\21_20210418 (1004).JPG;1
\meloncillo\Meloncillo_PEPE_IREC_JC\IMAG1458.JPG;1
\vacia\empty_IslandConservationCameraTraps\dominicanrepublic_cam0526julio2015_20150627_113608_sunp1246.jpg;0
\humanovehiculo\car_CaltechCameraTrap_ME\vehiculo\59fc7f24-23d2-11e8-a6a3-ec086b02610b.jpg;1
\lince\Lince_b_Linces2_Leo_JC\lince185 (22).JPG;1
\vacia\NOANIMAL_ZOO_1_4\10_20201117 (3159).JPG;0
\cervidae\cervidae_alumno_1_AM_2\37_20201024 (13069).JPG;1
\cervidae\deer_CaltechCameraTrap\599a5c2d-23d2-11e8-a6a3-ec086b02610b.jpg;1
\cervidae\deer_CaltechCameraTrap\59e104e5-23d2-11e8-a6a3-ec086b02610b.jpg;1
\cervidae\Ciervo_PNC_2014_JC\c16220IM000206.JPG;1
\vacia\empty_IslandConservationCameraTraps\dominicanrepublic_cam12001agosto2017_20170810_170906_img_0006.jpg;0
\zorro\zorro_PNC_2012_JC\a14201IM000119.JPG;1
\zorro\zorro_PNC_2013-O_RED_ISAAC\b15208IMAG0123.JPG;1
\lince\Lince_a_Linces2_Leo_JC\lince130 (433).JPG;1
\vacia\empty_SnapshotMountainZebra\MTZ_S1_D05_R1_IMAG0731.JPG;0
\jabali\WILDBOAR_ZOO_1_4\28_20201019 (1226).JPG;1
\cervidae\ciervo_simone_2\37_20201024 (1181).JPG;1
\jabali\WILDBOAR_ZOO_1_4\37_20201116 (15439).JPG;1
\cervidae\CERVIDREDORFALLOWDEER_ZOO_1_4\37_20201024 (1942).JPG;1
\vacia\empty_IslandConservationCameraTraps\dominicanrepublic_cam0727abril2016_20160424_073123_sunp0009.jpg;0
\vacia\empty_caltechCameraTraps\596735c6-23d2-11e8-a6a3-ec086b02610b.jpg;0
\caballo\HORSE_ZOO_1_4\15_20201117 (7136).JPG;1
\vacia\NOANIMAL_ZOO_1_4\34_20210115 (1907).JPG;0
\vaca\COW_ZOO_5_6_7_9\21_20210418 (3583).JPG;1
\vaca\COW_ZOO_1_4\21_20201217 (1640).JPG;1
\zorro\Zorro_PNC_2014_JC\c23092IM000012.JPG;1
\jabali\jabali_PNC_2014_manuel\c5584IM000167.JPG;1
\vacia\vacias_PNC_2014_ISAAC\c17618IM000190.JPG;0
\humanovehiculo\HUMANORVEHICLE_ZOO_1_4\37_20210115 (1).JPG;1
\ave\ave_Soraya_Padilla_Alumno_1_TH\DSCF0079_frame250.jpg;1
\jabali\jabali_alumno_2_2_TH_JC\28_20201019 (1814).JPG;1
\cervidae\Ciervo_PNC_2014_JC\c29122IM000023.JPG;1
\humanovehiculo\car_CaltechCameraTrap_ME\vehiculo\5874d60e-23d2-11e8-a6a3-ec086b02610b.jpg;1
\vacia\NOANIMAL_ZOO_1_4\6_20201812 (8584).JPG;0
\vacia\NOANIMAL_ZOO_1_4\34_20210115 (1387).JPG;0
\jabali\Jabali_PNC_2012_JC\a30187IM000365.JPG;1
\cervidae\CERVIDREDORFALLOWDEER_ZOO_5_6_7_9\28_20210615 (802).JPG;1
\leporido\2_conejo_Paco_Carro_JC\PICT1599.JPG;1
\vacia\empty_SnapshotMountainZebra\MTZ_S1_E06_R3_IMAG0221.JPG;0
\zorro\REDFOX_ZOO_5_6_7_9\11_20210418 (2719).JPG;1
\vacia\NOANIMAL_ZOO_1_4\2_20210115 (11360).JPG;0
\jabali\WILDBOAR_ZOO_1_4\37_20201116 (2341).JPG;1
\ave\Blackbird_mammalWeb\67146.jpg;1
\humanovehiculo\humanovehiculo_ss\33_20201025 (352).JPG;1
\leporido\2_conejo_Paco_Carro_JC\PICT1099.JPG;1
\leporido\rabbit_IslandConservationCameraTraps\chile_frances022013_25042013104725.jpg;1
\vacia\NOANIMAL_ZOO_1_4\6_20201116 (4888).JPG;0
\vacia\empty_caltechCameraTraps\59d5b539-23d2-11e8-a6a3-ec086b02610b.jpg;0
\lince\Lince_b_Linces2_Leo_JC\lince230 (79).jpg;1
\leporido\rabbit_IslandConservationCameraTraps\chile_piedra012013_17032013193636.jpg;1
\vacia\empty_caltechCameraTraps\59d27de4-23d2-11e8-a6a3-ec086b02610b.jpg;0
\vacia\empty_SnapshotMountainZebra\MTZ_S1_E04_R1_IMAG0063.JPG;0
\garduna\garduna_PNC_2013-I_ME\4208IMAG0171.JPG;1
\cervidae\CERVIDREDORFALLOWDEER_ZOO_1_4\15_20210117 (16198).JPG;1
\ave\shearwater_IslandConservationCameraTraps\chile_piedra012013_2212201241423.jpg;1
\jabali\WILDBOAR_ZOO_1_4\37_20201116 (7894).JPG;1
\vaca\COW_ZOO_1_4\21_20210114 (2562).JPG;1
\vacia\empty_SnapshotMountainZebra\MTZ_S1_G04_R3_IMAG2248.JPG;0
\vacia\NOANIMAL_ZOO_5_6_7_9\18_20210417 (9625).JPG;0
\vacia\empty_SnapshotKaroo\KAR_S1_B01_R1_IMAG5861.JPG;0
\cervidae\CERVIDREDORFALLOWDEER_ZOO_5_6_7_9\5_20210417 (5442).JPG;1
\vacia\NOANIMAL_ZOO_1_4\37_20201116 (8564).JPG;0
\vacia\vacias_PNM_2013-O_ISAAC\f21636IM000234.JPG;0
\cervidae\2_ciervo_simone_2\37_20201024 (8324).JPG;1
\cervidae\ciervo_PNC_2013-O_RED_ISAAC\b7126FILE0275.JPG;1
\zorro\zorro_PNM_2013-O_ISAAC\f21465IM000170.JPG;1
\cervidae\2_ciervo_Javi_3_JC\28_20201019 (2173).JPG;1
\ave\bird_CaltechCameraTrap\585dab37-23d2-11e8-a6a3-ec086b02610b.jpg;1
\cervidae\gamo_buscar_cab_isaac_sin_contar\9_20201118 (1378).JPG;1
\vaca\COW_ZOO_1_4\21_20201217 (1609).JPG;1
\vacia\empty_IslandConservationCameraTraps\dominicanrepublic_cam0725abril2015b_20130814_080620_sunp1156.jpg;0
\caballo\HORSE_ZOO_5_6_7_9\17_20210615 (1403).JPG;1
\jabali\WILDBOAR_ZOO_1_4\37_20201116 (660).JPG;1
\gato_domestico\cat_CaltechCameraTrap\5998cf13-23d2-11e8-a6a3-ec086b02610b.jpg;1
\vacia\vacias_2_de_2_PNC_2012_ISAAC\a8948IM000051.JPG;0
\ave\shearwater_IslandConservationCameraTraps\chile_vaqueria2013_07012013223745.jpg;1
\cervidae\CERVIDREDORFALLOWDEER_ZOO_5_6_7_9\1_20210618 (1862).JPG;1
\vacia\vacias_PNM_2012_ME\d5076IM000169.JPG;0
\jabali\WILDBOAR_ZOO_5_6_7_9\47_20210418 (1710).JPG;1
\vacia\empty_caltechCameraTraps\595f7b4c-23d2-11e8-a6a3-ec086b02610b.jpg;0
\vacia\empty_IslandConservationCameraTraps\palau_cam6a12132018_20181025_120000_rcnx1073.jpg;0
\vacia\empty_SnapshotMountainZebra\MTZ_S1_E06_R3_IMAG1341.JPG;0
\vacia\vacias_2_de_2_PNC_2012_ISAAC\a3964IM000329.JPG;0
\jabali\WILDBOAR_ZOO_5_6_7_9\37_20210220 (250) (2021_04_15 06_16_22 UTC).JPG;1
\vacia\vacias_PNC_2013-I_RED_ME\7211IM000204.JPG;0
\vacia\empty_SnapshotMountainZebra\MTZ_S1_D06_R1_IMAG2916.JPG;0
\vacia\NOANIMAL_ZOO_1_4\26_20201020 (11453).JPG;0
\cervidae\CERVIDREDORFALLOWDEER_ZOO_1_4\21_20201025 (1259).JPG;1
\zorro\zorro_PNC_2012_JC\a29256IM000067.JPG;1
\vaca\COW_ZOO_5_6_7_9\46_20210618 (1002).JPG;1
\cervidae\CERVIDREDORFALLOWDEER_ZOO_1_4\15_20210117 (5582).JPG;1
\cervidae\ciervo_PNC_2013-O_RED_ISAAC\b16487IM000084.JPG;1
\cervidae\ciervo_simone_2\37_20201024 (8627).JPG;1
\leporido\conejo_WellingtonCameraTraps_SS\020216051238002c8233.JPG;1
\vacia\empty_IslandConservationCameraTraps\dominicanrepublic_cam0425abril2015_20130813_044605_sunp2169.jpg;0
\vacia\NOANIMAL_ZOO_1_4\6_20201812 (14694).JPG;0
\vacia\empty_IslandConservationCameraTraps\dominicanrepublic_cam1826junio2015_20150505_115625_img_2720.jpg;0
\vacia\SnampshotEnonkishu\ENO_S1_D05_R1_IMAG3309.JPG;0
\cervidae\CERVIDREDORFALLOWDEER_ZOO_1_4\10_20201019 (757).JPG;1
\caballo\HORSE_ZOO_1_4\15_20210117 (12942).JPG;1
\vacia\vacia_alumno_1_AM\40_20201024 (3807).JPG;0
\vacia\NOANIMAL_ZOO_5_6_7_9\2_20210417 (21078).JPG;0
\vacia\NOANIMAL_ZOO_5_6_7_9\25_20210417 (3125).JPG;0
\caballo\caballos_alumno_AM\caballos_alumno_AM\2_20201215 (1841).JPG;1
\vacia\vacias_PNC_2013-I_ISAAC\6342IM000231.JPG;0
\leporido\Conejo_PNC_2012_JC\a10102IM000074.JPG;1
\vaca\COW_ZOO_1_4\17_20201026 (580).JPG;1
\cervidae\CERVIDREDORFALLOWDEER_ZOO_5_6_7_9\1_20210618 (2979).JPG;1
\lince\linces_fecha_Linces2_Leo_JC\3_Lince_flecha_Linces2_Leo_JC\Lince60 (72).jpg;1
\vacia\NOANIMAL_ZOO_1_4\26_20201020 (11737).JPG;0
\jabali\WILDBOAR_ZOO_5_6_7_9\32_20210218 (1695) (2021_04_15 06_16_22 UTC).JPG;1
\mapache\raccoon_CaltechCameraTrap_ME\5a116d39-23d2-11e8-a6a3-ec086b02610b.jpg;1
\cervidae\CERVIDREDORFALLOWDEER_ZOO_1_4\21_20201025 (2606).JPG;1
\humanovehiculo\humanovehiculo_PNC_2014_manuel\c19798IM000001.JPG;1
\meloncillo\Meloncillo_PEPE_IREC_JC\IMAG0024_(9).JPG;1
\jabali\WILDBOAR_ZOO_5_6_7_9\33_20210418 (261).JPG;1
\vacia\NOANIMAL_ZOO_1_4\21_20201217 (5425).JPG;0
\humanovehiculo\humanovehiculo_leo_donana\0013984.JPG;1
\humanovehiculo\humanovehiculo_leo_donana\0003987.JPG;1
\vacia\empty_caltechCameraTraps\5968bfed-23d2-11e8-a6a3-ec086b02610b.jpg;0
\ave\american_kestrel_IslandConservationCameraTraps\dominicanrepublic_cam1525abril2015_20150417_133043_img_0015.jpg;1
\vaca\COW_ZOO_1_4\21_20201217 (166).JPG;1
\cervidae\2_ciervo_simone_2\34_20201024 (4635).JPG;1
\leporido\conejo_WellingtonCameraTraps_SS\070516081108035bs101.JPG;1
\vacia\NOANIMAL_ZOO_1_4\37_20210115 (2272).JPG;0
\leporido\rabbit_CaltechCameraTrap_ME\58fa5cb9-23d2-11e8-a6a3-ec086b02610b.jpg;1
\vacia\NOANIMAL_ZOO_5_6_7_9\50_20210417 (24547).JPG;0
\vacia\vacia_Paco_Carro_JC\MDGC0562.JPG;0
\perro\dog_caltechCameraTraps\597b4a9a-23d2-11e8-a6a3-ec086b02610b.jpg;1
\vaca\COW_ZOO_5_6_7_9\21_20210318 (15119).JPG;1
\gato_domestico\cat_IslandConservationCameraTraps\puertorico_25_20150114_235239_img_0339.jpg;1
\meloncillo\Meloncillo_PEPE_IREC_JC\IMAG1399.JPG;1
\vacia\NOANIMAL_ZOO_5_6_7_9\50_20210408 (541).JPG;0
\cervidae\deer_CaltechCameraTrap\595f7bb4-23d2-11e8-a6a3-ec086b02610b.jpg;1
\vacia\empty_SnapshotMountainZebra\MTZ_S1_D06_R1_IMAG2498.JPG;0
\vacia\empty_IslandConservationCameraTraps\dominicanrepublic_cam0826junio2015_20150620_041059_sunp0636.jpg;0
\cervidae\ciervo_Javi_3_JC\30_20201021 (107).JPG;1
\vacia\empty_SnapshotMountainZebra\MTZ_S1_D05_R1_IMAG1802.JPG;0
\ave\ave_Soraya_Padilla_Alumno_1_TH\DSCF0113_frame060.jpg;1
\jabali\WILDBOAR_ZOO_1_4\43_20201118 (991).JPG;1
\jabali\jabali_PNC_2013-I_ME\8623IMAG0163.JPG;1
\cervidae\CERVIDREDORFALLOWDEER_ZOO_1_4\21_20201025 (2194).JPG;1
\vacia\empty_IslandConservationCameraTraps\dominicanrepublic_cam1425abril2015_20150420_144900_img_2065.jpg;0
\cervidae\CERVIDREDORFALLOWDEER_ZOO_1_4\21_20201025 (1877).JPG;1
\gato_domestico\gato_WellingtonCameraTraps_SS\070416062638047a1161.JPG;1
\vaca\COW_ZOO_5_6_7_9\49_20210418 (2270).JPG;1
\vacia\SnampshotEnonkishu\ENO_S1_C03_R1_IMAG0007.JPG;0
\zorro\zorro_PNM_2013-I_ISAAC\e2308IM000163.JPG;1
\vacia\empty_IslandConservationCameraTraps\dominicanrepublic_cam1125abril2015_20150409_165533_img_0709.jpg;0
\cervidae\ciervo_PNM_2012_ME\d7989IMAG0019.JPG;1
\cervidae\CERVIDREDORFALLOWDEER_ZOO_1_4\40_20201215 (2936).JPG;1
\ave\ave_PNC_2014_manuel\c27040IMAG0010.JPG;1
\vacia\NOANIMAL_ZOO_1_4\40_20201024 (5800).JPG;0
\leporido\rabbit_CaltechCameraTrap_ME\59be4196-23d2-11e8-a6a3-ec086b02610b.jpg;1
\vacia\NOANIMAL_ZOO_1_4\7_20210115 (1592).JPG;0
\jabali\WILDBOAR_ZOO_5_6_7_9\11_20210218 (136) (2021_04_15 06_16_22 UTC).JPG;1
\vacia\NOANIMAL_ZOO_1_4\1_20210115 (196).JPG;0
\cervidae\ciervo_PNM_2012_ISAAC\d3664IM000019.JPG;1
\leporido\rabbit_IslandConservationCameraTraps\chile_piedra012013_2403201365704.jpg;1
\ave\OTHERSPECIES_ZOO_5_6_7_9\24_20210219 (2516) (2021_04_15 06_16_22 UTC).JPG;1
\vaca\COW_ZOO_5_6_7_9\21_20210418 (4130).JPG;1
\jabali\jabali_PNC_2013-O_RED_ISAAC\b11119IMAG0667.JPG;1
\vacia\empty_IslandConservationCameraTraps\dominicanrepublic_cam1826julio2015_20150717_095858_img_2733.jpg;0
\cervidae\deer_CaltechCameraTrap\58c97c1e-23d2-11e8-a6a3-ec086b02610b.jpg;1
\zorro\zorro_PNM_2013-O_ISAAC\f12952IM000366.JPG;1
\vaca\COW_ZOO_5_6_7_9\21_20210318 (14319).JPG;1
\humanovehiculo\car_CaltechCameraTrap_ME\vehiculo\5968c0aa-23d2-11e8-a6a3-ec086b02610b.jpg;1
\cervidae\CERVIDREDORFALLOWDEER_ZOO_1_4\34_20201024 (6913).JPG;1
\leporido\2_conejo_Paco_Carro_JC\PICT0393.JPG;1
\cervidae\ciervo_PNC_2013-O_RED_ISAAC\b10920IMAG0483.JPG;1
\vacia\NOANIMAL_ZOO_1_4\7_20210115 (898).JPG;0
\gato_domestico\gato_WellingtonCameraTraps_SS\2106151222080237S061.JPG;1
\lince\Lince_a_Linces2_Leo_JC\lince101 (61).jpg;1
\vacia\NOANIMAL_ZOO_5_6_7_9\5_20210417 (5689).JPG;0
\cervidae\ciervo_vacías_humanos_PNC_2012_ME\a23442IM000054.JPG;1
\cervidae\CERVIDREDORFALLOWDEER_ZOO_1_4\21_20201025 (2780).JPG;1
\zorro\Red fox_mammalWeb\93446.jpg;1
\vacia\NOANIMAL_ZOO_5_6_7_9\2_20210417 (3892).JPG;0
\zorro\zorro_Leo_Otra_fauna_PASADA_POR_LA_RED_JC\Otrafauna (517).JPG;1
\mapache\raccoon_CaltechCameraTrap_ME\597feed7-23d2-11e8-a6a3-ec086b02610b.jpg;1
\cervidae\2_ciervo_simone_2\37_20201024 (8553).JPG;1
\ave\bird_CaltechCameraTrap\5914efee-23d2-11e8-a6a3-ec086b02610b.jpg;1
\cervidae\Ciervo_PNC_2014_JC\c25442IM000045.JPG;1
\vacia\NOANIMAL_ZOO_1_4\28_20201019 (943).JPG;0
\caballo\HORSE_ZOO_5_6_7_9\15_20210219 (3144) (2021_04_15 06_16_22 UTC).JPG;1
\vaca\cow_CaltechCameraTrap\586ade1f-23d2-11e8-a6a3-ec086b02610b.jpg;1
\vacia\NOANIMAL_ZOO_1_4\26_20201020 (11172).JPG;0
\vacia\empty_IslandConservationCameraTraps\dominicanrepublic_cam1826junio2015_20150505_073024_img_1206.jpg;0
\cervidae\CERVIDREDORFALLOWDEER_ZOO_5_6_7_9\39_20210318 (282).JPG;1
\vacia\SnampshotEnonkishu\ENO_S1_D05_R1_IMAG3775.JPG;0
\vacia\NOANIMAL_ZOO_5_6_7_9\50_20210417 (21762).JPG;0
\cervidae\ciervo_Javi_3_JC\21_20201025 (1667).JPG;1
\cervidae\CIERVO_PNM_2013-I_ISAAC\e957IM000178.JPG;1
\gineta\COMMONGENET_ZOO_5_6_7_9\47_20210615 (1533).JPG;1
\vacia\empty_SnapshotCamdeboo\CDB_S1_C03_R1_IMAG0226.JPG;0
\humanovehiculo\humanovehiculo_PNC_2014_manuel\c14322IMAG0039.JPG;1
\humanovehiculo\HUMANORVEHICLE_ZOO_5_6_7_9\22_20210318 (12).JPG;1
\cervidae\5_ciervo_simone_2\34_20201024 (5657).JPG;1
\cervidae\gamo_Javi_3_JC\9_20201025 (460).JPG;1
\humanovehiculo\car_CaltechCameraTrap_ME\vehiculo\58bd1ac4-23d2-11e8-a6a3-ec086b02610b.jpg;1
\vacia\NOANIMAL_ZOO_1_4\43_20201217 (737).JPG;0
\vacia\vacia_alumno_AM_2\10_20201019 (13290).JPG;0
\cervidae\Ciervo_PNC_2013-O_ME\b6966FILE0105.JPG;1
\vacia\NOANIMAL_ZOO_5_6_7_9\25_20210417 (7463).JPG;0
\vacia\NOANIMAL_ZOO_5_6_7_9\2_20210417 (19235).JPG;0
\cervidae\CERVIDREDORFALLOWDEER_ZOO_1_4\14_20201218 (1114).JPG;1
\lince\Lince_b_Linces2_Leo_JC\lince150 (104).JPG;1
\cervidae\2_ciervo_Paco_Carro_JC\PICT1514.JPG;1
\zorro\zorro_PNC_2013-I_ME\2082IM000092.JPG;1
\vacia\empty_IslandConservationCameraTraps\dominicanrepublic_cam0425abril2015_20130727_015539_sunp0048.jpg;0
\zorro\Zorro_Pepe_IREC\Zorro_Pepe_Irec_ME\IMAG0248_(13).JPG;1
\humanovehiculo\HUMANORVEHICLE_ZOO_1_4\36_20210115 (14).JPG;1
\leporido\rabbit_CaltechCameraTrap_ME\588716d7-23d2-11e8-a6a3-ec086b02610b.jpg;1
\cervidae\ciervo_Paco_Carro_JC\MDGC0328.JPG;1
\vacia\vacias_2_de_2_PNC_2012_ISAAC\a7419IM000021.JPG;0
\jabali\WILDBOAR_ZOO_1_4\20_20210115 (46).JPG;1
\cervidae\CERVIDREDORFALLOWDEER_ZOO_5_6_7_9\19_20210219 (1638) (2021_04_15 06_16_22 UTC).JPG;1
\vacia\NOANIMAL_ZOO_5_6_7_9\25_20210417 (8657).JPG;0
\humanovehiculo\car_CaltechCameraTrap_ME\vehiculo\5900a0c8-23d2-11e8-a6a3-ec086b02610b.jpg;1
\zorro\REDFOX_ZOO_5_6_7_9\47_20210615 (316).JPG;1
\vacia\NOANIMAL_ZOO_5_6_7_9\24_20210615 (14891).JPG;0
\cervidae\CERVIDREDORFALLOWDEER_ZOO_5_6_7_9\10_20210319 (4934).JPG;1
\caballo\caballos_alumno_AM\caballos_alumno_AM\2_20201215 (3900).JPG;1
\vacia\empty_IslandConservationCameraTraps\dominicanrepublic_cam2015abril2015_20150416_153730_img_5786.jpg;0
\humanovehiculo\humano_vehiculo_PNC_2013-I_ISAAC\5079IM000007.JPG;1
\micromamiferos\rat_IslandConservationCameraTraps\micronesia_cam06_cam06june2019_pig_20190629200453_1752.jpg;1
\vacia\vacia_alumno_1_AM\37_20201024 (6432).JPG;0
\zorro\zorro_PNC_2013-I_RED_ME\159IM000052.JPG;1
\gato_domestico\gato_WellingtonCameraTraps_SS\01101518532402245754.JPG;1
\leporido\rabbit_IslandConservationCameraTraps\chile_vaqueria2013_22012013121211.jpg;1
\cervidae\CERVIDREDORFALLOWDEER_ZOO_5_6_7_9\18_20210417 (345).JPG;1
\cervidae\CERVIDREDORFALLOWDEER_ZOO_1_4\21_20201025 (3014).JPG;1
\vacia\empty_SnapshotMountainZebra\MTZ_S1_E06_R3_IMAG1594.JPG;0
\meloncillo\3_Meloncillo_PEPE_IREC_JC\IMAG0047_(2).JPG;1
\vacia\empty_caltechCameraTraps\59be41c1-23d2-11e8-a6a3-ec086b02610b.jpg;0
\vaca\COW_ZOO_5_6_7_9\21_20210418 (1673).JPG;1
\cervidae\Ciervo_PNM_2013-0_ME\f26959IMAG0053.JPG;1
\cervidae\CERVIDREDORFALLOWDEER_ZOO_5_6_7_9\15_20210219 (7132) (2021_04_15 06_16_22 UTC).JPG;1
\cervidae\CERVIDREDORFALLOWDEER_ZOO_5_6_7_9\10_20210417 (718).JPG;1
\ave\Bird_ena24\1564.jpg;1
\cervidae\CERVIDREDORFALLOWDEER_ZOO_5_6_7_9\28_20210615 (806).JPG;1
\gato_domestico\gato_WellingtonCameraTraps_SS\1104151810260745L093.JPG;1
\cervidae\deer_CaltechCameraTrap\59ef8d8d-23d2-11e8-a6a3-ec086b02610b.jpg;1
\vacia\NOANIMAL_ZOO_5_6_7_9\20_20210319 (7811).JPG;0
\vacia\NOANIMAL_ZOO_1_4\6_20201812 (9062).JPG;0
\zorro\Zorro_Pepe_IREC\Zorro_Pepe_Irec_ME\IMAG0877_(3).JPG;1
\zorro\zorro_PNM_2012_ME\d10640IM000039.JPG;1
\humanovehiculo\humanovehiculo_PNC_2014_manuel\c17874IMAG0014.JPG;1
\leporido\Lagomorpha3__diego_2_rev_donana\6_20201023 (2263).JPG;1
\jabali\WILDBOAR_ZOO_5_6_7_9\31_20210219 (813) (2021_04_15 06_16_22 UTC).JPG;1
\mapache\raccoon_CaltechCameraTrap_ME\5860ee35-23d2-11e8-a6a3-ec086b02610b.jpg;1
\humanovehiculo\humanovehiculo_PNM_2013-I_ME\e1070IM000004.JPG;1
\vacia\NOANIMAL_ZOO_5_6_7_9\50_20210417 (23394).JPG;0
\lince\linces_fecha_Linces2_Leo_JC\2_Lince_flecha_Linces2_Leo_JC\lince162 (30).JPG;1
\zorro\REDFOX_ZOO_1_4\32_20201218 (348).JPG;1
\vacia\empty_caltechCameraTraps\5a2c8670-23d2-11e8-a6a3-ec086b02610b.jpg;0
\ave\ave_ave_WellingtonCameraTraps_SS\060516163144015b9701.JPG;1
\vacia\NOANIMAL_ZOO_5_6_7_9\33_20210218 (176) (2021_04_15 06_16_22 UTC).JPG;0
\vacia\Vacio__diego_2_rev_donana\9_20201025 (411).JPG;0
\vacia\NOANIMAL_ZOO_5_6_7_9\50_20210408 (7939).JPG;0
\jabali\WILDBOAR_ZOO_1_4\37_20201116 (7086).JPG;1
\cervidae\CERVIDREDORFALLOWDEER_ZOO_5_6_7_9\38_20210618 (363).JPG;1
\leporido\rabbit_IslandConservationCameraTraps\chile_piedra012013_21012013184134.jpg;1
\caballo\caballos_alumno_AM\caballos_alumno_AM\2_20201215 (3869).JPG;1
\cervidae\CERVIDREDORFALLOWDEER_ZOO_5_6_7_9\8_20210219 (1023) (2021_04_15 06_16_22 UTC).JPG;1
\lince\Lince_a_Linces2_Leo_JC\lince101 (81).JPG;1
\zorro\Red fox_mammalWeb\36732.jpg;1
\zorro\zorro_PNM_2012_ISAAC\d15803IMAG0061.JPG;1
\cervidae\ciervo_simone_2\39_20201019 (258).JPG;1
\vacia\empty_IslandConservationCameraTraps\dominicanrepublic_cam1826junio2015_20150505_074508_img_1286.jpg;0
\ave\Chicken_ena24\6571.jpg;1
\vacia\NOANIMAL_ZOO_5_6_7_9\49_20210408 (341).JPG;0
\lince\linces_fecha_Linces2_Leo_JC\2_Lince_flecha_Linces2_Leo_JC\lince164 (13).JPG;1
\vacia\empty_SnapshotMountainZebra\MTZ_S1_C06_R3_IMAG2107.JPG;0
\vacia\NOANIMAL_ZOO_1_4\34_20210115 (5717).JPG;0
\cervidae\ciervo_Javi_3_JC\21_20201025 (1676).JPG;1
\vacia\SnampshotEnonkishu\ENO_S1_D06_R1_IMAG2724.JPG;0
\leporido\rabbit_IslandConservationCameraTraps\chile_frances012013_13012013143205.jpg;1
\humanovehiculo\HUMANORVEHICLE_ZOO_5_6_7_9\3_20210218 (282) (2021_04_15 06_16_22 UTC).JPG;1
\humanovehiculo\humanovehiculo_ss\13_20201025 (19).JPG;1
\cervidae\deer_CaltechCameraTrap\59ffbc78-23d2-11e8-a6a3-ec086b02610b.jpg;1
\leporido\rabbit_IslandConservationCameraTraps\chile_frances012013_0301201371441.jpg;1
\cervidae\CERVIDREDORFALLOWDEER_ZOO_1_4\21_20201025 (1519).JPG;1
\cervidae\CERVIDREDORFALLOWDEER_ZOO_1_4\21_20201025 (4747).JPG;1
\humanovehiculo\humano_vehiculo_PNC_2013-I_ISAAC\9417IM000014.JPG;1
\cervidae\ciervo_vacías_humanos_PNC_2012_ME\a14417IM000348.JPG;1
\vaca\cow_CaltechCameraTrap\586c874b-23d2-11e8-a6a3-ec086b02610b.jpg;1
\cervidae\cervido_simone_2\37_20201024 (1604).JPG;1
\vacia\NOANIMAL_ZOO_5_6_7_9\49_20210418 (1808).JPG;0
\humanovehiculo\humanovehiculo_PNC_2014_manuel\c10194IM000082.JPG;1
\vacia\empty_IslandConservationCameraTraps\dominicanrepublic_cam0126dejulio2015_20150726_095600_sunp0158.jpg;0
\cervidae\deer_CaltechCameraTrap\59f1291b-23d2-11e8-a6a3-ec086b02610b.jpg;1
\cervidae\CERVIDREDORFALLOWDEER_ZOO_5_6_7_9\10_20210219 (14978) (2021_04_15 06_16_22 UTC).JPG;1
\vacia\NOANIMAL_ZOO_5_6_7_9\49_20210418 (19098).JPG;0
\cervidae\CERVIDREDORFALLOWDEER_ZOO_1_4\22_20210115 (432).JPG;1
\cervidae\deer_CaltechCameraTrap\5a26383b-23d2-11e8-a6a3-ec086b02610b.jpg;1
\zorro\Zorro_Pepe_IREC\Zorro_Pepe_Irec_ME\IMAG0080_(8).JPG;1
\vacia\empty_IslandConservationCameraTraps\dominicanrepublic_cam1826junio2015_20150505_090530_img_1751.jpg;0
\zorro\zorro_PNC_2013-I_RED_ME\4148IMAG0107.JPG;1
\cervidae\ciervo_PNC_2013-O_RED_ISAAC\b259IM000041.JPG;1
\vacia\vacia_Paco_Carro_JC\IMG_1955.JPG;0
\ave\ave_Soraya_Padilla_Alumno_1_TH\STC_0224_frame040.jpg;1
\cervidae\deer_CaltechCameraTrap\58b664b0-23d2-11e8-a6a3-ec086b02610b.jpg;1
\leporido\Lagomorpha2__diego_1_rev_donana\6_20201023 (2214).JPG;1
\vacia\empty_IslandConservationCameraTraps\dominicanrepublic_cam0425abril2015_20130809_023124_sunp1434.jpg;0
\jabali\JABALI_PNM_2013-I_ISAAC\e294IM000011.JPG;1
\cervidae\CERVIDREDORFALLOWDEER_ZOO_5_6_7_9\35_20210318 (377).JPG;1
\caballo\caballos_javier_JC\35_20201218 (363).JPG;1
\vacia\vacias_PNC_2014_ISAAC\c20979IM000828.JPG;0
\lince\linces_fecha_Linces2_Leo_JC\2_Lince_flecha_Linces2_Leo_JC\lince147 (69).JPG;1
\cervidae\cervidae_ME_rev_3_donana\40_20201024 (8757).JPG;1
\leporido\conejo_Paco_Carro_JC\PICT1430.JPG;1
\gato_domestico\gato_WellingtonCameraTraps_SS\0205151705100745L093.JPG;1
\meloncillo\Meloncillo_PEPE_IREC_JC\IMAG0128_(8).JPG;1
\ave\ave_Soraya_Padilla_Alumno_1_TH\STC_0060_frame150.jpg;1
\vacia\NOANIMAL_ZOO_5_6_7_9\36_20210618 (8057).JPG;0
\vacia\NOANIMAL_ZOO_5_6_7_9\25_20210319 (2301).JPG;0
\vacia\SnampshotEnonkishu\ENO_S1_D06_R1_IMAG1985.JPG;0
\humanovehiculo\humanovehiculo_PNC_2013-O_RED_ISAAC\b1729IMAG0024.JPG;1
\vacia\vacias_PNC_2014_ISAAC\c24869IMAG0106.JPG;0
\jabali\jabali_revGinetasJC_REV1_4_donana\37_20201116 (3594).JPG;1
\jabali\jabali_Leo_Otra_fauna_PASADA_POR_LA_RED_JC\Otrafauna (1100).JPG;1
\cervidae\corzo_alumno_1_TH\Capcap 3_frame060.jpg;1
\tejon\Tejon_PNC_2014_JC\c23408IM000032.JPG;1
\gato_domestico\cat_CaltechCameraTrap\5a07cf1d-23d2-11e8-a6a3-ec086b02610b.jpg;1
\vacia\NOANIMAL_ZOO_5_6_7_9\37_20210319 (1153).JPG;0
\vacia\NOANIMAL_ZOO_1_4\42_20201026 (112).JPG;0
\garduna\Garduña_PNC_2014_JC\c25258IM000090.JPG;1
\humanovehiculo\humanovehiculo_PNC_2013-O_RED_ISAAC\b8580IMAG0023.JPG;1
\cervidae\CERVIDREDORFALLOWDEER_ZOO_1_4\21_20201025 (520).JPG;1
\ave\ave_alumno_1_TH\Turili (20.01).JPG;1
\jabali\WILDBOAR_ZOO_1_4\31_20201117 (553).JPG;1
\jabali\jabali_alumno_1_AM_2\24_20201019 (7110).JPG;1
\gato_domestico\cat_IslandConservationCameraTraps\palau_cam02a12132018_20181203_232555_rcnx1626.jpg;1
\vacia\empty_IslandConservationCameraTraps\dominicanrepublic_cam1125abril2015_20150411_163800_img_0972.jpg;0
\lince\Lince_a_Linces2_Leo_JC\lince75 (148).JPG;1
\vacia\vacia_Paco_Carro_JC\IMG_1081.JPG;0
\ave\aves_fotosManuelEmilio20200912\IMG_0135.JPG;1
\vacia\empty_caltechCameraTraps\59d41b7e-23d2-11e8-a6a3-ec086b02610b.jpg;0
\caballo\HORSE_ZOO_5_6_7_9\44_20210618 (379).JPG;1
\ave\ave_ave_WellingtonCameraTraps_SS\071016163538027as381.JPG;1
\micromamiferos\micromamiferos_Paco_Carro_JC\IMG_0681.JPG;1
\vacia\vacias_2_de_2_PNC_2012_ISAAC\a23747IM000196.JPG;0
\vacia\NOANIMAL_ZOO_1_4\41_20201025 (201).JPG;0
\mapache\raccoon_CaltechCameraTrap_ME\58cb130b-23d2-11e8-a6a3-ec086b02610b.jpg;1
\vacia\empty_caltechCameraTraps\59ccd0b5-23d2-11e8-a6a3-ec086b02610b.jpg;0
\vacia\NOANIMAL_ZOO_1_4\15_20210117 (7581).JPG;0
\vacia\NOANIMAL_ZOO_5_6_7_9\2_20210618 (19717).JPG;0
\vacia\NOANIMAL_ZOO_5_6_7_9\50_20210417 (25039).JPG;0
\vacia\NOANIMAL_ZOO_1_4\4_20201220 (1126).JPG;0
\vacia\empty_SnapshotMountainZebra\MTZ_S1_F04_R1_IMAG2884.JPG;0
\vacia\vacias_PNM_2013-O_ISAAC\f20902IM000405.JPG;0
\cervidae\CERVIDREDORFALLOWDEER_ZOO_1_4\10_20201117 (145).JPG;1
\vacia\empty_IslandConservationCameraTraps\dominicanrepublic_cam0425abril2015_20130824_055527_sunp5270.jpg;0
\vaca\cow_CaltechCameraTrap\585a63bd-23d2-11e8-a6a3-ec086b02610b.jpg;1
\cervidae\CERVIDREDORFALLOWDEER_ZOO_1_4\15_20210117 (4368).JPG;1
\ave\aves_ME_CASA\IMG_0573.JPG;1
\vacia\NOANIMAL_ZOO_5_6_7_9\31_20210615 (2252).JPG;0
\lince\Lince_a_Linces2_Leo_JC\lince78 (37).JPG;1
\vacia\NOANIMAL_ZOO_5_6_7_9\19_20210319 (619).JPG;0
\cervidae\deer_CaltechCameraTrap\58dc4c95-23d2-11e8-a6a3-ec086b02610b.jpg;1
\jabali\jabali_vacías_humanos_PNC_2012_ME\a34979IMAG0095.JPG;1
\vacia\empty_IslandConservationCameraTraps\palau_cam6a12132018_20181023_110245_rcnx1032.jpg;0
\cervidae\CERVIDREDORFALLOWDEER_ZOO_1_4\34_20201024 (4666).JPG;1
\vacia\empty_IslandConservationCameraTraps\dominicanrepublic_cam1826julio2015_20150626_114656_img_0225.jpg;0
\vacia\empty_SnapshotMountainZebra\MTZ_S1_D06_R1_IMAG2276.JPG;0
\vaca\COW_ZOO_5_6_7_9\21_20200113 (1384) (2021_04_15 06_16_22 UTC).JPG;1
\vacia\vacia_alumno_2_AM_JC\DSCF0035_frame240.jpg;0
\lince\Lince_a_Linces2_Leo_JC\lince99 (89).JPG;1
\vacia\empty_IslandConservationCameraTraps\micronesia_cam06_cam06june2019_trap_20190623164613_1250.jpg;0
\vaca\COW_ZOO_1_4\2_20201215 (4266).JPG;1
\ave\ave_ave_WellingtonCameraTraps_SS\061116050222027bs243.JPG;1
\vaca\cow_CaltechCameraTrap\58f294e1-23d2-11e8-a6a3-ec086b02610b.jpg;1
\zorro\Zorro_PNC_2014_JC\c9778IM000027.JPG;1
\vacia\NOANIMAL_ZOO_5_6_7_9\2_20210417 (969).JPG;0
\ave\Chicken_ena24\5950.jpg;1
\zorro\zorro_PNC_2013-I_ME\703IM000124.JPG;1
\vacia\vacia_ss\36_20201019 (2513).JPG;0
\jabali\WILDBOAR_ZOO_1_4\37_20210115 (535).JPG;1
\zorro\Zorro_PNC_2014_JC\c22832IM000009.JPG;1
\jabali\WILDBOAR_ZOO_1_4\33_20201217 (23).JPG;1
\humanovehiculo\humano_vehiculo_PNM_2013-O_ISAAC\f10222IM000514.JPG;1
\leporido\rabbit_CaltechCameraTrap_ME\5892b44a-23d2-11e8-a6a3-ec086b02610b.jpg;1
\cervidae\deer_CaltechCameraTrap\5949d0c9-23d2-11e8-a6a3-ec086b02610b.jpg;1
\vacia\vacias_PNM_2013-O_ISAAC\f6620IMAG1037.JPG;0
\jabali\WILDBOAR_ZOO_1_4\7_20201118 (1287).JPG;1
\cervidae\ciervo_PNM_2012_ISAAC\d14474IMAG0027.JPG;1
\cervidae\ciervo_PNC_2013-I_RED_ME\9072IM000173.JPG;1
\vacia\empty_IslandConservationCameraTraps\ecuador1_ic1611_20150101_000004_img_1030.jpg;0
\vacia\empty_SnapshotMountainZebra\MTZ_S1_D05_R1_IMAG2134.JPG;0
\lince\Lince_b_Linces2_Leo_JC\lince149 (34).JPG;1
\humanovehiculo\car_CaltechCameraTrap_ME\vehiculo\59b13046-23d2-11e8-a6a3-ec086b02610b.jpg;1
\cervidae\6_ciervo_simone_2\34_20201024 (6724).JPG;1
\vacia\NOANIMAL_ZOO_5_6_7_9\20_20210319 (12417).JPG;0
\ave\ave_ave_WellingtonCameraTraps_SS\040416101732034a6241.JPG;1
\zorro\Zorro_Pepe_IREC\Zorro_Pepe_Irec_ME\IMAG0249_(15).JPG;1
\leporido\Conejo_PNC_2014_JC\c8662IM000120.JPG;1
\cervidae\CERVIDREDORFALLOWDEER_ZOO_5_6_7_9\18_20210417 (3186).JPG;1
\jabali\WILDBOAR_ZOO_1_4\29_20201023 (351).JPG;1
\cervidae\cervidae_2_ME_rev_1_donana\37_20201024 (1331).JPG;1
\vacia\NOANIMAL_ZOO_5_6_7_9\1_20210219 (127) (2021_04_15 06_16_22 UTC).JPG;0
\vacia\NOANIMAL_ZOO_1_4\43_20201217 (1478).JPG;0
\vacia\SnampshotEnonkishu\ENO_S1_D06_R1_IMAG2973.JPG;0
\caballo\HORSE_ZOO_1_4\9_20210114 (11).JPG;1
\vacia\NOANIMAL_ZOO_5_6_7_9\25_20210417 (15591).JPG;0
\micromamiferos\rat_IslandConservationCameraTraps\micronesia_cam03april2019_20190412_055435_rcnx0631.jpg;1
\vacia\empty_IslandConservationCameraTraps\dominicanrepublic_cam0725abril2015a_20130813_090202_sunp5691.jpg;0
\vacia\NOANIMAL_ZOO_1_4\40_20201215 (2737).JPG;0
\vacia\NOANIMAL_ZOO_1_4\37_20201116 (8626).JPG;0
\gato_domestico\gato_WellingtonCameraTraps_SS\2705151028440359L101.JPG;1
\vaca\cow_CaltechCameraTrap\586adf62-23d2-11e8-a6a3-ec086b02610b.jpg;1
\vacia\empty_IslandConservationCameraTraps\micronesia_cam04_cam04june2019_20190611061003_rcnx0886.jpg;0
\zorro\zorro_PNC_2013-O_RED_ISAAC\b7466IM000057.JPG;1
\vacia\empty_SnapshotMountainZebra\MTZ_S1_C06_R1_IMAG3744.JPG;0
\vaca\COW_ZOO_1_4\21_20201119 (2).JPG;1
\lince\Lince_b_Linces2_Leo_JC\lince148 (7).jpg;1
\zorro\zorro_PNC_2014_manuel\c3509IM000102.JPG;1
\vaca\COW_ZOO_5_6_7_9\39_20210417 (1891).JPG;1
\cervidae\CERVIDREDORFALLOWDEER_ZOO_1_4\22_20201022 (688).JPG;1
\cervidae\CERVIDREDORFALLOWDEER_ZOO_1_4\21_20201025 (2015).JPG;1
\leporido\liebre\Brown hare_mammalWeb\111858.jpg;1
\vacia\empty_IslandConservationCameraTraps\dominicanrepublic_cam1125abril2015_20150408_174339_img_0593.jpg;0
\vacia\Vacia_ME_rev_2_donana\40_20201024 (3096).JPG;0
\ave\ave_ave_WellingtonCameraTraps_SS\090416132342043cs375.JPG;1
\cervidae\ciervo_PNM_2012_ME\d10038IM000054.JPG;1
\ave\ave_PNC_2013-O_RED_ISAAC\b4391IMAG0262.JPG;1
\vacia\empty_SnapshotMountainZebra\MTZ_S1_G04_R3_IMAG0315.JPG;0
\cervidae\3_ciervo_simone_2\34_20201024 (6342).JPG;1
\vacia\empty_caltechCameraTraps\5959521f-23d2-11e8-a6a3-ec086b02610b.jpg;0
\jabali\WILDBOAR_ZOO_1_4\20_20210115 (120).JPG;1
\leporido\conejo_Paco_Carro_JC\PICT0534 (2).JPG;1
\leporido\conejo_Paco_Carro_JC\PICT1773.JPG;1
\vacia\NOANIMAL_ZOO_5_6_7_9\24_20210418 (18572).JPG;0
\gato_domestico\gato_WellingtonCameraTraps_SS\01101515244401069481.JPG;1
\cervidae\CERVIDREDORFALLOWDEER_ZOO_5_6_7_9\19_20210219 (1583) (2021_04_15 06_16_22 UTC).JPG;1
\jabali\Jabali_ME_rev_1_donana\7_20201025 (88).JPG;1
\gato_domestico\cat_IslandConservationCameraTraps\palau_cam02a12132018_20181018_142057_rcnx0985.jpg;1
\jabali\WILDBOAR_ZOO_1_4\37_20201116 (14207).JPG;1
\cervidae\Ciervo_PNC_2012_JC\a15407IM000453.JPG;1
\lince\Lince_b_Linces2_Leo_JC\lince149 (8).JPG;1
\vacia\vacia_javi_2_JC\27_20201023 (6945).JPG;0
\cervidae\CERVIDREDORFALLOWDEER_ZOO_5_6_7_9\24_20210318 (8157).JPG;1
\caballo\HORSE_ZOO_1_4\15_20210117 (10606).JPG;1
\mapache\raccoon_CaltechCameraTrap_ME\59420fc1-23d2-11e8-a6a3-ec086b02610b.jpg;1
\gato_domestico\gato_WellingtonCameraTraps_SS\1407151330120745L091.JPG;1
\vacia\empty_IslandConservationCameraTraps\dominicanrepublic_cam1718octubre2015_20151018_055145_img_0072.jpg;0
\cervidae\CERVIDREDORFALLOWDEER_ZOO_1_4\21_20201025 (2754).JPG;1
\vacia\empty_IslandConservationCameraTraps\ecuador1_ic1611_20150101_000004_img_0143.jpg;0
\vacia\NOANIMAL_ZOO_1_4\15_20201024 (20864).JPG;0
\cervidae\ciervo_Paco_Carro_JC\PICT0070.JPG;1
\cervidae\corzo_alumno_2_AM_JC\STC_0009 (2)_frame400.jpg;1
\vacia\Nothing_mammalWeb\51702.jpg;0
\ave\ave_ave_WellingtonCameraTraps_SS\210316172902043b9703.JPG;1
\jabali\WILDBOAR_ZOO_5_6_7_9\31_20210219 (196) (2021_04_15 06_16_22 UTC).JPG;1
\cervidae\CERVIDREDORFALLOWDEER_ZOO_1_4\37_20201116 (7696).JPG;1
\vaca\COW_ZOO_1_4\21_20201119 (45).JPG;1
\micromamiferos\rat_IslandConservationCameraTraps\micronesia_cam06_cam06june2019_pig_20190629195628_1866.jpg;1
\cervidae\CERVIDREDORFALLOWDEER_ZOO_5_6_7_9\15_20210219 (5973) (2021_04_15 06_16_22 UTC).JPG;1
\vacia\empty_IslandConservationCameraTraps\dominicanrepublic_cam1725abril2015_20150410_090005_img_0275.jpg;0
\humanovehiculo\humano_vehiculo_PNM_2012_ISAAC\d14640IMAG0001.JPG;1
\jabali\jabali_revGinetasJC_REV1_4_donana\37_20201116 (15995).JPG;1
\micromamiferos\rodent_CaltechCameraTrap_JC\Roedor_ rodent_CaltechCameraTrap_JC\58768195-23d2-11e8-a6a3-ec086b02610b.jpg;1
\jabali\WILDBOAR_ZOO_5_6_7_9\37_20210220 (220) (2021_04_15 06_16_22 UTC).JPG;1
\vacia\vacia_alumno_2_AM_JC\DSCF0036_frame140.jpg;0
\ave\aves_fotosManuelEmilio20200912\IMG_0980.JPG;1
\vaca\COW_ZOO_5_6_7_9\9_20210615 (2423).JPG;1
\leporido\conejo_Paco_Carro_JC\PICT1919.JPG;1
\vacia\NOANIMAL_ZOO_5_6_7_9\35_20210615 (3182).JPG;0
\jabali\WILDBOAR_ZOO_1_4\37_20201116 (1737).JPG;1
\garduna\garduna_PNC_2013-I_RED_ME\246IM000020.JPG;1
\zorro\zorro_vacías_humanos_PNC_2012_ME\a3670IM000038.JPG;1
\gineta\gineta_PNM_2013-O_ISAAC\f3656IM000118.JPG;1
\leporido\rabbit_CaltechCameraTrap_ME\592de5f9-23d2-11e8-a6a3-ec086b02610b.jpg;1
\meloncillo\Meloncillo_PNC_2014_JC\c9261IM000015.JPG;1
\cervidae\CERVIDREDORFALLOWDEER_ZOO_5_6_7_9\28_20210615 (3163).JPG;1
\humanovehiculo\HUMANORVEHICLE_ZOO_1_4\34_20201215 (3281).JPG;1
\cervidae\CERVIDREDORFALLOWDEER_ZOO_1_4\34_20201116 (1949).JPG;1
\vacia\vacias_2_de_2_PNC_2012_ISAAC\a834IM000177.JPG;0
\vacia\vacia_Paco_Carro_JC\01110723.JPG;0
\zorro\zorro_PNC_2014_manuel\c16755IM000043.JPG;1
\cervidae\CERVIDREDORFALLOWDEER_ZOO_1_4\21_20201025 (173).JPG;1
\caballo\caballos_javier_JC\35_20201218 (160).JPG;1
\vacia\NOANIMAL_ZOO_5_6_7_9\32_20210417 (5768).JPG;0
\vacia\empty_SnapshotMountainZebra\MTZ_S1_E06_R3_IMAG1210.JPG;0
\vacia\NOANIMAL_ZOO_1_4\6_20201812 (279).JPG;0
\cervidae\ciervo_PNC_2014_ISAAC\c15357IM000017.JPG;1
\leporido\conejo_Paco_Carro_JC\PICT0228 (2).JPG;1
\vaca\cow_CaltechCameraTrap\5858c19a-23d2-11e8-a6a3-ec086b02610b.jpg;1
\cervidae\CERVIDREDORFALLOWDEER_ZOO_5_6_7_9\19_20210319 (2629).JPG;1
\gato_domestico\cat_CaltechCameraTrap\5879d194-23d2-11e8-a6a3-ec086b02610b.jpg;1
\humanovehiculo\humano_vehiculo_PNM_2013-O_ISAAC\f1811IM000024.JPG;1
\vacia\empty_SnapshotMountainZebra\MTZ_S1_D05_R1_IMAG0872.JPG;0
\humanovehiculo\humano_vehiculo_PNC_2013-I_ISAAC\6615IM000018.JPG;1
\vacia\NOANIMAL_ZOO_5_6_7_9\28_20210417 (3129).JPG;0
\humanovehiculo\humanovehiculo_vacías_humanos_PNC_2012_ME\a17517IM000030.JPG;1
\jabali\jabali_vacías_humanos_PNC_2012_ME\a100IM000041.JPG;1
\perro\dog_caltechCameraTraps\59e77bb5-23d2-11e8-a6a3-ec086b02610b.jpg;1
\leporido\rabbit_IslandConservationCameraTraps\chile_piedra012013_0403201334043.jpg;1
\vacia\NOANIMAL_ZOO_1_4\26_20201020 (17215).JPG;0
\perro\dog_caltechCameraTraps\5950062a-23d2-11e8-a6a3-ec086b02610b.jpg;1
\vacia\NOANIMAL_ZOO_5_6_7_9\24_20210418 (4052).JPG;0
\vacia\NOANIMAL_ZOO_1_4\6_20201812 (13927).JPG;0
\vacia\empty_SnapshotMountainZebra\MTZ_S1_D07_R1_IMAG1368.JPG;0
\cervidae\3_ciervo_simone_2\34_20201024 (5249).JPG;1
\vaca\COW_ZOO_1_4\21_20201217 (3299).JPG;1
\gineta\gineta_Soraya_Padilla_Alumno_1_TH\STC_0191_frame050.jpg;1
\vacia\empty_IslandConservationCameraTraps\dominicanrepublic_cam0425abril2015_20130823_055156_sunp4802.jpg;0
\jabali\jabali_PNC_2013-I_ME\329IM000097.JPG;1
\jabali\WILDBOAR_ZOO_1_4\37_20201024 (8237).JPG;1
\jabali\jabali_PNC_2014_manuel\c18053IMAG0104.JPG;1
\vacia\vacias_1_de_2_PNC_2012_ISAAC\a40950IM000219.JPG;0
\cervidae\ciervo_PNM_2013-O_ISAAC\f4308IM000092.JPG;1
\leporido\2_conejo_Paco_Carro_JC\PICT1072.JPG;1
\cervidae\ciervo_vacías_humanos_PNC_2012_ME\a52264IM000073.JPG;1
\vacia\Nothing_mammalWeb\75819.jpg;0
\ave\ave_ave_WellingtonCameraTraps_SS\060216085456002b7351.JPG;1
\vacia\vacias_PNM_2013-O_ISAAC\f27331IMAG0330.JPG;0
\leporido\conejo_Paco_Carro_JC\PICT1264.JPG;1
\zorro\zorro_PNC_2012_JC\a29935IM000099.JPG;1
\cervidae\Ciervo_PNC_2013-O_ME\b7537IM000110.JPG;1
\humanovehiculo\humanovehiculo_ss\13_20201025 (78).JPG;1
\humanovehiculo\humano_vehiculo_PNM_2012_ISAAC\d15093IM000020.JPG;1
\vacia\vacio_Saul Martin_FRAMES_SIN_REPETIDOS_REVISADOS_DIEGO\IMAG0023_frame520.jpg;0
\meloncillo\Meloncillo_PEPE_IREC_JC\IMAG0341.JPG;1
\ave\ave_ave_WellingtonCameraTraps_SS\080716080858049c9701.JPG;1
\meloncillo\meloncillo_PNM_2013-I_ISAAC\e1172IMAG0054.JPG;1
\leporido\rabbit_IslandConservationCameraTraps\chile_frances022013_0905201384302.jpg;1
\cervidae\CERVIDREDORFALLOWDEER_ZOO_5_6_7_9\28_20210417 (290).JPG;1
\vacia\empty_SnapshotMountainZebra\MTZ_S1_D05_R1_IMAG2609.JPG;0
\leporido\rabbit_CaltechCameraTrap_ME\5a14a6ce-23d2-11e8-a6a3-ec086b02610b.jpg;1
\cervidae\ciervo_vacías_humanos_PNC_2012_ME\a19612IM000274.JPG;1
\gato_domestico\Gato_domestico_alumno_2_AM_JC\Gato (1)_frame130.jpg;1
\cervidae\CERVIDREDORFALLOWDEER_ZOO_1_4\21_20201025 (1990).JPG;1
\jabali\WILDBOAR_ZOO_1_4\15_20210117 (7969).JPG;1
\vacia\NOANIMAL_ZOO_5_6_7_9\18_20210417 (9930).JPG;0
\vacia\vacias_PNM_2013-O_ISAAC\f16964IMAG0846.JPG;0
\leporido\rabbit_CaltechCameraTrap_ME\58f294e8-23d2-11e8-a6a3-ec086b02610b.jpg;1
\ave\bird_CaltechCameraTrap\5934190b-23d2-11e8-a6a3-ec086b02610b.jpg;1
\jabali\jabali_javi_JC\37_20201024 (320).JPG;1
\vacia\NOANIMAL_ZOO_1_4\34_20210115 (1643).JPG;0
\vacia\empty_SnapshotMountainZebra\MTZ_S1_D05_R1_IMAG2171.JPG;0
\cervidae\ciervo_simone_2\37_20201024 (1482).JPG;1
\vacia\empty_SnapshotCamdeboo\CDB_S1_B06_R1_IMAG0326.JPG;0
\humanovehiculo\car_CaltechCameraTrap_ME\vehiculo\59eab895-23d2-11e8-a6a3-ec086b02610b.jpg;1
\leporido\conejo_WellingtonCameraTraps_SS\190516154754023bL221.JPG;1
\lince\Lince_a_Linces2_Leo_JC\lince120 (159).JPG;1
\zorro\zorro_PNC_2013-I_RED_ME\3686IM000196.JPG;1
\zorro\zorro_PNC_2014_manuel\c10080IM000022.JPG;1
\zorro\Zorro_PNC_2014_JC\c6396IM000039.JPG;1
\cervidae\ciervo_PNC_2014_ISAAC\c11424IMAG0188.JPG;1
\leporido\rabbit_CaltechCameraTrap_ME\5a14a619-23d2-11e8-a6a3-ec086b02610b.jpg;1
\cervidae\ciervo_PNC_2014_ISAAC\c15724IM000080.JPG;1
\cervidae\ciervo_Javi_3_JC\21_20201025 (3165).JPG;1
\cervidae\CERVIDREDORFALLOWDEER_ZOO_1_4\7_20201217 (401).JPG;1
\jabali\WILDBOAR_ZOO_1_4\43_20201118 (323).JPG;1
\vacia\NOANIMAL_ZOO_5_6_7_9\24_20210318 (12697).JPG;0
\vacia\NOANIMAL_ZOO_1_4\7_20210115 (3384).JPG;0
\vacia\NOANIMAL_ZOO_5_6_7_9\31_20210615 (2667).JPG;0
\vacia\NOANIMAL_ZOO_5_6_7_9\19_20210319 (2024).JPG;0
\vacia\empty_SnapshotMountainZebra\MTZ_S1_D03_R3_IMAG0122.JPG;0
\lince\Lince_a_Linces2_Leo_JC\Lince57 (109).JPG;1
\jabali\WILDBOAR_ZOO_5_6_7_9\11_20210218 (269) (2021_04_15 06_16_22 UTC).JPG;1
\vacia\Nothing_mammalWeb\48875.jpg;0
\zorro\zorro_PNC_2013-O_RED_ISAAC\b14991IMAG0284.JPG;1
\vacia\NOANIMAL_ZOO_5_6_7_9\31_20210417 (620).JPG;0
\vacia\empty_IslandConservationCameraTraps\puertorico_26_20150310_153616_ek000792.jpg;0
\cervidae\CERVIDREDORFALLOWDEER_ZOO_1_4\34_20201024 (2185).JPG;1
\vacia\empty_caltechCameraTraps\59bac81d-23d2-11e8-a6a3-ec086b02610b.jpg;0
\jabali\WILDBOAR_ZOO_1_4\37_20201024 (773).JPG;1
\lince\Lince_a_Linces2_Leo_JC\lince77 (294).JPG;1
\cervidae\Ciervo_PNM_2013-0_ME\f22586IM000092.JPG;1
\vacia\empty_caltechCameraTraps\5a19792b-23d2-11e8-a6a3-ec086b02610b.jpg;0
\jabali\WILDBOAR_ZOO_1_4\18_unknowndate (1798).JPG;1
\vacia\NOANIMAL_ZOO_5_6_7_9\2_20210417 (15005).JPG;0
\gato_domestico\gato_WellingtonCameraTraps_SS\1604150639200106S471.JPG;1
\vacia\NOANIMAL_ZOO_5_6_7_9\2_20210618 (14958).JPG;0
\vaca\COW_ZOO_5_6_7_9\17_20210418 (346).JPG;1
\micromamiferos\micromamiferos_fotosManuelEmilio20200912\IMG_0956.JPG;1
\vacia\empty_SnapshotMountainZebra\MTZ_S1_E06_R3_IMAG1310.JPG;0
\micromamiferos\micromamiferos_Paco_Carro_JC\IMG_0137.JPG;1
\cervidae\3_ciervo_simone_2\34_20201024 (6372).JPG;1
\ave\ave_ave_WellingtonCameraTraps_SS\020716134950024c9711.JPG;1
\vacia\NOANIMAL_ZOO_5_6_7_9\2_20210417 (18822).JPG;0
\vacia\NOANIMAL_ZOO_5_6_7_9\25_20210417 (7252).JPG;0
\tejon\Tejon_PEPE_IREC_JC\IMAG0678.JPG;1
\vacia\NOANIMAL_ZOO_5_6_7_9\2_20210417 (9599).JPG;0
\jabali\WILDBOAR_ZOO_1_4\7_20201118 (735).JPG;1
\vaca\COW_ZOO_1_4\21_20201217 (2180).JPG;1
\zorro\Zorro_Pepe_IREC\Zorro_Pepe_Irec_ME\IMAG0258_(6).JPG;1
\humanovehiculo\humanovehiculo_leo_donana\0008755.JPG;1
\micromamiferos\Small rodent_mammalWeb\21260.jpg;1
\ave\ave_ave_WellingtonCameraTraps_SS\090816082330021as233.JPG;1
\caballo\HORSE_ZOO_1_4\15_20210117 (13059).JPG;1
\vacia\empty_IslandConservationCameraTraps\ecuador2_ic1607_20150122_063330_img_0826.jpg;0
\vacia\vacia_ave_WellingtonCameraTraps_SS\17111505055803791133.JPG;0
\humanovehiculo\humano_vehiculo_PNM_2013-O_ISAAC\f3940IM000010.JPG;1
\vacia\vacias_2_de_2_PNC_2012_ISAAC\a10286IM000004.JPG;0
\ave\American Crow_ena24\8525.jpg;1
\leporido\LEPORIDRABBITORHARE_ZOO_1_4\39_20201019 (58).JPG;1
\vacia\empty_IslandConservationCameraTraps\micronesia_cam04_cam04june2019_20190701044003_rcnx2328.jpg;0
\cervidae\CERVIDREDORFALLOWDEER_ZOO_5_6_7_9\15_20210219 (5152) (2021_04_15 06_16_22 UTC).JPG;1
\vacia\empty_caltechCameraTraps\59ffbbb6-23d2-11e8-a6a3-ec086b02610b.jpg;0
\vacia\empty_IslandConservationCameraTraps\palau_cam10a12122018_20180925_074823_rcnx0450.jpg;0
\mapache\raccoon_CaltechCameraTrap_ME\5a1e5159-23d2-11e8-a6a3-ec086b02610b.jpg;1
\jabali\WILDBOAR_ZOO_1_4\31_20210115 (136).JPG;1
\mapache\raccoon_CaltechCameraTrap_ME\5a14a702-23d2-11e8-a6a3-ec086b02610b.jpg;1
\gato_domestico\cat_IslandConservationCameraTraps\palau_cam10a12122018_20180924_195425_rcnx0433.jpg;1
\vacia\vacias_PNM_2013-O_ISAAC\f3808IM000138.JPG;0
\ave\ave_alumno_1_TH\Ave (9)_frame140.jpg;1
\vacia\NOANIMAL_ZOO_1_4\7_20210115 (3120).JPG;0
\vacia\NOANIMAL_ZOO_5_6_7_9\50_20210417 (25484).JPG;0
\vacia\empty_caltechCameraTraps\5971faff-23d2-11e8-a6a3-ec086b02610b.jpg;0
\cervidae\deer_CaltechCameraTrap\5a197b6a-23d2-11e8-a6a3-ec086b02610b.jpg;1
\ave\ave_ave_WellingtonCameraTraps_SS\170216155334001c7511.JPG;1
\vacia\empty_SnapshotMountainZebra\MTZ_S1_D06_R1_IMAG2888.JPG;0
\mapache\raccoon_CaltechCameraTrap_ME\5892b6ca-23d2-11e8-a6a3-ec086b02610b.jpg;1
\mapache\raccoon_CaltechCameraTrap_ME\58b4a8af-23d2-11e8-a6a3-ec086b02610b.jpg;1
\vacia\vacia_alumno_2_2_TH_JC\27_20201023 (7197).JPG;0
\cervidae\CERVIDREDORFALLOWDEER_ZOO_1_4\9_20210114 (1206).JPG;1
\jabali\WILDBOAR_ZOO_1_4\7_20201217 (435).JPG;1
\zorro\REDFOX_ZOO_1_4\31_20201023 (64).JPG;1
\vacia\NOANIMAL_ZOO_5_6_7_9\5_20210319 (1729).JPG;0
\zorro\REDFOX_ZOO_5_6_7_9\48_20210418 (649).JPG;1
\ave\passerine_IslandConservationCameraTraps\ecuador1_ic1611_20150101_000003_img_1990.jpg;1
\vacia\empty_IslandConservationCameraTraps\micronesia_cam17april2019_20190414_111425_rcnx0035.jpg;0
\vacia\NOANIMAL_ZOO_5_6_7_9\50_20210408 (21535).JPG;0
\vacia\NOANIMAL_ZOO_1_4\34_20210115 (2964).JPG;0
\vacia\NOANIMAL_ZOO_1_4\21_20201119 (4632).JPG;0
\vacia\NOANIMAL_ZOO_5_6_7_9\24_20210318 (16470).JPG;0
\jabali\WILDBOAR_ZOO_5_6_7_9\19_20210417 (1036).JPG;1
\gato_domestico\cat_IslandConservationCameraTraps\palau_cam6a12132018_20180914_133039_rcnx0463.jpg;1
\cervidae\CERVIDREDORFALLOWDEER_ZOO_5_6_7_9\19_20210319 (2326).JPG;1
\cervidae\CERVIDREDORFALLOWDEER_ZOO_5_6_7_9\2_20210319 (4146).JPG;1
\jabali\WILDBOAR_ZOO_1_4\31_20201117 (126).JPG;1
\vacia\empty_SnapshotMountainZebra\MTZ_S1_D06_R1_IMAG1357.JPG;0
\cervidae\CERVIDREDORFALLOWDEER_ZOO_1_4\21_20201025 (1083).JPG;1
\ave\ave_Paco_Carro_JC\IMG_0081.JPG;1
\vacia\vacia_javi_2_JC\34_20201024 (3366).JPG;0
\vacia\vacia_alumno_1_TH\Nada (13)_frame140.jpg;0
\cervidae\CERVIDREDORFALLOWDEER_ZOO_5_6_7_9\5_20210219 (823) (2021_04_15 06_16_22 UTC).JPG;1
\zorro\Red Fox_ena24\3417.jpg;1
\vacia\NOANIMAL_ZOO_5_6_7_9\2_20210618 (14960).JPG;0
\ave\ave_ave_WellingtonCameraTraps_SS\020816121700022cs342.JPG;1
\vacia\empty_IslandConservationCameraTraps\dominicanrepublic_cam0425abril2015_20130815_023302_sunp2442.jpg;0
\vacia\NOANIMAL_ZOO_1_4\7_20210115 (2331).JPG;0
\gato_domestico\gato_WellingtonCameraTraps_SS\280916212420012bs191.JPG;1
\vacia\empty_IslandConservationCameraTraps\dominicanrepublic_cam0425abril2015_20130821_014313_sunp3742.jpg;0
\zorro\ZORRO_PNM_2012_ISAAC\d14519FILE0015.JPG;1
\zorro\Red fox_mammalWeb\40315.jpg;1
\garduna\garduna_PNC_2013-O_RED_ISAAC\b19818IMAG0068.JPG;1
\vacia\NOANIMAL_ZOO_1_4\6_20201812 (13810).JPG;0
\vacia\NOANIMAL_ZOO_1_4\7_20210115 (1739).JPG;0
\garduna\garduna_PNC_2014_manuel\c3928IMAG0040.JPG;1
\vacia\empty_SnapshotMountainZebra\MTZ_S1_D07_R1_IMAG1062.JPG;0
\vacia\NOANIMAL_ZOO_5_6_7_9\25_20210319 (5245).JPG;0
\tejon\tejon_alumno_2_AM_JC\DSCF0072_frame220.jpg;1
\cervidae\CERVIDREDORFALLOWDEER_ZOO_5_6_7_9\35_20210218 (2410) (2021_04_15 06_16_22 UTC).JPG;1
\vacia\NOANIMAL_ZOO_5_6_7_9\28_20210417 (804).JPG;0
\vaca\COW_ZOO_5_6_7_9\2_20210319 (2288).JPG;1
\leporido\rabbit_CaltechCameraTrap_ME\59cf4831-23d2-11e8-a6a3-ec086b02610b.jpg;1
\vacia\NOANIMAL_ZOO_1_4\4_20210117 (3507).JPG;0
\vacia\Vacia_Paco_Carro_camarasliron_4_2_PASADAS_POR_LA_RED_JC\MDGC0531.JPG;0
\vacia\NOANIMAL_ZOO_1_4\6_20201812 (13608).JPG;0
\caballo\HORSE_ZOO_1_4\38_20201117 (1361).JPG;1
\jabali\jabali_Saul Martin_FRAMES_SIN_REPETIDOS_REVISADOS_DIEGO\IMAG0022_frame380.jpg;1
\cervidae\CERVIDREDORFALLOWDEER_ZOO_5_6_7_9\33_20210418 (99).JPG;1
\cervidae\CERVIDREDORFALLOWDEER_ZOO_5_6_7_9\19_20210219 (1048) (2021_04_15 06_16_22 UTC).JPG;1
\mapache\raccoon_CaltechCameraTrap_ME\58d47cec-23d2-11e8-a6a3-ec086b02610b.jpg;1
\vacia\empty_SnapshotMountainZebra\MTZ_S1_G04_R3_IMAG0734.JPG;0
\leporido\conejo_Paco_Carro_JC\PICT1976.JPG;1
\tejon\tejon_leo_donana\0002978.JPG;1
\vacia\empty_SnapshotKaroo\KAR_S1_E02_R1_IMAG5414.JPG;0
\vacia\empty_SnapshotMountainZebra\MTZ_S1_E06_R3_IMAG1125.JPG;0
\leporido\rabbit_IslandConservationCameraTraps\chile_frances012013_0301201333202.jpg;1
\cervidae\CERVIDREDORFALLOWDEER_ZOO_5_6_7_9\1_20210417 (971).JPG;1
\vacia\vacias_2_de_2_PNC_2012_ISAAC\a12040IM000460.JPG;0
\vacia\NOANIMAL_ZOO_1_4\4_20201220 (1157).JPG;0
\zorro\zorro_PNM_2013-I_ME\e3838IM000086.JPG;1
\zorro\Zorro_Pepe_IREC\Zorro_Pepe_Irec_ME\IMAG0355_(10).JPG;1
\vacia\NOANIMAL_ZOO_5_6_7_9\24_20210318 (6315).JPG;0
\vacia\NOANIMAL_ZOO_5_6_7_9\2_20210417 (20818).JPG;0
\humanovehiculo\humanovehiculo_PNC_2014_manuel\c13908IMAG0002.JPG;1
\vacia\NOANIMAL_ZOO_1_4\6_20201812 (14864).JPG;0
\vacia\NOANIMAL_ZOO_1_4\34_20210115 (4925).JPG;0
\cervidae\Ciervo_PNC_2012_JC\a199IM000063.JPG;1
\vacia\empty_IslandConservationCameraTraps\ecuador1_ic1611_20150101_000001_img_1090.jpg;0
\jabali\Jabali_PNC_2014_JC\c5260IM000018.JPG;1
\lince\Lince_a_Linces2_Leo_JC\Lince46 (36).JPG;1
\vacia\NOANIMAL_ZOO_1_4\7_20210115 (2225).JPG;0
\cervidae\CERVIDREDORFALLOWDEER_ZOO_5_6_7_9\28_20210615 (543).JPG;1
\caballo\HORSE_ZOO_5_6_7_9\15_20210219 (4550) (2021_04_15 06_16_22 UTC).JPG;1
\vacia\NOANIMAL_ZOO_5_6_7_9\25_20210319 (5943).JPG;0
\ave\OTHERSPECIES_ZOO_1_4\8_20210115 (264).JPG;1
\vacia\empty_SnapshotMountainZebra\MTZ_S1_G04_R3_IMAG1470.JPG;0
\vacia\NOANIMAL_ZOO_5_6_7_9\25_20210417 (8934).JPG;0
\jabali\WILDBOAR_ZOO_1_4\24_20201019 (7110).JPG;1
\cervidae\CERVIDREDORFALLOWDEER_ZOO_1_4\21_20201025 (5914).JPG;1
\cervidae\CERVIDREDORFALLOWDEER_ZOO_1_4\15_20210117 (3220).JPG;1
\vacia\NOANIMAL_ZOO_5_6_7_9\50_20210408 (8212).JPG;0
\gato_domestico\cat_IslandConservationCameraTraps\palau_cam04a12132018_20180824_221837_rcnx0638.jpg;1
\cervidae\ciervo_PNC_2014_ISAAC\c15806IM000158.JPG;1
\jabali\jabali_PNC_2013-O_RED_ISAAC\b14665IM000122.JPG;1
\jabali\WILDBOAR_ZOO_1_4\7_20201118 (952).JPG;1
\humanovehiculo\HUMANORVEHICLE_ZOO_5_6_7_9\41_20210318 (5).JPG;1
\cervidae\CERVIDREDORFALLOWDEER_ZOO_1_4\34_20201116 (2818).JPG;1
\lince\Lince_b_Linces2_Leo_JC\lince228 (709).JPG;1
\zorro\Zorro_PNM_2013-0_ME\f21216IM000711.JPG;1
\lince\linces_fecha_Linces2_Leo_JC\2_Lince_flecha_Linces2_Leo_JC\lince198 (78).JPG;1
\vacia\NOANIMAL_ZOO_1_4\15_20210117 (5438).JPG;0
\vacia\empty_IslandConservationCameraTraps\ecuador1_ic1611_20150101_000001_img_0659.jpg;0
\leporido\rabbit_CaltechCameraTrap_ME\589608b5-23d2-11e8-a6a3-ec086b02610b.jpg;1
\vacia\empty_SnapshotMountainZebra\MTZ_S1_D06_R1_IMAG2985.JPG;0
\vacia\SnampshotEnonkishu\ENO_S1_D06_R1_IMAG3854.JPG;0
\humanovehiculo\humanovehiculo_vacías_humanos_PNC_2012_ME\a29201IM000010.JPG;1
\humanovehiculo\car_CaltechCameraTrap_ME\vehiculo\5a2af6f5-23d2-11e8-a6a3-ec086b02610b.jpg;1
\vacia\NOANIMAL_ZOO_5_6_7_9\24_20210318 (15715).JPG;0
\leporido\rabbit_IslandConservationCameraTraps\chile_piedra012013_2501201395549.jpg;1
\humanovehiculo\humanovehiculo_PNC_2014_manuel\c5685IM000008.JPG;1
\vacia\empty_IslandConservationCameraTraps\puertorico_16_20150226_161741_img_0332.jpg;0
\vacia\NOANIMAL_ZOO_5_6_7_9\50_20210408 (18564).JPG;0
\tejon\tejon_leo_donana\0006301.JPG;1
\vacia\NOANIMAL_ZOO_1_4\26_20201020 (14046).JPG;0
\cervidae\ciervo_PNC_2013-I_RED_ME\310IM000077.JPG;1
\cervidae\ciervo_PNC_2013-I_RED_ME\6847IM000161.JPG;1
\micromamiferos\rat_IslandConservationCameraTraps\micronesia_cam13april2019_20190411_213503_rcnx0033.jpg;1
\perro\dog_caltechCameraTraps\5a2176e6-23d2-11e8-a6a3-ec086b02610b.jpg;1
\vacia\empty_caltechCameraTraps\59c668e3-23d2-11e8-a6a3-ec086b02610b.jpg;0
\zorro\zorro_PNC_2012_JC\a39772IM000035.JPG;1
\vacia\NOANIMAL_ZOO_1_4\26_20201020 (15583).JPG;0
\cervidae\cervidae_ME_rev_3_donana\36_20201019 (2725).JPG;1
\ave\ave_ave_WellingtonCameraTraps_SS\070216073330002b7352.JPG;1
\cervidae\CERVIDREDORFALLOWDEER_ZOO_1_4\18_unknowndate (1507).JPG;1
\vacia\vacia_alumno_1_TH\Nada (44)_frame070.jpg;0
\jabali\WILDBOAR_ZOO_1_4\37_20201215 (1241).JPG;1
\vacia\NOANIMAL_ZOO_5_6_7_9\50_20210408 (1491).JPG;0
\vacia\vacia_Paco_Carro_JC\IMG_0653 (2).JPG;0
\caballo\HORSE_ZOO_1_4\10_20201218 (2602).JPG;1
\humanovehiculo\car_CaltechCameraTrap_ME\vehiculo\59830764-23d2-11e8-a6a3-ec086b02610b.jpg;1
\vacia\empty_IslandConservationCameraTraps\dominicanrepublic_cam0826junio2015_20150612_031705_sunp0468.jpg;0
\jabali\WILDBOAR_ZOO_1_4\37_20201116 (2395).JPG;1
\humanovehiculo\humanovehiculo_PNC_2014_manuel\c13725IMAG0191.JPG;1
\cervidae\ciervo_vacías_humanos_PNC_2012_ME\a17417IM000079.JPG;1
\vacia\vacias_2_de_2_PNC_2012_ISAAC\a52990IM000345.JPG;0
\vacia\NOANIMAL_ZOO_1_4\28_20201218 (14040).JPG;0
\vacia\NOANIMAL_ZOO_5_6_7_9\20_20210319 (13431).JPG;0
\jabali\jabali_PNC_2014_manuel\c11286IMAG0073.JPG;1
\cervidae\CERVIDREDORFALLOWDEER_ZOO_1_4\37_20210115 (974).JPG;1
\vacia\NOANIMAL_ZOO_1_4\26_20201020 (5635).JPG;0
\vacia\NOANIMAL_ZOO_5_6_7_9\1_20210618 (1780).JPG;0
\ave\ave_Soraya_Padilla_Alumno_1_TH\STC_0426_frame120.jpg;1
\vacia\vacias_PNM_2012_ME\d14423IMAG0033.JPG;0
\jabali\WILDBOAR_ZOO_1_4\7_20201118 (457).JPG;1
\jabali\jabali_javi_JC\7_20201025 (390).JPG;1
\gato_domestico\gato_WellingtonCameraTraps_SS\09101506404408305351.JPG;1
\cervidae\corzo_alumno_2_AM_JC\DSCF0185_frame034.jpg;1
\humanovehiculo\HUMANORVEHICLE_ZOO_5_6_7_9\9_20210418 (30).JPG;1
\cervidae\CERVIDREDORFALLOWDEER_ZOO_5_6_7_9\19_20210618 (366).JPG;1
\vacia\empty_caltechCameraTraps\59519039-23d2-11e8-a6a3-ec086b02610b.jpg;0
\lince\Lince_b_Linces2_Leo_JC\lince213 (12).JPG;1
\lince\linces_fecha_Linces2_Leo_JC\2_Lince_flecha_Linces2_Leo_JC\lince130 (569).JPG;1
\ave\2_ave_Soraya_Padilla_Alumno_1_TH\STC_0481_frame090.jpg;1
\humanovehiculo\HUMANORVEHICLE_ZOO_5_6_7_9\18_20210219 (3016) (2021_04_15 06_16_22 UTC).JPG;1
\humanovehiculo\HUMANORVEHICLE_ZOO_5_6_7_9\12J_20210404 (16).JPG;1
\vaca\cow_CaltechCameraTrap\586e2f23-23d2-11e8-a6a3-ec086b02610b.jpg;1
\cervidae\ciervo_PNC_2013-I_ME\5543IMAG0019.JPG;1
\vacia\vacia_Paco_Carro_JC\IMG_0095 (2).JPG;0
\gato_domestico\cat_IslandConservationCameraTraps\chile_frances022013_2105201361536.jpg;1
\vacia\NOANIMAL_ZOO_5_6_7_9\36_20210219 (2382) (2021_04_15 06_16_22 UTC).JPG;0
\vacia\SnampshotEnonkishu\ENO_S1_D06_R1_IMAG4596.JPG;0
\vacia\NOANIMAL_ZOO_5_6_7_9\11_20210218 (683) (2021_04_15 06_16_22 UTC).JPG;0
\zorro\REDFOX_ZOO_1_4\34_20201024 (6826).JPG;1
\cervidae\deer_CaltechCameraTrap\59a94e8a-23d2-11e8-a6a3-ec086b02610b.jpg;1
\jabali\WILDBOAR_ZOO_1_4\37_20201116 (14485).JPG;1
\jabali\WILDBOAR_ZOO_1_4\37_20201116 (6120).JPG;1
\cervidae\CERVIDREDORFALLOWDEER_ZOO_5_6_7_9\39_20210318 (1325).JPG;1
\vacia\empty_IslandConservationCameraTraps\dominicanrepublic_cam0425abril2015_20130808_032628_sunp0966.jpg;0
\cervidae\ciervo_Javi_3_JC\10_20201019 (684).JPG;1
\leporido\rabbit_CaltechCameraTrap_ME\594083b8-23d2-11e8-a6a3-ec086b02610b.jpg;1
\vacia\NOANIMAL_ZOO_5_6_7_9\25_20210417 (4336).JPG;0
\vaca\COW_ZOO_1_4\21_20201119 (1034).JPG;1
\vacia\NOANIMAL_ZOO_5_6_7_9\15_20210219 (265) (2021_04_15 06_16_22 UTC).JPG;0
\ave\ave_ave_WellingtonCameraTraps_SS\090116165750033cL222.JPG;1
\vacia\NOANIMAL_ZOO_5_6_7_9\5_20210417 (1663).JPG;0
\lince\linces_fecha_Linces2_Leo_JC\2_Lince_flecha_Linces2_Leo_JC\lince50 (232).JPG;1
\ave\bird_CaltechCameraTrap\5956360a-23d2-11e8-a6a3-ec086b02610b.jpg;1
\humanovehiculo\HUMANORVEHICLE_ZOO_5_6_7_9\9_20210318 (17).JPG;1
\cervidae\CERVIDREDORFALLOWDEER_ZOO_5_6_7_9\18_20210219 (7448) (2021_04_15 06_16_22 UTC).JPG;1
\vacia\NOANIMAL_ZOO_1_4\35_20201218 (998).JPG;0
\jabali\WILDBOAR_ZOO_5_6_7_9\31_20210318 (53).JPG;1
\caballo\caballo_Paco_Carro_JC\PICT0357.JPG;1
\cervidae\cervicidae_alumno_TH_3_TH_JC\34_20201024 (6496).JPG;1
\vacia\vacias_PNC_2014_manuel\c16929IM000207.JPG;0
\cervidae\CERVIDREDORFALLOWDEER_ZOO_1_4\34_20201024 (6466).JPG;1
\cervidae\Ciervo_PNC_2014_JC\c6605IM000046.JPG;1
\ave\ave_Paco_Carro_JC\IMG_0094.JPG;1
\vacia\vacias_1_de_2_PNC_2012_ISAAC\a43216IM000028.JPG;0
\humanovehiculo\humanovehiculo_PNC_2013-O_RED_ISAAC\b6388FILE0079.JPG;1
\vacia\empty_SnapshotMountainZebra\MTZ_S1_G04_R3_IMAG3676.JPG;0
\cervidae\ciervo_Javi_3_JC\21_20201025 (1670).JPG;1
\ave\ave_ave_WellingtonCameraTraps_SS\210316173024043b9701.JPG;1
\vacia\empty_SnapshotKaroo\KAR_S1_E02_R1_IMAG1330.JPG;0
\zorro\Red Fox_ena24\3432.jpg;1
\leporido\rabbit_CaltechCameraTrap_ME\5987b51b-23d2-11e8-a6a3-ec086b02610b.jpg;1
\humanovehiculo\car_CaltechCameraTrap_ME\vehiculo\59f460d5-23d2-11e8-a6a3-ec086b02610b.jpg;1
\cervidae\ciervo_simone_2\34_20201024 (6043).JPG;1
\vacia\vacias_1_de_2_PNC_2012_ISAAC\a38729IMAG0477.JPG;0
\cervidae\CERVIDREDORFALLOWDEER_ZOO_1_4\21_20201025 (5993).JPG;1
\zorro\Zorro_PNC_2014_JC\c13994IMAG0054.JPG;1
\cervidae\CERVIDREDORFALLOWDEER_ZOO_1_4\2_20201117 (1230).JPG;1
\cervidae\ciervo_simone_2\37_20201024 (8507).JPG;1
\vacia\vacias_PNC_2014_ISAAC\c4989IM000010.JPG;0
\cervidae\ciervo_PNM_2012_ISAAC\d40FILE0003.JPG;1
\cervidae\2_corzo_alumno_2_AM_JC\DSCF0052_frame270.jpg;1
\vacia\vacias_2_de_2_PNC_2012_ISAAC\a6071IM000890.JPG;0
\vacia\vacia_javi_2_JC\38_20201019 (253).JPG;0
\vacia\empty_IslandConservationCameraTraps\puertorico_26_20141116_133629_ek000132.jpg;0
\caballo\caballos_alumno_AM\caballos_alumno_AM\2_20201215 (7324).JPG;1
\vacia\NOANIMAL_ZOO_5_6_7_9\32_20210218 (4768) (2021_04_15 06_16_22 UTC).JPG;0
\lince\Lince_b_Linces2_Leo_JC\lince145 (22).jpg;1
\lince\Lince_b_Linces2_Leo_JC\lince149 (16).JPG;1
\cervidae\ciervo_Javi_3_JC\28_20201019 (2392).JPG;1
\mapache\raccoon_CaltechCameraTrap_ME\59e5dfa3-23d2-11e8-a6a3-ec086b02610b.jpg;1
\cervidae\CERVIDREDORFALLOWDEER_ZOO_1_4\18_20201024 (207).JPG;1
\humanovehiculo\humano_vehiculo_PNM_2013-O_ISAAC\f16975IMAG0941.JPG;1
\zorro\zorro_PNM_2013-I_ISAAC\e5521IMAG0120.JPG;1
\jabali\WILDBOAR_ZOO_1_4\33_20201217 (239).JPG;1
\leporido\LEPORIDRABBITORHARE_ZOO_1_4\21_20201025 (6012).JPG;1
\gineta\gineta_Saul Martin_FRAMES_SIN_REPETIDOS_REVISADOS_DIEGO\IMAG0029_frame260.jpg;1
\caballo\HORSE_ZOO_1_4\2_20201117 (3397).JPG;1
\zorro\ZORRO_PNM_2012_ISAAC\d13633IM000010.JPG;1
\humanovehiculo\humanovehiculo_vacías_humanos_PNC_2012_ME\a6513IM000211.JPG;1
\vacia\NOANIMAL_ZOO_1_4\6_20201116 (1245).JPG;0
\micromamiferos\rat_IslandConservationCameraTraps\micronesia_cam06_cam06june2019_pig_20190629191905_11335.jpg;1
\ave\ave_Paco_Carro_JC\IMG_1069.JPG;1
\humanovehiculo\humano_vehiculo_PNM_2012_ISAAC\d13706IM000008.JPG;1
\cervidae\CERVIDREDORFALLOWDEER_ZOO_1_4\20_20201024 (741).JPG;1
\cervidae\CERVIDREDORFALLOWDEER_ZOO_1_4\35_20210114 (891).JPG;1
\vaca\COW_ZOO_1_4\21_20201217 (2049).JPG;1
\vacia\NOANIMAL_ZOO_5_6_7_9\22_20210417 (2383).JPG;0
\vacia\NOANIMAL_ZOO_5_6_7_9\5_20210417 (4984).JPG;0
\vacia\empty_IslandConservationCameraTraps\dominicanrepublic_cam1425abril2015_20150415_144445_img_1553.jpg;0
\zorro\REDFOX_ZOO_5_6_7_9\31_20210318 (858).JPG;1
\vacia\NOANIMAL_ZOO_1_4\43_20201217 (2195).JPG;0
\cervidae\CERVIDREDORFALLOWDEER_ZOO_5_6_7_9\19_20210319 (590).JPG;1
\vacia\NOANIMAL_ZOO_1_4\6_20201812 (11277).JPG;0
\vacia\vacias_2_de_2_PNC_2012_ISAAC\a1853IM000825.JPG;0
\zorro\zorro_PNC_2013-I_RED_ME\65IM000068.JPG;1
\vacia\NOANIMAL_ZOO_1_4\37_20201024 (2056).JPG;0
\caballo\caballos_alumno_AM\caballos_alumno_AM\2_20201215 (2909).JPG;1
\vacia\vacias_2_de_2_PNC_2012_ISAAC\a37IM000038.JPG;0
\vacia\Nothing_mammalWeb\8027.jpg;0
\caballo\HORSE_ZOO_5_6_7_9\44_20210618 (155).JPG;1
\jabali\WILDBOAR_ZOO_1_4\33_20201025 (329).JPG;1
\vacia\empty_SnapshotMountainZebra\MTZ_S1_G04_R3_IMAG1708.JPG;0
\vaca\COW_ZOO_5_6_7_9\49_20210418 (2074).JPG;1
\vacia\NOANIMAL_ZOO_5_6_7_9\24_20210418 (4137).JPG;0
\gato_domestico\cat_IslandConservationCameraTraps\palau_cam04a12132018_20180824_221838_rcnx0641.jpg;1
\vacia\NOANIMAL_ZOO_1_4\34_20210115 (7527).JPG;0
\humanovehiculo\car_CaltechCameraTrap_ME\vehiculo\58af74aa-23d2-11e8-a6a3-ec086b02610b.jpg;1
\vacia\empty_SnapshotCamdeboo\CDB_S1_E02_R1_IMAG0450.JPG;0
\humanovehiculo\car_CaltechCameraTrap_ME\vehiculo\58c4d56f-23d2-11e8-a6a3-ec086b02610b.jpg;1
\humanovehiculo\humanovehiculo_PNC_2014_manuel\c7325IM000002.JPG;1
\humanovehiculo\humano_vehiculo_PNM_2013-O_ISAAC\f10770IMAG0108.JPG;1
\zorro\REDFOX_ZOO_5_6_7_9\11_20210418 (875).JPG;1
\jabali\jabali_javi_JC\37_20201024 (600).JPG;1
\jabali\WILDBOAR_ZOO_5_6_7_9\31_20210318 (45).JPG;1
\vacia\NOANIMAL_ZOO_5_6_7_9\25_20210417 (12648).JPG;0
\zorro\Zorro_PNC_2014_JC\c30771IM000071.JPG;1
\cervidae\CERVIDREDORFALLOWDEER_ZOO_1_4\39_20210115 (688).JPG;1
\zorro\zorro_PNM_2013-I_ISAAC\e3522IM000064.JPG;1
\cervidae\Ciervo_PNC_2012_JC\a6920IM000072.JPG;1
\jabali\WILDBOAR_ZOO_1_4\13_20210120 (39).JPG;1
\humanovehiculo\car_CaltechCameraTrap_ME\vehiculo\591cb2c2-23d2-11e8-a6a3-ec086b02610b.jpg;1
\vacia\empty_IslandConservationCameraTraps\dominicanrepublic_cam0425abril2015_20130809_024431_sunp1477.jpg;0
\micromamiferos\rat_IslandConservationCameraTraps\micronesia_cam12april2019_20190413_220947_rcnx0300.jpg;1
\jabali\WILDBOAR_ZOO_1_4\37_20201116 (12811).JPG;1
\cervidae\CERVIDREDORFALLOWDEER_ZOO_1_4\34_20201024 (923).JPG;1
\vacia\NOANIMAL_ZOO_5_6_7_9\50_20210417 (14217).JPG;0
\cervidae\CERVIDREDORFALLOWDEER_ZOO_5_6_7_9\2_20210417 (2318).JPG;1
\jabali\WILDBOAR_ZOO_1_4\37_20201116 (12701).JPG;1
\caballo\caballos_alumno_AM\caballos_alumno_AM\28_20201117 (639).JPG;1
\vacia\empty_caltechCameraTraps\5957c1ad-23d2-11e8-a6a3-ec086b02610b.jpg;0
\vacia\NOANIMAL_ZOO_5_6_7_9\24_20210615 (704).JPG;0
\cervidae\deer_CaltechCameraTrap\59cf45ee-23d2-11e8-a6a3-ec086b02610b.jpg;1
\ave\Woodpigeon_mammalWeb\16491.jpg;1
\zorro\zorro_vacías_humanos_PNC_2012_ME\a1884IM000025.JPG;1
\zorro\zorro_PNC_2014_manuel\c28409FILE0067.JPG;1
\vacia\vacia_alumno_TH_3_TH_JC\10_20201019 (9001).JPG;0
\cervidae\CERVIDREDORFALLOWDEER_ZOO_5_6_7_9\5_20210618 (4298).JPG;1
\vacia\empty_SnapshotMountainZebra\MTZ_S1_D07_R1_IMAG1246.JPG;0
\vacia\NOANIMAL_ZOO_5_6_7_9\2_20210417 (19295).JPG;0
\cervidae\CERVIDREDORFALLOWDEER_ZOO_1_4\4_20210117 (4666).JPG;1
\vacia\vacia_Paco_Carro_JC\PICT0192.JPG;0
\gato_domestico\gato_WellingtonCameraTraps_SS\010116031506033a5753.JPG;1
\lince\Lince_a_Linces2_Leo_JC\lince94 (379).JPG;1
\jabali\WILDBOAR_ZOO_1_4\31_20210115 (259).JPG;1
\caballo\HORSE_ZOO_1_4\2_20201117 (532).JPG;1
\vacia\empty_SnapshotMountainZebra\MTZ_S1_D07_R1_IMAG1694.JPG;0
\vacia\empty_IslandConservationCameraTraps\ecuador1_ic1611_20150101_000002_img_1395.jpg;0
\zorro\ZORRO_PNM_2012_ISAAC\d16000FILE0004.JPG;1
\vaca\COW_ZOO_5_6_7_9\9_20210615 (1845).JPG;1
\vacia\empty_IslandConservationCameraTraps\dominicanrepublic_cam1826julio2015_20150627_095959_img_0328.jpg;0
\zorro\zorro_Leo_Otra_fauna_PASADA_POR_LA_RED_JC\Otrafauna (675).JPG;1
\vaca\COW_ZOO_5_6_7_9\9_20210615 (2188).JPG;1
\humanovehiculo\car_CaltechCameraTrap_ME\vehiculo\585a6286-23d2-11e8-a6a3-ec086b02610b.jpg;1
\ave\bird_CaltechCameraTrap\5913648f-23d2-11e8-a6a3-ec086b02610b.jpg;1
\garduna\Garduña_PNC_2014_JC\c15109IMAG0583.JPG;1
\perro\dog_caltechCameraTraps\5a296605-23d2-11e8-a6a3-ec086b02610b.jpg;1
\jabali\Jabalí_PNC_2013-O_ME\b1350IMAG0200.JPG;1
\jabali\jabali_javi_JC\28_20201019 (1418).JPG;1
\vacia\empty_IslandConservationCameraTraps\dominicanrepublic_cam1826junio2015_20150505_132237_img_3132.jpg;0
\vacia\NOANIMAL_ZOO_5_6_7_9\22_20210615 (2025).JPG;0
\cervidae\Ciervo_PNC_2013-O_ME\b17641IM000182.JPG;1
\cervidae\ciervo_vacías_humanos_PNC_2012_ME\a52354IM000154.JPG;1
\humanovehiculo\humano_vehiculo_PNC_2013-I_ISAAC\6626IM000010.JPG;1
\ave\Chicken_ena24\6533.jpg;1
\jabali\WILDBOAR_ZOO_1_4\28_20201019 (940).JPG;1
\ave\OTHERSPECIES_ZOO_5_6_7_9\21_20210615 (2579).JPG;1
\cervidae\2_ciervo_Javi_3_JC\21_20201025 (1950).JPG;1
\cervidae\Ciervo_PNM_2013-0_ME\f20390IM000135.JPG;1
\leporido\rabbit_CaltechCameraTrap_ME\59e103e2-23d2-11e8-a6a3-ec086b02610b.jpg;1
\lince\Lince_a_Linces2_Leo_JC\lince86 (75).JPG;1
\ave\OTHERSPECIES_ZOO_1_4\34_20201116 (3197).JPG;1
\leporido\rabbit_IslandConservationCameraTraps\chile_piedra012013_11032013181044.jpg;1
\caballo\HORSE_ZOO_1_4\38_20201117 (2069).JPG;1
\vacia\vacia_Paco_Carro_JC\IMG_1017.JPG;0
\vacia\NOANIMAL_ZOO_5_6_7_9\25_20210417 (14250).JPG;0
\ave\Mirlo_PNM_2013-0_ME\f10912IM000030.JPG;1
\jabali\WILDBOAR_ZOO_1_4\37_20201116 (7441).JPG;1
\vacia\vacia_Paco_Carro_JC\01130954.JPG;0
\vacia\vacias_PNC_2014_ISAAC\c17053IM000338.JPG;0
\vacia\empty_IslandConservationCameraTraps\dominicanrepublic_cam0425abril2015_20130822_054622_sunp4349.jpg;0
\ave\megapode_IslandConservationCameraTraps\palau_cam10a12122018_20181021_110500_rcnx0817.jpg;1
\zorro\ZORRO_PNM_2013-I_ISAAC\e2703IM000045.JPG;1
\vaca\COW_ZOO_1_4\15_20201024 (7435).JPG;1
\zorro\Zorro_PNC_2014_JC\c21680IM000056.JPG;1
\ave\ave_Soraya_Padilla_Alumno_1_TH\DSCF0621_frame051.jpg;1
\humanovehiculo\humano_vehiculo_PNC_2014_ISAAC\c12199IMAG0129.JPG;1
\vacia\NOANIMAL_ZOO_5_6_7_9\50_20210417 (24978).JPG;0
\jabali\WILDBOAR_ZOO_1_4\37_20201116 (7231).JPG;1
\vacia\NOANIMAL_ZOO_1_4\43_20201217 (1901).JPG;0
\vacia\vacias_1_de_2_PNC_2012_ISAAC\a39108IMAG0861.JPG;0
\vacia\SnampshotEnonkishu\ENO_S1_B03_R1_IMAG0345.JPG;0
\vacia\NOANIMAL_ZOO_1_4\6_20210115 (7180).JPG;0
\vacia\NOANIMAL_ZOO_1_4\6_20201812 (8992).JPG;0
\gato_domestico\cat_CaltechCameraTrap\5922eb12-23d2-11e8-a6a3-ec086b02610b.jpg;1
\leporido\rabbit_CaltechCameraTrap_ME\594b5ecc-23d2-11e8-a6a3-ec086b02610b.jpg;1
\vacia\empty_SnapshotMountainZebra\MTZ_S1_D06_R1_IMAG2929.JPG;0
\caballo\caballos_alumno_AM\caballos_alumno_AM\9_20201712 (2284).JPG;1
\cervidae\CERVIDREDORFALLOWDEER_ZOO_1_4\21_20201119 (3514).JPG;1
\jabali\WILDBOAR_ZOO_1_4\9_20201025 (77).JPG;1
\cervidae\Ciervo_PNC_2012_JC\a40243IM000242.JPG;1
\vacia\NOANIMAL_ZOO_5_6_7_9\19_20210618 (437).JPG;0
\vacia\vacias_1_de_2_PNC_2012_ISAAC\a36000IM000129.JPG;0
\cervidae\CERVIDREDORFALLOWDEER_ZOO_5_6_7_9\19_20210319 (1900).JPG;1
\leporido\Eastern Cottontail_ena24\8463.jpg;1
\cervidae\2_ciervo_Javi_3_JC\21_20201025 (1809).JPG;1
\jabali\WILDBOAR_ZOO_1_4\15_20210117 (6732).JPG;1
\vaca\cow_CaltechCameraTrap\5888bf2a-23d2-11e8-a6a3-ec086b02610b.jpg;1
\vacia\empty_SnapshotMountainZebra\MTZ_S1_D06_R1_IMAG1388.JPG;0
\gato_domestico\cat_IslandConservationCameraTraps\puertorico_18_20150226_200949_img_0308.jpg;1
\ave\ave_ave_WellingtonCameraTraps_SS\050716135904008bs111.JPG;1
\tejon\2_tejon_alumno_2_AM_JC\DSCF0029 (2)_frame100.jpg;1
\cervidae\CERVIDREDORFALLOWDEER_ZOO_1_4\36_20201019 (2591).JPG;1
\vacia\vacia_alumno_AM_2\24_20201019 (982).JPG;0
\jabali\3_jabali_Leo_Otra_fauna_PASADA_POR_LA_RED_JC\Otrafauna (1455).JPG;1
\ave\megapode_IslandConservationCameraTraps\palau_cam13a12132018_20181119_160137_rcnx1490.jpg;1
\jabali\jabali_revGinetasJC_REV1_4_donana\37_20201116 (15955).JPG;1
\cervidae\ciervo_PNM_2012_ISAAC\d14016FILE0010.JPG;1
\vacia\NOANIMAL_ZOO_1_4\33_20201120 (167).JPG;0
\cervidae\2_Ciervos_PNC2012_JC\a19009IM000131.JPG;1
\jabali\WILDBOAR_ZOO_1_4\7_20201217 (508).JPG;1
\vacia\empty_SnapshotMountainZebra\MTZ_S1_C06_R1_IMAG0084.JPG;0
\jabali\WILDBOAR_ZOO_1_4\21_20201025 (2524).JPG;1
\ave\Ave_Leo_Otra_fauna_PASADA_POR_LA_RED_JC\Otrafauna (1947).JPG;1
\mapache\raccoon_CaltechCameraTrap_ME\58ce3ecd-23d2-11e8-a6a3-ec086b02610b.jpg;1
\leporido\rabbit_CaltechCameraTrap_ME\590d2b6a-23d2-11e8-a6a3-ec086b02610b.jpg;1
\vacia\vacia_alumno_2_AM_JC\STC_0056_frame310.jpg;0
\vacia\empty_caltechCameraTraps\59da8cbd-23d2-11e8-a6a3-ec086b02610b.jpg;0
\jabali\WILDBOAR_ZOO_1_4\31_20201117 (146).JPG;1
\gato_domestico\gato_WellingtonCameraTraps_SS\110816002720011a5901.JPG;1
\cervidae\3_corzo_alumno_2_AM_JC\STC_0151_frame190.jpg;1
\cervidae\CERVIDREDORFALLOWDEER_ZOO_5_6_7_9\9_20210418 (637).JPG;1
\cervidae\corzo_alumno_1_TH\Capcap (12)_frame000.jpg;1
\zorro\zorro_PNM_2012_ME\d2831IMAG0027.JPG;1
\cervidae\cervidae_buscar_cab_isaac_sin_contar\35_20201123 (211).JPG;1
\humanovehiculo\humanovehiculo_vacías_humanos_PNC_2012_ME\a3641IM000007.JPG;1
\ave\aves_ME_CASA\IMG_0594.JPG;1
\vacia\vacias_2_de_2_PNC_2012_ISAAC\a1359IM000332.JPG;0
\jabali\2jabali_PNC_2013-O_RED_ISAAC\b182IM000182.JPG;1
\vacia\empty_IslandConservationCameraTraps\dominicanrepublic_cam1125abril2015_20150403_130241_img_0199.jpg;0
\caballo\HORSE_ZOO_5_6_7_9\17_20210615 (1397).JPG;1
\cervidae\deer_CaltechCameraTrap\59973cdd-23d2-11e8-a6a3-ec086b02610b.jpg;1
\lince\Lince_b_Linces2_Leo_JC\lince155 (36).JPG;1
\leporido\2_conejo_Paco_Carro_JC\PICT0214.JPG;1
\leporido\rabbit_CaltechCameraTrap_ME\589cb2e7-23d2-11e8-a6a3-ec086b02610b.jpg;1
\vacia\empty_caltechCameraTraps\5a0b026a-23d2-11e8-a6a3-ec086b02610b.jpg;0
\cervidae\CERVIDREDORFALLOWDEER_ZOO_1_4\40_20201024 (8643).JPG;1
\vacia\empty_IslandConservationCameraTraps\ecuador1_ic1611_20150101_000001_img_0969.jpg;0
\cervidae\ciervo_Javi_3_JC\21_20201025 (5311).JPG;1
\zorro\Zorro_PNC_2013-O_ME\b11500IMAG0241.JPG;1
\cervidae\CERVIDREDORFALLOWDEER_ZOO_5_6_7_9\38_20210618 (1301).JPG;1
\caballo\HORSE_ZOO_1_4\38_20201117 (1941).JPG;1
\lince\linces_fecha_Linces2_Leo_JC\2_Lince_flecha_Linces2_Leo_JC\lince159 (39).JPG;1
\cervidae\CERVIDREDORFALLOWDEER_ZOO_1_4\21_20201119 (3286).JPG;1
\vacia\empty_caltechCameraTraps\59929326-23d2-11e8-a6a3-ec086b02610b.jpg;0
\jabali\WILDBOAR_ZOO_1_4\15_20210117 (7930).JPG;1
\vacia\NOANIMAL_ZOO_5_6_7_9\50_20210408 (908).JPG;0
\leporido\rabbit_CaltechCameraTrap_ME\585a62f4-23d2-11e8-a6a3-ec086b02610b.jpg;1
\jabali\WILDBOAR_ZOO_1_4\7_20201118 (670).JPG;1
\zorro\ZORRO_PNM_2013-I_ISAAC\e4854IM000098.JPG;1
\ave\Chicken_ena24\6556.jpg;1
\vacia\empty_IslandConservationCameraTraps\dominicanrepublic_cam0725abril2015a_20130813_073359_sunp5111.jpg;0
\vaca\COW_ZOO_5_6_7_9\9_20210615 (2193).JPG;1
\cervidae\ciervo_PNM_2013-O_ISAAC\f29251IMAG0849.JPG;1
\vacia\NOANIMAL_ZOO_1_4\43_20201217 (2102).JPG;0
\vacia\NOANIMAL_ZOO_5_6_7_9\32_20210615 (765).JPG;0
\vacia\empty_SnapshotMountainZebra\MTZ_S1_E06_R1_IMAG2015.JPG;0
\lince\Lince_a_Linces2_Leo_JC\lince122 (145).JPG;1
\vacia\empty_IslandConservationCameraTraps\dominicanrepublic_cam1826julio2015_20150628_125009_img_0694.jpg;0
\vacia\NOANIMAL_ZOO_1_4\13_20201219 (753).JPG;0
\ave\bird_CaltechCameraTrap\58ef6f19-23d2-11e8-a6a3-ec086b02610b.jpg;1
\humanovehiculo\car_CaltechCameraTrap_ME\vehiculo\58ce3de7-23d2-11e8-a6a3-ec086b02610b.jpg;1
\cervidae\ciervo_Javi_3_JC\10_20201019 (1747).JPG;1
\vacia\NOANIMAL_ZOO_5_6_7_9\2_20210417 (15729).JPG;0
\cervidae\CERVIDREDORFALLOWDEER_ZOO_1_4\43_20201217 (813).JPG;1
\vacia\NOANIMAL_ZOO_5_6_7_9\2_20210319 (5600).JPG;0
\leporido\Lagomorpha1__diego_2_rev_donana\6_20201023 (2738).JPG;1
\ave\ave_Soraya_Padilla_Alumno_1_TH\STC_0061_frame110.jpg;1
\zorro\zorro_PNC_2014_manuel\c30496IM000038.JPG;1
\vacia\NOANIMAL_ZOO_5_6_7_9\49_20210418 (16566).JPG;0
\lince\linces_fecha_Linces2_Leo_JC\2_Lince_flecha_Linces2_Leo_JC\lince87 (1).JPG;1
\cervidae\CERVIDREDORFALLOWDEER_ZOO_1_4\21_20201025 (4854).JPG;1
\vacia\NOANIMAL_ZOO_5_6_7_9\39_20210417 (867).JPG;0
\cervidae\ciervo_PNC_2013-O_RED_ISAAC\b17818IM000115.JPG;1
\vacia\NOANIMAL_ZOO_5_6_7_9\24_20210615 (20620).JPG;0
\vaca\COW_ZOO_5_6_7_9\49_20210418 (1638).JPG;1
\zorro\Zorro_PNC_2014_JC\c5389IM000066.JPG;1
\vacia\vacias_PNC_2013-I_RED_ME\2461IM000041.JPG;0
\vacia\NOANIMAL_ZOO_5_6_7_9\2_20210417 (15746).JPG;0
\leporido\rabbit_IslandConservationCameraTraps\chile_vaqueria2013_0702201393921.jpg;1
\vacia\empty_SnapshotMountainZebra\MTZ_S1_D05_R1_IMAG0445.JPG;0
\jabali\WILDBOAR_ZOO_5_6_7_9\28_20210219 (2208) (2021_04_15 06_16_22 UTC).JPG;1
\vacia\NOANIMAL_ZOO_1_4\6_20201812 (13897).JPG;0
\jabali\WILDBOAR_ZOO_5_6_7_9\2_20210417 (648).JPG;1
\vaca\COW_ZOO_1_4\21_20201217 (3309).JPG;1
\vacia\empty_IslandConservationCameraTraps\micronesia_cam12april2019_20190414_182001_rcnx1126.jpg;0
\vacia\NOANIMAL_ZOO_1_4\6_20201812 (10123).JPG;0
\vacia\empty_SnapshotMountainZebra\MTZ_S1_E06_R3_IMAG1098.JPG;0
\vacia\Nothing_mammalWeb\47372.jpg;0
\vacia\SnampshotEnonkishu\ENO_S1_D06_R1_IMAG1564.JPG;0
\vacia\NOANIMAL_ZOO_5_6_7_9\11_20210615 (8503).JPG;0
\cervidae\ciervo_PNC_2013-I_ME\5544IMAG0020.JPG;1
\ave\ave_ave_WellingtonCameraTraps_SS\280116142808050a8802.JPG;1
\vaca\COW_ZOO_1_4\10_20210115 (2750).JPG;1
\vacia\empty_IslandConservationCameraTraps\ecuador1_ic1611_20150101_000004_img_0703.jpg;0
\vacia\empty_IslandConservationCameraTraps\ecuador2_ic1607_20150122_063322_img_0820.jpg;0
\lince\Lince_b_Linces2_Leo_JC\lince228 (320).jpg;1
\lince\Lince_ME_rev_1_donana\20_20201024 (811).JPG;1
\humanovehiculo\humano_vehiculo_PNC_2013-I_ISAAC\878IM000009.JPG;1
\leporido\conejo_Paco_Carro_JC\PICT2407.JPG;1
\lince\linces_fecha_Linces2_Leo_JC\3_Lince_flecha_Linces2_Leo_JC\Lince57 (262).JPG;1
\vacia\vacias_2_de_2_PNC_2012_ISAAC\a5348IM000141.JPG;0
\lince\Lince_a_Linces2_Leo_JC\Lince53 (14).JPG;1
\micromamiferos\rat_IslandConservationCameraTraps\micronesia_cam06_cam06june2019_pig_20190629195105_1947.jpg;1
\zorro\zorro_PNM_2012_ME\d13398IM000028.JPG;1
\vacia\NOANIMAL_ZOO_1_4\15_20201024 (7984).JPG;0
\gato_domestico\gato_WellingtonCameraTraps_SS\090716024952017bs023.JPG;1
\vacia\empty_IslandConservationCameraTraps\dominicanrepublic_cam1425abril2015_20150416_153342_img_1660.jpg;0
\vacia\vacia_alumno_TH_3_TH_JC\15_20201024 (3846).JPG;0
\zorro\zorro_PNM_2012_ISAAC\d10526IM000592.JPG;1
\humanovehiculo\humanovehiculo_PNC_2013-O_RED_ISAAC\b1735IMAG0030.JPG;1
\micromamiferos\rodent_CaltechCameraTrap_JC\Roedor_ rodent_CaltechCameraTrap_JC\59216352-23d2-11e8-a6a3-ec086b02610b.jpg;1
\leporido\LEPORIDRABBITORHARE_ZOO_1_4\6_20201116 (6660).JPG;1
\leporido\rabbit_CaltechCameraTrap_ME\58b2efd4-23d2-11e8-a6a3-ec086b02610b.jpg;1
\leporido\2_conejo_Paco_Carro_JC\PICT1141.JPG;1
\humanovehiculo\humanovehiculo_PNC_2013-O_RED_ISAAC\b5539IM000008.JPG;1
\vacia\vacias_PNC_2014_ISAAC\c9616IM000370.JPG;0
\cervidae\ciervo_PNC_2013-I_ME\6675IM000061.JPG;1
\zorro\zorro_vacías_humanos_PNC_2012_ME\a43640IM000460.JPG;1
\vacia\empty_IslandConservationCameraTraps\dominicanrepublic_cam0425abril2015_20130808_030355_sunp0863.jpg;0
\vacia\empty_SnapshotMountainZebra\MTZ_S1_D06_R1_IMAG1697.JPG;0
\vacia\NOANIMAL_ZOO_1_4\26_20201020 (2670).JPG;0
\leporido\rabbit_CaltechCameraTrap_ME\58fd7cb8-23d2-11e8-a6a3-ec086b02610b.jpg;1
\gato_domestico\cat_IslandConservationCameraTraps\ecuador1_ic1619_20181011_083344_img_0299.jpg;1
\vacia\SnampshotEnonkishu\ENO_S1_D06_R1_IMAG1585.JPG;0
\jabali\jabali_PNC_2014_manuel\c7491IM000013.JPG;1
\ave\ave_ave_WellingtonCameraTraps_SS\240316120148043cs372.JPG;1
\leporido\rabbit_IslandConservationCameraTraps\chile_piedra012013_1401201363203.jpg;1
\leporido\rabbit_IslandConservationCameraTraps\chile_frances012013_1812201233901.jpg;1
\ave\ave_ave_WellingtonCameraTraps_SS\030216104304031b9966.JPG;1
\cervidae\ciervo_PNC_2014_ISAAC\c27634IM000108.JPG;1
\humanovehiculo\humanovehiculo_PNM_2013-I_ME\e3470IM000009.JPG;1
\vacia\NOANIMAL_ZOO_5_6_7_9\48_20210418 (90).JPG;0
\mapache\raccoon_CaltechCameraTrap_ME\5a116da6-23d2-11e8-a6a3-ec086b02610b.jpg;1
\vacia\NOANIMAL_ZOO_5_6_7_9\24_20210615 (15720).JPG;0
\ave\ave_vacías_humanos_PNC_2012_ME\a19195IM000328.JPG;1
\cervidae\deer_CaltechCameraTrap\5995ae6a-23d2-11e8-a6a3-ec086b02610b.jpg;1
\vacia\NOANIMAL_ZOO_5_6_7_9\24_20210615 (21138).JPG;0
\ave\OTHERSPECIES_ZOO_1_4\15_20210117 (9765).JPG;1
\vacia\NOANIMAL_ZOO_1_4\34_20210115 (3198).JPG;0
\vacia\NOANIMAL_ZOO_5_6_7_9\2_20210417 (21034).JPG;0
\mapache\raccoon_CaltechCameraTrap_ME\597386c7-23d2-11e8-a6a3-ec086b02610b.jpg;1
\vacia\empty_caltechCameraTraps\59a7bef4-23d2-11e8-a6a3-ec086b02610b.jpg;0
\vacia\vacias_1_de_2_PNC_2012_ISAAC\a39044IMAG0794.JPG;0
\leporido\rabbit_CaltechCameraTrap_ME\593a4d78-23d2-11e8-a6a3-ec086b02610b.jpg;1
\cervidae\ciervo_alumno_2_TH\21_20201025 (5220).JPG;1
\leporido\2_conejo_Paco_Carro_JC\PICT1892.JPG;1
\gato_domestico\gato_WellingtonCameraTraps_SS\0304151713160745L091.JPG;1
\vacia\empty_SnapshotMountainZebra\MTZ_S1_E06_R3_IMAG1705.JPG;0
\vacia\empty_IslandConservationCameraTraps\dominicanrepublic_cam1725abril2015_20150406_100807_img_0110.jpg;0
\leporido\rabbit_CaltechCameraTrap_ME\594b5ca7-23d2-11e8-a6a3-ec086b02610b.jpg;1
\vacia\vacia_alumno_1_AM\39_20201019 (498).JPG;0
\zorro\Zorro_Pepe_IREC\Zorro_Pepe_Irec_ME\IMAG0032_(7).JPG;1
\leporido\rabbit_IslandConservationCameraTraps\chile_vaqueria2013_04022013204229.jpg;1
\gato_domestico\gato_WellingtonCameraTraps_SS\101116213748031cs123.JPG;1
\jabali\WILDBOAR_ZOO_1_4\43_20201118 (865).JPG;1
\zorro\zorro_PNM_2013-O_ISAAC\f1478IM000046.JPG;1
\ave\OTHERSPECIES_ZOO_5_6_7_9\50_20210417 (99).JPG;1
\caballo\caballos_alumno_AM\caballos_alumno_AM\2_20201215 (3504).JPG;1
\cervidae\deer_CaltechCameraTrap\5a0fd016-23d2-11e8-a6a3-ec086b02610b.jpg;1
\cervidae\CERVIDREDORFALLOWDEER_ZOO_5_6_7_9\9_20210615 (2981).JPG;1
\vacia\vacia_Soraya_Padilla_Alumno_1_TH\DSCF0088_frame100.jpg;0
\vacia\NOANIMAL_ZOO_5_6_7_9\2_20210417 (22778).JPG;0
\meloncillo\meloncillo_PNM_2013-O_ME\f10928IM000047.JPG;1
\caballo\caballos_TH_JC\17_20201225 (17).JPG;1
\caballo\HORSE_ZOO_1_4\15_20210117 (12584).JPG;1
\cervidae\ciervo_PNC_2014_ISAAC\c21523IM000084.JPG;1
\jabali\WILDBOAR_ZOO_1_4\29_20201023 (685).JPG;1
\cervidae\CERVIDREDORFALLOWDEER_ZOO_5_6_7_9\28_20210615 (349).JPG;1
\vacia\NOANIMAL_ZOO_5_6_7_9\24_20210615 (20703).JPG;0
\cervidae\ciervo_Javi_3_JC\15_20201024 (2605).JPG;1
\vacia\empty_IslandConservationCameraTraps\micronesia_cam04_cam04june2019_20190619182003_rcnx3442.jpg;0
\vacia\vacia_alumno_1_AM\6_20201023 (510).JPG;0
\vacia\empty_IslandConservationCameraTraps\micronesia_cam18april2019_20190415_170751_rcnx0425.jpg;0
\humanovehiculo\humanovehiculo_Caltech\596a4f3c-23d2-11e8-a6a3-ec086b02610b.jpg;1
\vacia\SnampshotEnonkishu\ENO_S1_D06_R1_IMAG2749.JPG;0
\vacia\NOANIMAL_ZOO_1_4\34_20210115 (8726).JPG;0
\jabali\jabali_Saul Martin_FRAMES_SIN_REPETIDOS_REVISADOS_DIEGO\IMAG0017_frame420.jpg;1
\zorro\REDFOX_ZOO_5_6_7_9\24_20210219 (3316) (2021_04_15 06_16_22 UTC).JPG;1
\humanovehiculo\humanovehiculo_PNC_2014_manuel\c4975IM000236.JPG;1
\vacia\empty_SnapshotMountainZebra\MTZ_S1_D04_R1_IMAG3832.JPG;0
\vacia\Nothing_mammalWeb\46338.jpg;0
\vacia\NOANIMAL_ZOO_5_6_7_9\32_20210615 (1690).JPG;0
\vacia\empty_SnapshotMountainZebra\MTZ_S1_D06_R1_IMAG2325.JPG;0
\humanovehiculo\humanovehiculo_leo_donana\0013991.JPG;1
\vacia\empty_SnapshotMountainZebra\MTZ_S1_G04_R3_IMAG3051.JPG;0
\caballo\HORSE_ZOO_1_4\2_20201117 (3558).JPG;1
\humanovehiculo\humanovehiculo_PNC_2013-O_RED_ISAAC\b15570IM000001.JPG;1
\vacia\NOANIMAL_ZOO_1_4\7_20210115 (2434).JPG;0
\vacia\NOANIMAL_ZOO_5_6_7_9\50_20210417 (22543).JPG;0
\vacia\vacia_Paco_Carro_JC\IMG_1181.JPG;0
\vacia\empty_caltechCameraTraps\5a2c84f9-23d2-11e8-a6a3-ec086b02610b.jpg;0
\vacia\NOANIMAL_ZOO_1_4\6_20201812 (14130).JPG;0
\leporido\rabbit_IslandConservationCameraTraps\chile_frances012013_1301201355228.jpg;1
\vacia\NOANIMAL_ZOO_1_4\6_20201812 (10787).JPG;0
\vacia\NOANIMAL_ZOO_5_6_7_9\24_20210318 (5154).JPG;0
\cervidae\CERVIDREDORFALLOWDEER_ZOO_1_4\21_20201025 (1369).JPG;1
\cervidae\2_Ciervos_PNC2012_JC\a32713IM000819.JPG;1
\vacia\NOANIMAL_ZOO_5_6_7_9\50_20210408 (23506).JPG;0
\lince\Lince_b_Linces2_Leo_JC\lince182 (19).JPG;1
\vacia\empty_IslandConservationCameraTraps\dominicanrepublic_cam1725abril2015_20150414_090020_img_0531.jpg;0
\vacia\empty_caltechCameraTraps\595def33-23d2-11e8-a6a3-ec086b02610b.jpg;0
\humanovehiculo\humanovehiculo_vacías_humanos_PNC_2012_ME\a579IM000001.JPG;1
\vacia\empty_SnapshotMountainZebra\MTZ_S1_E06_R3_IMAG1093.JPG;0
\cervidae\CERVIDREDORFALLOWDEER_ZOO_1_4\2_20201117 (3811).JPG;1
\leporido\rabbit_CaltechCameraTrap_ME\58fa6036-23d2-11e8-a6a3-ec086b02610b.jpg;1
\ave\shearwater_IslandConservationCameraTraps\chile_vaqueria2013_1201201345212.jpg;1
\cervidae\CERVIDREDORFALLOWDEER_ZOO_1_4\15_20210117 (15534).JPG;1
\cervidae\Ciervo_PNC_2013-O_ME\b18879IMAG0224.JPG;1
\vacia\empty_caltechCameraTraps\59519128-23d2-11e8-a6a3-ec086b02610b.jpg;0
\vacia\empty_IslandConservationCameraTraps\dominicanrepublic_cam0425abril2015_20130809_033059_sunp1582.jpg;0
\caballo\HORSE_ZOO_5_6_7_9\15_20210219 (9721) (2021_04_15 06_16_22 UTC).JPG;1
\vacia\NOANIMAL_ZOO_1_4\24_20201019 (4743).JPG;0
\vacia\empty_SnapshotMountainZebra\MTZ_S1_E06_R1_IMAG0638.JPG;0
\vacia\empty_IslandConservationCameraTraps\dominicanrepublic_cam1725abril2015_20150410_100641_img_0294.jpg;0
\vacia\NOANIMAL_ZOO_1_4\34_20210115 (3872).JPG;0
\humanovehiculo\humanovehiculo_PNC_2014_manuel\c15027IMAG0496.JPG;1
\cervidae\ciervo_PNM_2012_ISAAC\d10716IM000504.JPG;1
\lince\Lince_a_Linces2_Leo_JC\lince127 (99).JPG;1
\vacia\NOANIMAL_ZOO_1_4\6_20201116 (2931).JPG;0
\ave\ave_alumno_1_TH\Ave (12)_frame020.jpg;1
\gato_domestico\cat_IslandConservationCameraTraps\palau_cam02a12132018_20180911_095102_rcnx0437.jpg;1
\zorro\zorro_vacías_humanos_PNC_2012_ME\a33348IMAG0021.JPG;1
\vacia\vacias_2_de_2_PNC_2012_ISAAC\a5444IM000243.JPG;0
\vacia\empty_SnapshotKgalagai\KGA_S1_B09_R1_IMAG0282.JPG;0
\vacia\vacias_2_de_2_PNC_2012_ISAAC\a2461IM000103.JPG;0
\ave\brown_noddy_IslandConservationCameraTraps\palau_cam04a12132018_20180918_065139_rcnx1294.jpg;1
\zorro\zorro_PNM_2013-O_ISAAC\f12806IM000211.JPG;1
\vacia\NOANIMAL_ZOO_5_6_7_9\38_20210417 (746).JPG;0
\vacia\empty_caltechCameraTraps\5a27d808-23d2-11e8-a6a3-ec086b02610b.jpg;0
\cervidae\deer_CaltechCameraTrap\59f9474f-23d2-11e8-a6a3-ec086b02610b.jpg;1
\zorro\fox_CaltechCameraTrap_ME\59bac785-23d2-11e8-a6a3-ec086b02610b.jpg;1
\lince\linces_fecha_Linces2_Leo_JC\2_Lince_flecha_Linces2_Leo_JC\lince185 (96).JPG;1
\vaca\cow_CaltechCameraTrap\587829d0-23d2-11e8-a6a3-ec086b02610b.jpg;1
\vacia\NOANIMAL_ZOO_5_6_7_9\32_20210615 (138).JPG;0
\vacia\NOANIMAL_ZOO_5_6_7_9\50_20210417 (22415).JPG;0
\cervidae\CERVIDREDORFALLOWDEER_ZOO_5_6_7_9\12_20210219 (252) (2021_04_15 06_16_22 UTC).JPG;1
\zorro\zorro_PNM_2012_ISAAC\d11717IM000201.JPG;1
\jabali\WILDBOAR_ZOO_5_6_7_9\48_20210418 (366).JPG;1
\vacia\empty_SnapshotMountainZebra\MTZ_S1_E06_R3_IMAG0734.JPG;0
\lince\linces_fecha_Linces2_Leo_JC\2_Lince_flecha_Linces2_Leo_JC\lince176 (136).JPG;1
\lince\Lince_b_Linces2_Leo_JC\lince202 (49).jpg;1
\caballo\HORSE_ZOO_1_4\9_20210114 (68).JPG;1
\cervidae\CERVIDREDORFALLOWDEER_ZOO_1_4\37_20201024 (11940).JPG;1
\jabali\WILDBOAR_ZOO_5_6_7_9\37_20210220 (693) (2021_04_15 06_16_22 UTC).JPG;1
\vaca\COW_ZOO_5_6_7_9\9_20210615 (179).JPG;1
\cervidae\CERVIDREDORFALLOWDEER_ZOO_5_6_7_9\3_20210218 (122) (2021_04_15 06_16_22 UTC).JPG;1
\vaca\COW_ZOO_5_6_7_9\21_20200113 (998) (2021_04_15 06_16_22 UTC).JPG;1
\humanovehiculo\car_CaltechCameraTrap_ME\vehiculo\59a30ccf-23d2-11e8-a6a3-ec086b02610b.jpg;1
\vacia\NOANIMAL_ZOO_5_6_7_9\50_20210408 (23575).JPG;0
\caballo\HORSE_ZOO_1_4\15_20210117 (13613).JPG;1
\jabali\jabali_PNC_2014_manuel\c10595IM000031.JPG;1
\ave\bird_CaltechCameraTrap\595c69c4-23d2-11e8-a6a3-ec086b02610b.jpg;1
\vacia\NOANIMAL_ZOO_5_6_7_9\25_20210417 (6342).JPG;0
\cervidae\2_corzo_alumno_1_TH\Cap cap 23_frame040.jpg;1
\vacia\NOANIMAL_ZOO_1_4\2_20210115 (8256).JPG;0
\meloncillo\Meloncillo_PEPE_IREC_JC\IMAG0222_(5).JPG;1
\cervidae\CERVIDREDORFALLOWDEER_ZOO_1_4\33_20201025 (12).JPG;1
\vacia\NOANIMAL_ZOO_1_4\42_20201218 (3).JPG;0
\jabali\WILDBOAR_ZOO_1_4\37_20201024 (883).JPG;1
\zorro\Zorro_PNC_2014_JC\c14231IMAG0322.JPG;1
\cervidae\ciervo_PNC_2013-O_RED_ISAAC\b7677IM000258.JPG;1
\zorro\zorro_PNC_2013-O_RED_ISAAC\b17244IM000071.JPG;1
\vaca\cow_CaltechCameraTrap\59484750-23d2-11e8-a6a3-ec086b02610b.jpg;1
\vacia\NOANIMAL_ZOO_1_4\34_20210115 (8376).JPG;0
\vacia\NOANIMAL_ZOO_5_6_7_9\2_20210417 (20128).JPG;0
\vacia\NOANIMAL_ZOO_1_4\2_20210115 (3170).JPG;0
\leporido\conejo_WellingtonCameraTraps_SS\230616150608016bs163.JPG;1
\caballo\HORSE_ZOO_1_4\17_20201611 (77).JPG;1
\cervidae\CERVIDREDORFALLOWDEER_ZOO_5_6_7_9\39_20210417 (516).JPG;1
\vacia\empty_IslandConservationCameraTraps\dominicanrepublic_cam0425abril2015_20130826_055620_sunp6232.jpg;0
\vacia\NOANIMAL_ZOO_5_6_7_9\24_20210318 (11340).JPG;0
\jabali\WILDBOAR_ZOO_1_4\28_20201019 (1891).JPG;1
\vacia\Nothing_mammalWeb\95856.jpg;0
\zorro\zorro_PNC_2013-O_RED_ISAAC\b632IMAG0115.JPG;1
\ave\short-eared_owl_IslandConservationCameraTraps\chile_piedra012013_1903201362438.jpg;1
\cervidae\corzo_alumno_1_TH\Capcap 6_frame020.jpg;1
\gineta\Gineta_ME\f5473IM000099.JPG;1
\gineta\GINETA_PNM_2013-I_ISAAC\e531IM000035.JPG;1
\vacia\NOANIMAL_ZOO_1_4\26_20201020 (15853).JPG;0
\vacia\NOANIMAL_ZOO_1_4\6_20201812 (14742).JPG;0
\vacia\empty_SnapshotMountainZebra\MTZ_S1_D05_R1_IMAG2560.JPG;0
\vacia\NOANIMAL_ZOO_5_6_7_9\37_20210319 (589).JPG;0
\vacia\empty_IslandConservationCameraTraps\dominicanrepublic_cam1826julio2015_20150625_085305_img_0138.jpg;0
\vacia\empty_IslandConservationCameraTraps\dominicanrepublic_cam1826julio2015_20150723_095922_img_2839.jpg;0
\vacia\NOANIMAL_ZOO_1_4\6_20201812 (15200).JPG;0
\cervidae\ciervo_vacías_humanos_PNC_2012_ME\a28074IM000073.JPG;1
\ave\shearwater_IslandConservationCameraTraps\chile_piedra012013_02012013215248.jpg;1
\lince\Lince_b_Linces2_Leo_JC\lince202 (48).jpg;1
\vacia\empty_SnapshotMountainZebra\MTZ_S1_D05_R1_IMAG1943.JPG;0
\vacia\NOANIMAL_ZOO_1_4\28_20201218 (15073).JPG;0
\ave\bird_CaltechCameraTrap\59d41ab0-23d2-11e8-a6a3-ec086b02610b.jpg;1
\cervidae\CERVIDREDORFALLOWDEER_ZOO_1_4\21_20201025 (1946).JPG;1
\cervidae\ciervo_Javi_3_JC\7_20201025 (307).JPG;1
\gato_domestico\gato_WellingtonCameraTraps_SS\100816162808031bl232.JPG;1
\vacia\Nothing_mammalWeb\8901.jpg;0
\jabali\Jabali_PNM_2013-0_ME\f28397IMAG0962.JPG;1
\ave\ave_ave_WellingtonCameraTraps_SS\041116185822003a7261.JPG;1
\lince\Lince_a_Linces2_Leo_JC\Lince59 (48).JPG;1
\cervidae\CERVIDREDORFALLOWDEER_ZOO_5_6_7_9\49_20210408 (190).JPG;1
\vacia\vacias_PNM_2013-O_ISAAC\f7474IMAG0326.JPG;0
\leporido\conejo_leo_donana\0000658.JPG;1
\cervidae\ciervo_PNC_2013-O_RED_ISAAC\b10926IMAG0490.JPG;1
\jabali\WILDBOAR_ZOO_1_4\31_20201117 (33).JPG;1
\micromamiferos\rat_IslandConservationCameraTraps\micronesia_cam08_cam08june2019_20190629171129_rcnx0040.jpg;1
\leporido\rabbit_CaltechCameraTrap_ME\58cfc9a9-23d2-11e8-a6a3-ec086b02610b.jpg;1
\cervidae\CERVIDREDORFALLOWDEER_ZOO_1_4\35_20210114 (785).JPG;1
\zorro\REDFOX_ZOO_5_6_7_9\11_20210615 (1092).JPG;1
\cervidae\ciervo_PNC_2014_ISAAC\c29085IM000055.JPG;1
\micromamiferos\rat_IslandConservationCameraTraps\micronesia_cam03april2019_20190411_224054_rcnx0381.jpg;1
\leporido\rabbit_CaltechCameraTrap_ME\596108b4-23d2-11e8-a6a3-ec086b02610b.jpg;1
\zorro\zorro_PNM_2013-I_ME\e2721IM000064.JPG;1
\vacia\empty_IslandConservationCameraTraps\micronesia_cam04_cam04june2019_20190627065503_rcnx1130.jpg;0
\zorro\REDFOX_ZOO_5_6_7_9\32_20210417 (2310).JPG;1
\cervidae\CERVIDREDORFALLOWDEER_ZOO_5_6_7_9\38_20210219 (1048) (2021_04_15 06_16_22 UTC).JPG;1
\vacia\NOANIMAL_ZOO_5_6_7_9\46_20210418 (212).JPG;0
\mapache\raccoon_CaltechCameraTrap_ME\58b9d5af-23d2-11e8-a6a3-ec086b02610b.jpg;1
\vacia\NOANIMAL_ZOO_1_4\7_20210115 (2844).JPG;0
\zorro\REDFOX_ZOO_5_6_7_9\2_20210219 (2255) (2021_04_15 06_16_22 UTC).JPG;1
\vacia\empty_IslandConservationCameraTraps\dominicanrepublic_cam0425abril2015_20130808_042331_sunp1082.jpg;0
\lince\linces_fecha_Linces2_Leo_JC\2_Lince_flecha_Linces2_Leo_JC\lince167 (51).JPG;1
\vacia\NOANIMAL_ZOO_5_6_7_9\37_20210220 (712) (2021_04_15 06_16_22 UTC).JPG;0
\lince\linces_fecha_Linces2_Leo_JC\2_Lince_flecha_Linces2_Leo_JC\lince94 (411).JPG;1
\humanovehiculo\car_CaltechCameraTrap_ME\vehiculo\59f2c545-23d2-11e8-a6a3-ec086b02610b.jpg;1
\cervidae\ciervo_PNC_2013-O_RED_ISAAC\b6737FILE0038.JPG;1
\cervidae\ciervo_PNC_2013-O_RED_ISAAC\b11823IMAG0258.JPG;1
\ave\OTHERSPECIES_ZOO_5_6_7_9\10_20210219 (15572) (2021_04_15 06_16_22 UTC).JPG;1
\vacia\vacias_PNC_2014_manuel\c23771IMAG0095.JPG;0
\vacia\NOANIMAL_ZOO_1_4\37_20201215 (1938).JPG;0
\vacia\empty_SnapshotMountainZebra\MTZ_S1_D05_R1_IMAG0178.JPG;0
\cervidae\CERVIDREDORFALLOWDEER_ZOO_1_4\9_20210114 (1212).JPG;1
\ave\Blackbird_mammalWeb\27290.jpg;1
\cervidae\deer_CaltechCameraTrap\59894490-23d2-11e8-a6a3-ec086b02610b.jpg;1
\humanovehiculo\humanovehiculo_PNM_2013-I_ME\e3758IM000006.JPG;1
\humanovehiculo\car_CaltechCameraTrap_ME\vehiculo\5998cc84-23d2-11e8-a6a3-ec086b02610b.jpg;1
\gato_domestico\gato_WellingtonCameraTraps_SS\2004151741380830L303.JPG;1
\vacia\Vacia_Paco_Carro_camarasliron_4_2_PASADAS_POR_LA_RED_JC\MDGC0074.JPG;0
\cervidae\ciervo_PNC_2013-O_RED_ISAAC\b6567IM000046.JPG;1
\caballo\caballos_javier_JC\2_20201117 (4041).JPG;1
\leporido\rabbit_IslandConservationCameraTraps\chile_frances012013_30122012161559.jpg;1
\ave\ave_ave_WellingtonCameraTraps_SS\040116082352012as124.JPG;1
\vacia\empty_IslandConservationCameraTraps\ecuador2_ic1621a_20181107_130305_img_0213.jpg;0
\vacia\empty_IslandConservationCameraTraps\dominicanrepublic_cam0425abril2015_20130827_043945_sunp6482.jpg;0
\meloncillo\Meloncillo_PEPE_IREC_JC\IMAG0604.JPG;1
\cervidae\Ciervo_PNC_2013-O_ME\b17487IM000031.JPG;1
\vacia\NOANIMAL_ZOO_5_6_7_9\24_20210318 (15989).JPG;0
\cervidae\ciervo_Javi_3_JC\21_20201025 (5176).JPG;1
\cervidae\ciervo_PNC_2014_ISAAC\c28091IM000091.JPG;1
\cervidae\2_ciervo_alumno_2_TH\34_20201024 (2350).JPG;1
\vacia\NOANIMAL_ZOO_5_6_7_9\2_20210417 (23990).JPG;0
\micromamiferos\rat_IslandConservationCameraTraps\micronesia_cam03april2019_20190412_005913_rcnx0504.jpg;1
\leporido\conejo_Paco_Carro_JC\PICT0562.JPG;1
\cervidae\ciervo_PNC_2013-I_RED_ME\1629IM000185.JPG;1
\leporido\rabbit_CaltechCameraTrap_ME\59a94b3a-23d2-11e8-a6a3-ec086b02610b.jpg;1
\cervidae\ciervo_PNM_2012_ME\d8009IMAG0040.JPG;1
\lince\Lince_a_Linces2_Leo_JC\lince50 (62).JPG;1
\vacia\empty_SnapshotMountainZebra\MTZ_S1_D06_R1_IMAG1457.JPG;0
\jabali\WILDBOAR_ZOO_5_6_7_9\11_20210218 (826) (2021_04_15 06_16_22 UTC).JPG;1
\ave\2_ave_ave_WellingtonCameraTraps_SS\080516082308040bs342.JPG;1
\caballo\HORSE_ZOO_1_4\38_20210117 (930).JPG;1
\humanovehiculo\car_CaltechCameraTrap_ME\vehiculo\598f78de-23d2-11e8-a6a3-ec086b02610b.jpg;1
\vacia\NOANIMAL_ZOO_1_4\15_20201117 (2501).JPG;0
\lince\Lince_b_Linces2_Leo_JC\lince207 (6).JPG;1
\ave\ave_ave_WellingtonCameraTraps_SS\220616140114046cs463.JPG;1
\vacia\NOANIMAL_ZOO_1_4\13_20201219 (396).JPG;0
\cervidae\gamo_Javi_3_JC\9_20201025 (88).JPG;1
\vacia\NOANIMAL_ZOO_1_4\6_20201812 (8182).JPG;0
\jabali\WILDBOAR_ZOO_5_6_7_9\11_20210218 (95) (2021_04_15 06_16_22 UTC).JPG;1
\tejon\Tejon_PEPE_IREC_JC\IMAG0186_(4).JPG;1
\cervidae\corzo_alumno_2_AM_JC\DSCF0013_frame290.jpg;1
\zorro\zorro_vacías_humanos_PNC_2012_ME\a17761IM000037.JPG;1
\vacia\NOANIMAL_ZOO_1_4\4_20201220 (8100).JPG;0
\vacia\vacia_alumno_2_AM_JC\DSCF0033_frame120.jpg;0
\vacia\NOANIMAL_ZOO_5_6_7_9\15_20210219 (77) (2021_04_15 06_16_22 UTC).JPG;0
\cervidae\deer_CaltechCameraTrap\5a2af584-23d2-11e8-a6a3-ec086b02610b.jpg;1
\vacia\vacia_Paco_Carro_JC\IMG_1218.JPG;0
\caballo\HORSE_ZOO_5_6_7_9\2_20210219 (516) (2021_04_15 06_16_22 UTC).JPG;1
\ave\shearwater_IslandConservationCameraTraps\chile_piedra012013_0401201303921.jpg;1
\ave\rooster_IslandConservationCameraTraps\palau_cam09a12132018_20181013_081834_rcnx0608.jpg;1
\gato_domestico\cat_IslandConservationCameraTraps\puertorico_25_20150108_042820_img_0303.jpg;1
\leporido\rabbit_CaltechCameraTrap_ME\58d2ead0-23d2-11e8-a6a3-ec086b02610b.jpg;1
\leporido\rabbit_IslandConservationCameraTraps\chile_frances022013_16052013103542.jpg;1
\jabali\WILDBOAR_ZOO_1_4\15_20210117 (7850).JPG;1
\lince\Lince_a_Linces2_Leo_JC\lince120 (112).JPG;1
\cervidae\ciervo_Javi_3_JC\25_20201024 (685).JPG;1
\vacia\empty_caltechCameraTraps\5954a8af-23d2-11e8-a6a3-ec086b02610b.jpg;0
\vacia\NOANIMAL_ZOO_5_6_7_9\5_20210417 (1275).JPG;0
\vacia\empty_SnapshotMountainZebra\MTZ_S1_D05_R1_IMAG0728.JPG;0
\gato_domestico\cat_IslandConservationCameraTraps\palau_cam04a12132018_20180824_215107_rcnx0553.jpg;1
\cervidae\ciervo_PNC_2013-I_ME\8985IM000081.JPG;1
\vacia\NOANIMAL_ZOO_1_4\43_20201217 (1848).JPG;0
\lince\Lince_a_Linces2_Leo_JC\lince112 (24).JPG;1
\vacia\NOANIMAL_ZOO_5_6_7_9\25_20210417 (3346).JPG;0
\cervidae\Ciervo_PNC_2014_JC\c10135IM000020.JPG;1
\vacia\vacia_Paco_Carro_JC\IMG_1824.JPG;0
\leporido\Rabbit_mammalWeb\33812.jpg;1
\vacia\SnampshotEnonkishu\ENO_S1_D06_R1_IMAG4851.JPG;0
\meloncillo\Meloncillo_PEPE_IREC_JC\IMAG0229_(3).JPG;1
\vacia\vacias_PNM_2013-O_ISAAC\f1590IM000162.JPG;0
\vacia\vacia_alumno_1_AM_2\27_20201023 (2679).JPG;0
\tejon\tejon_alumno_2_AM_JC\STC_0137_frame050.jpg;1
\zorro\Zorro_PNC_2013-O_ME\b7018FILE0160.JPG;1
\vacia\vacia_alumno_1_AM\26_20201020 (13502).JPG;0
\vaca\COW_ZOO_5_6_7_9\21_20210418 (3396).JPG;1
\vaca\COW_ZOO_1_4\24_20201019 (1359).JPG;1
\ave\Chicken_ena24\5900.jpg;1
\caballo\HORSE_ZOO_5_6_7_9\46_20210618 (1372).JPG;1
\lince\Lince_b_Linces2_Leo_JC\lince187 (3).JPG;1
\caballo\HORSE_ZOO_5_6_7_9\44_20210618 (322).JPG;1
\ave\ave_Soraya_Padilla_Alumno_1_TH\DSCF0017_frame050.jpg;1
\vacia\SnampshotEnonkishu\ENO_S1_D06_R1_IMAG2427.JPG;0
\caballo\HORSE_ZOO_5_6_7_9\17_20210615 (1608).JPG;1
\cervidae\ciervo_PNM_2012_ME\d7591IM000113.JPG;1
\leporido\rabbit_IslandConservationCameraTraps\chile_frances012013_21122012160333.jpg;1
\cervidae\2_ciervo_Javi_3_JC\29_20201023 (47).JPG;1
\vacia\empty_IslandConservationCameraTraps\dominicanrepublic_cam0425abril2015_20130809_043548_sunp1659.jpg;0
\zorro\zorro_PNC_2012_JC\a3613IM000045.JPG;1
\cervidae\ciervo_Javi_3_JC\6_20201023 (1135).JPG;1
\vaca\cow_CaltechCameraTrap\58693433-23d2-11e8-a6a3-ec086b02610b.jpg;1
\cervidae\ciervo_PNM_2013-O_ISAAC\f5143IM000060.JPG;1
\leporido\LEPORIDRABBITORHARE_ZOO_1_4\21_20201025 (25).JPG;1
\lince\Lince_b_Linces2_Leo_JC\lince216 (137).jpg;1
\leporido\conejo_Paco_Carro_JC\PICT0873.JPG;1
\vacia\NOANIMAL_ZOO_1_4\7_20210115 (4222).JPG;0
\ave\bird_IslandConservationCameraTraps\chile_filipianalamatris2013_2109201385457.jpg;1
\vacia\vacia_alumno_1_AM\12_20201025 (54).JPG;0
\humanovehiculo\humanovehiculo_PNM_2013-I_ME\e1320IMAG0017.JPG;1
\cervidae\CERVIDREDORFALLOWDEER_ZOO_5_6_7_9\38_20210417 (478).JPG;1
\ave\ave_ave_WellingtonCameraTraps_SS\031016170422046a1163.JPG;1
\cervidae\ciervo_Javi_3_JC\6_20201023 (1137).JPG;1
\vacia\NOANIMAL_ZOO_5_6_7_9\11_20210615 (6136).JPG;0
\cervidae\deer_CaltechCameraTrap\59531c9c-23d2-11e8-a6a3-ec086b02610b.jpg;1
\vacia\empty_IslandConservationCameraTraps\dominicanrepublic_cam1825abril2015_20150409_111107_img_0072.jpg;0
\cervidae\CERVIDREDORFALLOWDEER_ZOO_1_4\21_20201025 (5072).JPG;1
\cervidae\CERVIDREDORFALLOWDEER_ZOO_1_4\37_20210115 (1512).JPG;1
\cervidae\CERVIDREDORFALLOWDEER_ZOO_5_6_7_9\5_20210319 (2048).JPG;1
\vacia\vacia_javi_2_JC\27_20201023 (7297).JPG;0
\gato_domestico\gato_WellingtonCameraTraps_SS\261215181302046c6371.JPG;1
\zorro\zorro_PNM_2013-O_ISAAC\f4962IM000067.JPG;1
\vacia\NOANIMAL_ZOO_5_6_7_9\50_20210417 (23686).JPG;0
\leporido\rabbit_IslandConservationCameraTraps\chile_frances022013_17042013174429.jpg;1
\leporido\rabbit_CaltechCameraTrap_ME\5a163f17-23d2-11e8-a6a3-ec086b02610b.jpg;1
\cervidae\CERVIDREDORFALLOWDEER_ZOO_1_4\25_20201024 (609).JPG;1
\cervidae\corzo_alumno_2_AM_JC\STC_0439_frame270.jpg;1
\lince\linces_fecha_Linces2_Leo_JC\2_Lince_flecha_Linces2_Leo_JC\lince186 (13).JPG;1
\leporido\rabbit_CaltechCameraTrap_ME\5880962a-23d2-11e8-a6a3-ec086b02610b.jpg;1
\humanovehiculo\car_CaltechCameraTrap_ME\vehiculo\593ef698-23d2-11e8-a6a3-ec086b02610b.jpg;1
\vacia\NOANIMAL_ZOO_5_6_7_9\49_20210418 (259).JPG;0
\tejon\Tejon_PEPE_IREC_JC\IMAG0078_(2).JPG;1
\vacia\empty_SnapshotMountainZebra\MTZ_S1_D06_R1_IMAG0788.JPG;0
\vacia\vacia_Paco_Carro_JC\01070255.JPG;0
\ave\OTHERSPECIES_ZOO_1_4\18_20200130 (953).JPG;1
\jabali\jabali_Paco_Carro_JC\MDGC0133.JPG;1
\cervidae\ciervo_PNC_2014_ISAAC\c29303IM000082.JPG;1
\caballo\caballos_simone\4_20201220 (2484).JPG;1
\micromamiferos\rat_IslandConservationCameraTraps\palau_cam1a12122018_20181106_191506_rcnx0961.jpg;1
\vacia\vacias_2_de_2_PNC_2012_ISAAC\a4184IM000028.JPG;0
\lince\Lince_a_Linces2_Leo_JC\lince103 (398).JPG;1
\cervidae\CERVIDREDORFALLOWDEER_ZOO_1_4\21_20201025 (3136).JPG;1
\micromamiferos\rat_IslandConservationCameraTraps\micronesia_cam06_cam06june2019_pig_20190629192101_11306.jpg;1
\vacia\empty_SnapshotKgalagai\KGA_S1_A11_R1_IMAG0242.JPG;0
\jabali\WILDBOAR_ZOO_1_4\5_20210115 (1499).JPG;1
\ave\OTHERSPECIES_ZOO_1_4\15_20210117 (17033).JPG;1
\vacia\empty_SnapshotMountainZebra\MTZ_S1_G04_R3_IMAG3224.JPG;0
\vacia\NOANIMAL_ZOO_1_4\41_20201025 (68).JPG;0
\cervidae\deer_CaltechCameraTrap\5a015ce6-23d2-11e8-a6a3-ec086b02610b.jpg;1
\humanovehiculo\humano_vehiculo_PNM_2013-O_ISAAC\f11718IM000004.JPG;1
\vacia\NOANIMAL_ZOO_1_4\5_20210115 (1575).JPG;0
\tejon\Tejon_ME_rev_2_donana\42_20201026 (181).JPG;1
\zorro\Zorro_PNC_2014_JC\c20004IM000009.JPG;1
\ave\rooster_IslandConservationCameraTraps\palau_cam13a12132018_20181103_164815_rcnx1258.jpg;1
\caballo\HORSE_ZOO_1_4\15_20210117 (14835).JPG;1
\vacia\NOANIMAL_ZOO_5_6_7_9\20_20210319 (9269).JPG;0
\vacia\vacia_alumno_TH_3_TH_JC\17_20201026 (299).JPG;0
\vacia\empty_caltechCameraTraps\5a096c40-23d2-11e8-a6a3-ec086b02610b.jpg;0
\vacia\NOANIMAL_ZOO_5_6_7_9\2_20210417 (18135).JPG;0
\vacia\NOANIMAL_ZOO_5_6_7_9\25_20210417 (2308).JPG;0
\jabali\WILDBOAR_ZOO_5_6_7_9\48_20210418 (78).JPG;1
\ave\ave_Soraya_Padilla_Alumno_1_TH\DSCF0004_frame240.jpg;1
\jabali\WILDBOAR_ZOO_1_4\32_20201022 (742).JPG;1
\cervidae\2_ciervo_Javi_3_JC\25_20201024 (920).JPG;1
\vaca\COW_ZOO_5_6_7_9\9_20210615 (1802).JPG;1
\cervidae\CERVIDREDORFALLOWDEER_ZOO_5_6_7_9\15_20210219 (361) (2021_04_15 06_16_22 UTC).JPG;1
\tejon\Tejon_PEPE_IREC_JC\IMAG1987_(2).JPG;1
\cervidae\CERVIDREDORFALLOWDEER_ZOO_5_6_7_9\21_20210615 (238).JPG;1
\vacia\NOANIMAL_ZOO_1_4\34_20210115 (3666).JPG;0
\humanovehiculo\car_CaltechCameraTrap_ME\vehiculo\58d15ee9-23d2-11e8-a6a3-ec086b02610b.jpg;1
\vacia\vacias_PNC_2014_ISAAC\c9151IM000011.JPG;0
\vacia\NOANIMAL_ZOO_5_6_7_9\25_20210417 (11919).JPG;0
\vacia\NOANIMAL_ZOO_1_4\15_20201117 (5336).JPG;0
\vaca\COW_ZOO_5_6_7_9\9_20210615 (1972).JPG;1
\vacia\Nothing_mammalWeb\42784.jpg;0
\vacia\vacias_2_de_2_PNC_2012_ISAAC\a18239IM000212.JPG;0
\jabali\WILDBOAR_ZOO_1_4\7_20201118 (1265).JPG;1
\cervidae\ciervo_Paco_Carro_JC\PICT0269.JPG;1
\leporido\rabbit_IslandConservationCameraTraps\chile_frances012013_21122012173437.jpg;1
\vacia\NOANIMAL_ZOO_1_4\7_20210115 (3654).JPG;0
\vacia\empty_SnapshotMountainZebra\MTZ_S1_E06_R3_IMAG0679.JPG;0
\vacia\NOANIMAL_ZOO_5_6_7_9\2_20210417 (6225).JPG;0
\cervidae\2_cervidae_alumno_1_AM_2\6_20201023 (1215).JPG;1
\vacia\NOANIMAL_ZOO_5_6_7_9\15_20210219 (6238) (2021_04_15 06_16_22 UTC).JPG;0
\leporido\conejo_Paco_Carro_JC\PICT0861.JPG;1
\ave\Chicken_ena24\6234.jpg;1
\mapache\raccoon_CaltechCameraTrap_ME\59563533-23d2-11e8-a6a3-ec086b02610b.jpg;1
\vacia\vacia_alumno_2_AM_JC\STC_0058_frame160.jpg;0
\gato_domestico\gato_WellingtonCameraTraps_SS\280416021340031bs162.JPG;1
\cervidae\CERVIDREDORFALLOWDEER_ZOO_5_6_7_9\28_20210219 (1203) (2021_04_15 06_16_22 UTC).JPG;1
\garduna\garduna_PNC_2013-O_RED_ISAAC\b8673IMAG0054.JPG;1
\humanovehiculo\humano_vehiculo_PNC_2013-I_ISAAC\2207IM000039.JPG;1
\meloncillo\EGYPTIANMONGOOSE_ZOO_1_4\32_20201117 (260).JPG;1
\vacia\empty_IslandConservationCameraTraps\dominicanrepublic_cam1125abril2015_20150410_132308_img_0752.jpg;0
\ave\ave_PNC_2013-O_RED_ISAAC\b4336IMAG0204.JPG;1
\vacia\NOANIMAL_ZOO_1_4\6_20201812 (8546).JPG;0
\vacia\empty_caltechCameraTraps\595f7bed-23d2-11e8-a6a3-ec086b02610b.jpg;0
\zorro\Zorro_PNC_2013-O_ME\b16219IM000471.JPG;1
\ave\bird_CaltechCameraTrap\595f7b17-23d2-11e8-a6a3-ec086b02610b.jpg;1
\mapache\raccoon_CaltechCameraTrap_ME\5a17de80-23d2-11e8-a6a3-ec086b02610b.jpg;1
\vacia\empty_SnapshotMountainZebra\MTZ_S1_D07_R1_IMAG1853.JPG;0
\vacia\Nothing_mammalWeb\36142.jpg;0
\leporido\rabbit_CaltechCameraTrap_ME\5874d6f4-23d2-11e8-a6a3-ec086b02610b.jpg;1
\leporido\Rabbit_mammalWeb\181968.jpg;1
\lince\Lince_a_Linces2_Leo_JC\lince123 (159).JPG;1
\leporido\rabbit_IslandConservationCameraTraps\chile_piedra012013_04052013134912.jpg;1
\cervidae\CERVIDREDORFALLOWDEER_ZOO_5_6_7_9\18_20210616 (832).JPG;1
\leporido\Rabbit_mammalWeb\6402.jpg;1
\vaca\COW_ZOO_5_6_7_9\2_20210319 (1118).JPG;1
\humanovehiculo\HUMANORVEHICLE_ZOO_1_4\36_20210115 (1335).JPG;1
\vacia\NOANIMAL_ZOO_1_4\37_20201116 (10905).JPG;0
\leporido\rabbit_IslandConservationCameraTraps\chile_piedra012013_2401201375141.jpg;1
\meloncillo\2_meloncillo_PNM_2013-O_ME\f10956IM000073.JPG;1
\caballo\HORSE_ZOO_5_6_7_9\46_20210618 (349).JPG;1
\caballo\HORSE_ZOO_1_4\4_20210117 (157).JPG;1
\humanovehiculo\humano_vehiculo_PNC_2012_ISAAC\a17542IM000057.JPG;1
\vacia\empty_SnapshotCamdeboo\CDB_S1_B07_R2_IMAG0437.JPG;0
\ave\Chicken_ena24\6294.jpg;1
\vacia\NOANIMAL_ZOO_1_4\37_20201024 (645).JPG;0
\vacia\vacia_Paco_Carro_JC\01070259.JPG;0
\cervidae\CERVIDREDORFALLOWDEER_ZOO_5_6_7_9\32_20210218 (978) (2021_04_15 06_16_22 UTC).JPG;1
\jabali\WILDBOAR_ZOO_1_4\37_20201215 (2442).JPG;1
\jabali\jabali_alumno_AM_2\24_20201019 (1188).JPG;1
\vacia\NOANIMAL_ZOO_1_4\6_20201812 (9804).JPG;0
\leporido\rabbit_CaltechCameraTrap_ME\58cfc9f1-23d2-11e8-a6a3-ec086b02610b.jpg;1
\vaca\Vaca1_diego_1_rev_donana\15_20201024 (3130).JPG;1
\zorro\Zorro_PNC_2014_JC\c16766IM000055.JPG;1
\jabali\WILDBOAR_ZOO_1_4\7_20201118 (1761).JPG;1
\humanovehiculo\humanovehiculo_PNC_2013-O_RED_ISAAC\b5281IM000002.JPG;1
\cervidae\CERVIDREDORFALLOWDEER_ZOO_1_4\26_20201117 (3056).JPG;1
\vacia\vacia_alumno_AM_2\24_20201019 (805).JPG;0
\jabali\WILDBOAR_ZOO_1_4\37_20201116 (832).JPG;1
\jabali\WILDBOAR_ZOO_1_4\37_20201116 (2299).JPG;1
\cervidae\CERVIDREDORFALLOWDEER_ZOO_1_4\2_20210115 (1890).JPG;1
\humanovehiculo\humanos_Paco_Carro_JC\IMG_0001 (2).JPG;1
\cervidae\ciervo_PNC_2014_ISAAC\c25355IM000079.JPG;1
\zorro\zorro_PNC_2013-I_RED_ME\821IM000249.JPG;1
\cervidae\ciervo_PNC_2013-O_RED_ISAAC\b16168IM000417.JPG;1
\jabali\WILDBOAR_ZOO_1_4\37_20201116 (2370).JPG;1
\caballo\caballos_javier_JC\2_20201117 (217).JPG;1
\cervidae\ciervo_vacías_humanos_PNC_2012_ME\a36955IM000068.JPG;1
\humanovehiculo\humano_vehiculo_PNC_2013-I_ISAAC\4367IMAG0339.JPG;1
\humanovehiculo\humano_vehiculo_PNM_2013-O_ISAAC\f11546IM000188.JPG;1
\vacia\NOANIMAL_ZOO_5_6_7_9\50_20210417 (22873).JPG;0
\zorro\zorro_PNC_2013-I_RED_ME\2389IM000027.JPG;1
\caballo\HORSE_ZOO_1_4\15_20210117 (13712).JPG;1
\vaca\COW_ZOO_5_6_7_9\21_20210318 (14086).JPG;1
\vacia\NOANIMAL_ZOO_1_4\6_20201812 (13570).JPG;0
\vacia\NOANIMAL_ZOO_5_6_7_9\50_20210417 (23323).JPG;0
\jabali\jabali_revGinetasJC_REV1_4_donana\37_20201116 (15958).JPG;1
\cervidae\ciervo_vacías_humanos_PNC_2012_ME\a30531IM000087.JPG;1
\jabali\WILDBOAR_ZOO_1_4\29_20201117 (124).JPG;1
\zorro\zorro_PNM_2012_ISAAC\d10630IM000028.JPG;1
\vacia\empty_IslandConservationCameraTraps\micronesia_cam16_cam16june2019_20190613112503_rcnx1614.jpg;0
\vacia\empty_IslandConservationCameraTraps\ecuador1_ic1611_20150101_000002_img_0292.jpg;0
\vacia\NOANIMAL_ZOO_1_4\13_20201219 (747).JPG;0
\gato_domestico\gatomontes_Leo_Otra_fauna_PASADA_POR_LA_RED_JC\Otrafauna (1916).JPG;1
\vacia\vacia_alumno_2_AM_JC\STC_0059_frame130.jpg;0
\gineta\GINETA_PNM_2012_ISAAC\d3358IM000050.JPG;1
\cervidae\corzo_alumno_2_AM_JC\STC_0067_frame040.jpg;1
\ave\megapode_IslandConservationCameraTraps\palau_cam04a12132018_20181024_170441_rcnx1921.jpg;1
\micromamiferos\Small rodent_mammalWeb\15980.jpg;1
\cervidae\CERVIDREDORFALLOWDEER_ZOO_1_4\2_20201117 (4829).JPG;1
\vacia\NOANIMAL_ZOO_5_6_7_9\1_20210618 (3874).JPG;0
\cervidae\ciervo_Javi_3_JC\34_20201024 (2417).JPG;1
\ave\Blackbird_mammalWeb\102759.jpg;1
\ave\bird_CaltechCameraTrap\58bd1c06-23d2-11e8-a6a3-ec086b02610b.jpg;1
\leporido\Rabbit_mammalWeb\127990.jpg;1
\micromamiferos\spiny_rat_MissouriCameraTrap\SEQ83560_IMG_0001.JPG;1
\cervidae\CERVIDREDORFALLOWDEER_ZOO_1_4\37_20201116 (11447).JPG;1
\vacia\vacias_1_de_2_PNC_2012_ISAAC\a39056IMAG0806.JPG;0
\leporido\Lagomorpha1__diego_1_rev_donana\21_20201025 (1391).JPG;1
\zorro\Zorro_PNC_2014_JC\c30637IM000047.JPG;1
\cervidae\CERVIDREDORFALLOWDEER_ZOO_1_4\38_20201019 (310).JPG;1
\lince\linces_fecha_Linces2_Leo_JC\2_Lince_flecha_Linces2_Leo_JC\lince103 (255).JPG;1
\vacia\empty_SnapshotMountainZebra\MTZ_S1_G04_R3_IMAG1411.JPG;0
\vaca\COW_ZOO_1_4\15_20201024 (3128).JPG;1
\cervidae\CERVIDREDORFALLOWDEER_ZOO_1_4\18_20200130 (1955).JPG;1
\cervidae\cervidae_buscar_cab_isaac_sin_contar\9_20201118 (224).JPG;1
\vacia\Nothing_mammalWeb\44159.jpg;0
\garduna\garduna_PNC_2013-I_ME\260IM000034.JPG;1
\vacia\empty_SnapshotMountainZebra\MTZ_S1_C06_R3_IMAG0072.JPG;0
\vacia\empty_SnapshotMountainZebra\MTZ_S1_D07_R1_IMAG0251.JPG;0
\cervidae\CERVIDREDORFALLOWDEER_ZOO_1_4\36_20201019 (2673).JPG;1
\vacia\NOANIMAL_ZOO_5_6_7_9\25_20210417 (5269).JPG;0
\vacia\empty_IslandConservationCameraTraps\dominicanrepublic_cam1226junio2015_20150607_114411_img_0543.jpg;0
\humanovehiculo\humano_vehiculo_PNC_2012_ISAAC\a14367IM000295.JPG;1
\vacia\NOANIMAL_ZOO_5_6_7_9\32_20210615 (7978).JPG;0
\meloncillo\Meloncillo_PEPE_IREC_JC\IMAG0107.JPG;1
\cervidae\CERVIDREDORFALLOWDEER_ZOO_1_4\36_20201117 (510).JPG;1
\vacia\NOANIMAL_ZOO_5_6_7_9\50_20210408 (20535).JPG;0
\vacia\vacias_PNM_2013-O_ISAAC\f2280IMAG0051.JPG;0
\humanovehiculo\humanovehiculo_PNC_2014_manuel\c14271IMAG0365.JPG;1
\vacia\empty_SnapshotMountainZebra\MTZ_S1_D06_R1_IMAG2782.JPG;0
\vacia\NOANIMAL_ZOO_5_6_7_9\48_20210615 (135).JPG;0
\ave\Perdiz_PNC_2014_JC\c8880IM000179.JPG;1
\vacia\empty_SnapshotCamdeboo\CDB_S1_C06_R1_IMAG0397.JPG;0
\caballo\HORSE_ZOO_1_4\10_20210115 (4764).JPG;1
\vacia\vacia_alumno_1_AM\26_20201020 (3290).JPG;0
\meloncillo\Meloncillo_PEPE_IREC_JC\IMAG0133_(2).JPG;1
\vacia\NOANIMAL_ZOO_1_4\34_20210115 (1413).JPG;0
\zorro\REDFOX_ZOO_1_4\11_20210114 (459).JPG;1
\ave\9_Ave_Leo_Otra_fauna_PASADA_POR_LA_RED_JC\Otrafauna (397).JPG;1
\vacia\NOANIMAL_ZOO_5_6_7_9\49_20210615 (2219).JPG;0
\leporido\Lagomorpha2__diego_1_rev_donana\6_20201023 (2581).JPG;1
\humanovehiculo\humanovehiculo_PNC_2013-O_RED_ISAAC\b8567IMAG0009.JPG;1
\leporido\rabbit_CaltechCameraTrap_ME\587eedbf-23d2-11e8-a6a3-ec086b02610b.jpg;1
\cervidae\ciervo_PNC_2013-O_RED_ISAAC\b6856FILE0007.JPG;1
\humanovehiculo\humanovehiculo_vacías_humanos_PNC_2012_ME\a17711IM000223.JPG;1
\ave\ave_ave_WellingtonCameraTraps_SS\060116133014046a6242.JPG;1
\vacia\NOANIMAL_ZOO_5_6_7_9\32_20210615 (8824).JPG;0
\cervidae\ciervo_PNC_2014_ISAAC\c24857IMAG0094.JPG;1
\cervidae\CERVIDREDORFALLOWDEER_ZOO_1_4\1_20201220 (538).JPG;1
\vaca\COW_ZOO_5_6_7_9\21_20210418 (489).JPG;1
\lince\linces_fecha_Linces2_Leo_JC\2_Lince_flecha_Linces2_Leo_JC\lince173 (4).JPG;1
\cervidae\Ciervo_PNC_2012_JC\a14725IM000641.JPG;1
\cervidae\ciervo_simone_2\37_20201024 (10453).JPG;1
\vacia\Vacia_Paco_Carro_camarasliron_4_2_PASADAS_POR_LA_RED_JC\MDGC0589.JPG;0
\gato_domestico\gato_WellingtonCameraTraps_SS\23091514291401940152.JPG;1
\tejon\Badger_mammalWeb\30190.jpg;1
\vacia\vacias_1_de_2_PNC_2012_ISAAC\a41804IM001079.JPG;0
\vaca\COW_ZOO_5_6_7_9\9_20210615 (2710).JPG;1
\cervidae\corzo_alumno_2_AM_JC\STC_0439_frame280.jpg;1
\ave\American Crow_ena24\8013.jpg;1
\leporido\rabbit_CaltechCameraTrap_ME\5a07ccb4-23d2-11e8-a6a3-ec086b02610b.jpg;1
\vacia\empty_SnapshotKaroo\KAR_S1_C02_R1_IMAG1233.JPG;0
\jabali\WILDBOAR_ZOO_1_4\31_20201023 (417).JPG;1
\garduna\garduna_PNC_2014_manuel\c25937IM000153.JPG;1
\cervidae\ciervo_simone_2\34_20201024 (4327).JPG;1
\cervidae\2_Ciervos_PNC2012_JC\a11125IM000205.JPG;1
\leporido\conejo_Paco_Carro_JC\PICT0963.JPG;1
\vacia\empty_caltechCameraTraps\59a30bb7-23d2-11e8-a6a3-ec086b02610b.jpg;0
\leporido\conejo_Paco_Carro_JC\PICT0334.JPG;1
\jabali\WILDBOAR_ZOO_1_4\15_20201215 (260).JPG;1
\jabali\WILDBOAR_ZOO_1_4\7_20201118 (696).JPG;1
\leporido\rabbit_IslandConservationCameraTraps\chile_frances022013_14052013123626.jpg;1
\cervidae\ciervo_vacías_humanos_PNC_2012_ME\a19938IM000073.JPG;1
\ave\ave_ave_WellingtonCameraTraps_SS\090216125922044b7483.JPG;1
\vaca\COW_ZOO_5_6_7_9\21_20210318 (14626).JPG;1
\cervidae\CERVIDREDORFALLOWDEER_ZOO_1_4\22_20201116 (214).JPG;1
\jabali\WILDBOAR_ZOO_1_4\37_20201116 (2542).JPG;1
\vaca\COW_ZOO_1_4\21_20201119 (1632).JPG;1
\tejon\tejon_alumno_2_AM_JC\STC_0376_frame000.jpg;1
\vacia\NOANIMAL_ZOO_1_4\7_20210115 (1571).JPG;0
\jabali\jabali_vacías_humanos_PNC_2012_ME\a43017IMAG0053.JPG;1
\vacia\empty_IslandConservationCameraTraps\dominicanrepublic_cam2015abril2015_20150414_172750_img_5532.jpg;0
\vacia\NOANIMAL_ZOO_5_6_7_9\36_20210618 (7841).JPG;0
\cervidae\2ciervo_PNM_2013-I_ISAAC\e4007IM000031.JPG;1
\cervidae\CERVIDREDORFALLOWDEER_ZOO_5_6_7_9\19_20210319 (892).JPG;1
\vacia\vacias_PNM_2012_ME\d10084IM000124.JPG;0
\vacia\NOANIMAL_ZOO_5_6_7_9\24_20210418 (10090).JPG;0
\cervidae\CERVIDREDORFALLOWDEER_ZOO_5_6_7_9\36_20210219 (1074) (2021_04_15 06_16_22 UTC).JPG;1
\vacia\NOANIMAL_ZOO_1_4\15_20210117 (8817).JPG;0
\vacia\vacia_Paco_Carro_JC\IMG_1707.JPG;0
\ave\ave_ave_WellingtonCameraTraps_SS\190916164822005a5751.JPG;1
\leporido\conejo_alumno_1_TH\Conejo_alumno_2_AM_JC\Orycun (21)_frame030.jpg;1
\cervidae\CERVIDREDORFALLOWDEER_ZOO_5_6_7_9\18_20210417 (3585).JPG;1
\vacia\vacia_Paco_Carro_JC\IMG_2189.JPG;0
\vacia\SnampshotEnonkishu\ENO_S1_D06_R1_IMAG4286.JPG;0
\vacia\empty_IslandConservationCameraTraps\dominicanrepublic_cam0425abril2015_20130826_055129_sunp6218.jpg;0
\leporido\Rabbit_mammalWeb\37505.jpg;1
\vacia\empty_IslandConservationCameraTraps\dominicanrepublic_cam2015abril2015_20150412_141655_img_5078.jpg;0
\zorro\zorro_PNC_2014_manuel\c7024IM000117.JPG;1
\vacia\empty_SnapshotMountainZebra\MTZ_S1_D07_R1_IMAG1102.JPG;0
\cervidae\CERVIDREDORFALLOWDEER_ZOO_5_6_7_9\5_20210417 (3501).JPG;1
\lince\Lince_b_Linces2_Leo_JC\lince220 (81).jpg;1
\vacia\empty_IslandConservationCameraTraps\puertorico_3a_20141223_113436_img_0027.jpg;0
\vacia\Vacia_Paco_Carro_camarasliron_4_2_PASADAS_POR_LA_RED_JC\MDGC0541.JPG;0
\gato_domestico\cat_IslandConservationCameraTraps\puertorico_25_20141212_194023_img_0122.jpg;1
\vacia\NOANIMAL_ZOO_5_6_7_9\36_20210618 (8088).JPG;0
\vacia\vacia_Soraya_Padilla_Alumno_1_TH\DSCF0003_frame110.jpg;0
\jabali\WILDBOAR_ZOO_5_6_7_9\19_20210219 (281) (2021_04_15 06_16_22 UTC).JPG;1
\gato_domestico\gato_WellingtonCameraTraps_SS\0606151215360830L083.JPG;1
\cervidae\CERVIDREDORFALLOWDEER_ZOO_5_6_7_9\15_20210219 (2104) (2021_04_15 06_16_22 UTC).JPG;1
\vacia\NOANIMAL_ZOO_1_4\34_20210115 (4315).JPG;0
\leporido\rabbit_CaltechCameraTrap_ME\58f42280-23d2-11e8-a6a3-ec086b02610b.jpg;1
\vacia\NOANIMAL_ZOO_5_6_7_9\19_20210219 (1657) (2021_04_15 06_16_22 UTC).JPG;0
\vacia\vacia_Paco_Carro_JC\01140928.JPG;0
\cervidae\CERVIDREDORFALLOWDEER_ZOO_1_4\21_20201025 (4056).JPG;1
\jabali\jabali_buscar_cab_isaac_sin_contar\2_20201215 (8257).JPG;1
\vacia\empty_IslandConservationCameraTraps\ecuador1_cam1612_20150422_183843_img_0441.jpg;0
\vacia\vacia_Soraya_Padilla_Alumno_1_TH\DSCF0014_frame050.jpg;0
\vacia\empty_IslandConservationCameraTraps\dominicanrepublic_cam1826julio2015_20150628_081336_img_0462.jpg;0
\vacia\NOANIMAL_ZOO_1_4\43_20201217 (1719).JPG;0
\vaca\COW_ZOO_1_4\21_20201217 (4759).JPG;1
\vacia\NOANIMAL_ZOO_5_6_7_9\35_20210615 (552).JPG;0
\leporido\rabbit_IslandConservationCameraTraps\chile_frances012013_1401201374818.jpg;1
\humanovehiculo\Vehicle_ena24\2723.jpg;1
\cervidae\CERVIDREDORFALLOWDEER_ZOO_1_4\8_20210115 (309).JPG;1
\vacia\NOANIMAL_ZOO_1_4\20_20210115 (1226).JPG;0
\vacia\vacias_PNC_2014_ISAAC\c19237IMAG0072.JPG;0
\cervidae\deer_CaltechCameraTrap\597b4991-23d2-11e8-a6a3-ec086b02610b.jpg;1
\vacia\empty_SnapshotKaroo\KAR_S1_C02_R1_IMAG1017.JPG;0
\tejon\EUROPEANBADGER_ZOO_1_4\42_20201218 (179).JPG;1
\vacia\vacia_alumno_AM_2\30_20201021 (13131).JPG;0
\vacia\NOANIMAL_ZOO_5_6_7_9\21_20210418 (3870).JPG;0
\vacia\NOANIMAL_ZOO_5_6_7_9\2_20210417 (4119).JPG;0
\humanovehiculo\HUMANORVEHICLE_ZOO_1_4\23_20201215 (56).JPG;1
\gato_domestico\gato_WellingtonCameraTraps_SS\130816195540019c8833.JPG;1
\vacia\vacia_Paco_Carro_JC\01130915.JPG;0
\cervidae\CERVIDREDORFALLOWDEER_ZOO_5_6_7_9\9_20210615 (243).JPG;1
\vacia\vacias_PNM_2013-O_ISAAC\f5930IMAG0340.JPG;0
\vaca\COW_ZOO_5_6_7_9\21_20210615 (411).JPG;1
\cervidae\ciervo_PNC_2014_ISAAC\c23062IM000106.JPG;1
\cervidae\CERVIDREDORFALLOWDEER_ZOO_5_6_7_9\38_20210618 (3136).JPG;1
\vacia\empty_IslandConservationCameraTraps\dominicanrepublic_cam0527septiembre2015_20130805_113058_sunp0490.jpg;0
\ave\shearwater_IslandConservationCameraTraps\chile_vaqueria2013_1601201344550.jpg;1
\leporido\rabbit_IslandConservationCameraTraps\chile_frances012013_0601201374930.jpg;1
\ave\Woodpigeon_mammalWeb\106037.jpg;1
\gineta\gineta_Saul Martin_FRAMES_SIN_REPETIDOS_REVISADOS_DIEGO\STC_0008_frame010.jpg;1
\cervidae\CERVIDREDORFALLOWDEER_ZOO_5_6_7_9\9_20210218 (488) (2021_04_15 06_16_22 UTC).JPG;1
\zorro\zorro_vacías_humanos_PNC_2012_ME\a28734IM000020.JPG;1
\vacia\vacia_alumno_2_2_TH_JC\37_20201024 (9783).JPG;0
\leporido\conejo_Paco_Carro_JC\PICT0517.JPG;1
\humanovehiculo\humano_vehiculo_PNM_2012_ISAAC\d15585IM000004.JPG;1
\vacia\NOANIMAL_ZOO_5_6_7_9\2_20210618 (19465).JPG;0
\vaca\cow_CaltechCameraTrap\589b018d-23d2-11e8-a6a3-ec086b02610b.jpg;1
\jabali\2jabali_PNC_2013-O_RED_ISAAC\b1307IMAG0154.JPG;1
\ave\ave_ave_WellingtonCameraTraps_SS\051016110608007cs371.JPG;1
\vacia\empty_SnapshotMountainZebra\MTZ_S1_E06_R3_IMAG1391.JPG;0
\jabali\2jabali_PNC_2013-O_RED_ISAAC\b157IM000155.JPG;1
\vacia\NOANIMAL_ZOO_5_6_7_9\50_20210408 (6407).JPG;0
\lince\Lince_a_Linces2_Leo_JC\Lince58 (121).JPG;1
\vacia\NOANIMAL_ZOO_5_6_7_9\20_20210319 (5912).JPG;0
\ave\short-eared_owl_IslandConservationCameraTraps\ecuador2_ic1605_20181024_044633_img_0109.jpg;1
\cervidae\CERVIDREDORFALLOWDEER_ZOO_1_4\39_20201019 (435).JPG;1
\jabali\WILDBOAR_ZOO_1_4\20_20210115 (1176).JPG;1
\jabali\WILDBOAR_ZOO_5_6_7_9\31_20210318 (72).JPG;1
\vacia\NOANIMAL_ZOO_5_6_7_9\10_20210219 (1462) (2021_04_15 06_16_22 UTC).JPG;0
\leporido\Conejo_PNC_2014_JC\c8857IM000155.JPG;1
\ave\ave_Soraya_Padilla_Alumno_1_TH\DSCF0024_frame130.jpg;1
\humanovehiculo\car_CaltechCameraTrap_ME\vehiculo\59023816-23d2-11e8-a6a3-ec086b02610b.jpg;1
\ave\ave_Soraya_Padilla_Alumno_1_TH\DSCF0113_frame110.jpg;1
\vacia\NOANIMAL_ZOO_5_6_7_9\2_20210417 (16846).JPG;0
\cervidae\CERVIDREDORFALLOWDEER_ZOO_1_4\37_20201116 (14305).JPG;1
\ave\ave_ave_WellingtonCameraTraps_SS\050916155734051a1111.JPG;1
\vacia\NOANIMAL_ZOO_5_6_7_9\18_20210319 (1177).JPG;0
\leporido\rabbit_IslandConservationCameraTraps\chile_frances022013_21042013163955.jpg;1
\tejon\Tejon_PEPE_IREC_JC\IMAG1057_(2).JPG;1
\zorro\zorro_ME_rev_1_donana\9_20201025 (884).JPG;1
\vacia\vacia_alumno_1_AM\10_20201019 (186).JPG;0
\vaca\COW_ZOO_1_4\15_20201024 (3655).JPG;1
\cervidae\CERVIDREDORFALLOWDEER_ZOO_5_6_7_9\28_20210417 (1719).JPG;1
\vacia\NOANIMAL_ZOO_1_4\26_20201020 (11970).JPG;0
\leporido\rabbit_IslandConservationCameraTraps\chile_frances012013_01012013111641.jpg;1
\vacia\NOANIMAL_ZOO_5_6_7_9\25_20210417 (1496).JPG;0
\garduna\garduna_PNC_2013-O_RED_ISAAC\b20136IMAG0188.JPG;1
\vacia\empty_IslandConservationCameraTraps\dominicanrepublic_cam0425abril2015_20130822_050006_sunp4323.jpg;0
\vacia\NOANIMAL_ZOO_1_4\34_20210115 (8391).JPG;0
\cervidae\CERVIDREDORFALLOWDEER_ZOO_5_6_7_9\45_20210418 (116).JPG;1
\cervidae\CERVIDREDORFALLOWDEER_ZOO_1_4\28_20210115 (1723).JPG;1
\caballo\caballos_javier_JC\2_20201117 (3518).JPG;1
\humanovehiculo\HUMANORVEHICLE_ZOO_5_6_7_9\15_20210219 (3) (2021_04_15 06_16_22 UTC).JPG;1
\leporido\rabbit_IslandConservationCameraTraps\chile_piedra012013_02062013215920.jpg;1
\cervidae\Ciervo_PNC_2013-O_ME\b18880IMAG0225.JPG;1
\vaca\COW_ZOO_5_6_7_9\17_20210218 (634) (2021_04_15 06_16_22 UTC).JPG;1
\vaca\COW_ZOO_5_6_7_9\21_20200113 (2541) (2021_04_15 06_16_22 UTC).JPG;1
\leporido\conejo_alumno_1_TH\Conejo_alumno_2_AM_JC\Orycun (41)_frame130.jpg;1
\vacia\empty_IslandConservationCameraTraps\dominicanrepublic_cam10601agosto2017_20170113_150858_img_0105.jpg;0
\vacia\empty_IslandConservationCameraTraps\chile_piedra012013_04062013141905.jpg;0
\ave\ave_ave_WellingtonCameraTraps_SS\281215052516016a1162.JPG;1
\leporido\rabbit_IslandConservationCameraTraps\chile_frances022013_17042013154616.jpg;1
\humanovehiculo\car_CaltechCameraTrap_ME\vehiculo\58cfc988-23d2-11e8-a6a3-ec086b02610b.jpg;1
\vacia\NOANIMAL_ZOO_1_4\6_20201812 (12497).JPG;0
\vacia\empty_IslandConservationCameraTraps\dominicanrepublic_cam0201noviembre2015_20151101_150736_sunp0007.jpg;0
\cervidae\CERVIDREDORFALLOWDEER_ZOO_1_4\12_20201217 (199).JPG;1
\cervidae\CERVIDREDORFALLOWDEER_ZOO_1_4\4_20201220 (3264).JPG;1
\cervidae\ciervo_PNM_2013-I_ISAAC\e4000IM000024.JPG;1
\caballo\HORSE_ZOO_5_6_7_9\46_20210618 (179).JPG;1
\cervidae\ciervo_PNC_2014_ISAAC\c29557IM000188.JPG;1
\vacia\empty_SnapshotMountainZebra\MTZ_S1_D07_R1_IMAG2446.JPG;0
\leporido\liebre\LIEBRE_PNM_2013-I_ISAAC\e4690IM000031.JPG;1
\vacia\NOANIMAL_ZOO_5_6_7_9\5_20210618 (34).JPG;0
\cervidae\ciervo_PNM_2013-O_ISAAC\f29311IMAG0912.JPG;1
\vacia\empty_SnapshotMountainZebra\MTZ_S1_D06_R1_IMAG2497.JPG;0
\vacia\NOANIMAL_ZOO_1_4\7_20210115 (3237).JPG;0
\zorro\Zorro_PNC_2014_JC\c838IM000026.JPG;1
\vacia\NOANIMAL_ZOO_1_4\4_20201220 (1680).JPG;0
\cervidae\Ciervo_PNC_2014_JC\c6999IM000092.JPG;1
\gato_domestico\gato_WellingtonCameraTraps_SS\2603151237300745L091.JPG;1
\ave\ave_ave_WellingtonCameraTraps_SS\041116154230027as383.JPG;1
\cervidae\ciervo_PNC_2014_ISAAC\c12497IMAG0042.JPG;1
\cervidae\2_ciervo_simone_2\37_20201024 (11752).JPG;1
\vacia\empty_caltechCameraTraps\59e77d85-23d2-11e8-a6a3-ec086b02610b.jpg;0
\vaca\COW_ZOO_5_6_7_9\21_20210418 (1071).JPG;1
\vacia\NOANIMAL_ZOO_5_6_7_9\24_20210418 (16741).JPG;0
\vacia\empty_IslandConservationCameraTraps\dominicanrepublic_cam0926julio2015_20150630_185725_img_0015.jpg;0
\vacia\NOANIMAL_ZOO_1_4\34_20210115 (7716).JPG;0
\vacia\vacia_alumno_AM_2\30_20201021 (2903).JPG;0
\vacia\NOANIMAL_ZOO_5_6_7_9\49_20210418 (1137).JPG;0
\vacia\NOANIMAL_ZOO_5_6_7_9\10_20210417 (2440).JPG;0
\vacia\NOANIMAL_ZOO_1_4\18_20201024 (29).JPG;0
\vacia\NOANIMAL_ZOO_1_4\42_20201218 (255).JPG;0
\cervidae\ciervo_vacías_humanos_PNC_2012_ME\a367IM000044.JPG;1
\cervidae\ciervo_PNC_2014_ISAAC\c23871IMAG0201.JPG;1
\vaca\COW_ZOO_1_4\2_20210115 (3436).JPG;1
\vaca\cow_CaltechCameraTrap\58b66738-23d2-11e8-a6a3-ec086b02610b.jpg;1
\caballo\HORSE_ZOO_1_4\15_20201117 (3420).JPG;1
\gato_domestico\gato_WellingtonCameraTraps_SS\19091512025804241021.JPG;1
\vacia\NOANIMAL_ZOO_5_6_7_9\50_20210408 (8223).JPG;0
\tejon\tejon_PNC_2013-I_ME\7752IM000063.JPG;1
\humanovehiculo\car_CaltechCameraTrap_ME\vehiculo\59dc24b5-23d2-11e8-a6a3-ec086b02610b.jpg;1
\humanovehiculo\HUMANORVEHICLE_ZOO_5_6_7_9\28_20210318 (22).JPG;1
\vacia\vacias_PNM_2013-O_ISAAC\f15390IMAG0154.JPG;0
\vacia\vacias_1_de_2_PNC_2012_ISAAC\a53135IM000498.JPG;0
\vaca\COW_ZOO_1_4\21_20201217 (759).JPG;1
\lince\Lince_b_Linces2_Leo_JC\lince195 (4).JPG;1
\cervidae\ciervo_Javi_3_JC\34_20201024 (2384).JPG;1
\leporido\rabbit_IslandConservationCameraTraps\chile_frances012013_0801201311557.jpg;1
\cervidae\CERVIDREDORFALLOWDEER_ZOO_5_6_7_9\5_20210417 (1868).JPG;1
\gato_domestico\gato_WellingtonCameraTraps_SS\3003150722520424S231.JPG;1
\vacia\vacia_Paco_Carro_JC\IMG_0817 (2).JPG;0
\micromamiferos\micromamifero_WellingtonCameraTraps_SS\030116024510014a9713.JPG;1
\vacia\empty_SnapshotMountainZebra\MTZ_S1_G04_R3_IMAG0914.JPG;0
\cervidae\corzo_alumno_2_AM_JC\STC_0027_frame050.jpg;1
\ave\Ave_Leo_Otra_fauna_PASADA_POR_LA_RED_JC\Otrafauna (1618).JPG;1
\cervidae\ciervo_vacías_humanos_PNC_2012_ME\a6555IM000044.JPG;1
\humanovehiculo\HUMANORVEHICLE_ZOO_5_6_7_9\9_20210615 (21).JPG;1
\cervidae\CERVIDREDORFALLOWDEER_ZOO_1_4\34_20201024 (2166).JPG;1
\vacia\empty_SnapshotMountainZebra\MTZ_S1_C06_R1_IMAG2572.JPG;0
\zorro\REDFOX_ZOO_5_6_7_9\11_20210418 (662).JPG;1
\zorro\Zorro_PNC_2014_JC\c21458IM000015.JPG;1
\jabali\WILDBOAR_ZOO_5_6_7_9\25_20210319 (4573).JPG;1
\lince\Lince_a_Linces2_Leo_JC\Lince48 (71).JPG;1
\tejon\Tejon_PEPE_IREC_JC\IMAG0369_(3).JPG;1
\vacia\NOANIMAL_ZOO_1_4\6_20201812 (10487).JPG;0
\cervidae\deer_CaltechCameraTrap\5950057c-23d2-11e8-a6a3-ec086b02610b.jpg;1
\cervidae\ciervo_PNC_2013-O_RED_ISAAC\b16461IM000069.JPG;1
\cervidae\ciervo_vacías_humanos_PNC_2012_ME\a10152IM000114.JPG;1
\leporido\conejo_WellingtonCameraTraps_SS\081116125728020bl252.JPG;1
\vacia\empty_IslandConservationCameraTraps\palau_cam6a12132018_20180930_135632_rcnx0658.jpg;0
\vacia\NOANIMAL_ZOO_1_4\34_20210115 (2703).JPG;0
\jabali\WILDBOAR_ZOO_1_4\7_20201118 (2138).JPG;1
\humanovehiculo\HUMANORVEHICLE_ZOO_5_6_7_9\19_20210219 (10) (2021_04_15 06_16_22 UTC).JPG;1
\tejon\tejon_PNC_2014_manuel\c24189IMAG0179.JPG;1
\vacia\empty_SnapshotMountainZebra\MTZ_S1_E06_R3_IMAG0467.JPG;0
\jabali\WILDBOAR_ZOO_1_4\31_20201117 (70).JPG;1
\lince\Lince_b_Linces2_Leo_JC\lince222 (24).jpg;1
\meloncillo\meloncillo_PNM_2013-O_ME\f10925IM000044.JPG;1
\vacia\NOANIMAL_ZOO_1_4\26_20201020 (12524).JPG;0
\vacia\NOANIMAL_ZOO_1_4\15_20201117 (9038).JPG;0
\cervidae\CERVIDREDORFALLOWDEER_ZOO_5_6_7_9\19_20210319 (2889).JPG;1
\caballo\HORSE_ZOO_5_6_7_9\15_20210219 (8752) (2021_04_15 06_16_22 UTC).JPG;1
\cervidae\ciervo_PNC_2014_ISAAC\c5121IM000030.JPG;1
\vacia\NOANIMAL_ZOO_5_6_7_9\2_20210417 (19372).JPG;0
\vacia\NOANIMAL_ZOO_1_4\26_20201020 (10247).JPG;0
\caballo\HORSE_ZOO_1_4\9_20201118 (899).JPG;1
\jabali\WILDBOAR_ZOO_1_4\37_20201116 (6121).JPG;1
\vacia\NOANIMAL_ZOO_1_4\7_20201025 (112).JPG;0
\cervidae\ciervo_PNC_2013-I_RED_ME\9852IM000038.JPG;1
\cervidae\CERVIDREDORFALLOWDEER_ZOO_5_6_7_9\5_20210219 (308) (2021_04_15 06_16_22 UTC).JPG;1
\zorro\ZORRO_PNM_2012_ISAAC\d3379IM000073.JPG;1
\cervidae\deer_CaltechCameraTrap\59a7bc8b-23d2-11e8-a6a3-ec086b02610b.jpg;1
\jabali\2_Jabali_PNC_2014_JC\c27476IM000105.JPG;1
\caballo\HORSE_ZOO_5_6_7_9\15_20210219 (1370) (2021_04_15 06_16_22 UTC).JPG;1
\leporido\rabbit_IslandConservationCameraTraps\chile_frances012013_2012201201718.jpg;1
\vacia\vacias_2_de_2_PNC_2012_ISAAC\a1487IM000467.JPG;0
\vacia\NOANIMAL_ZOO_1_4\6_20201812 (13806).JPG;0
\tejon\tejon_PNC_2014_manuel\c13482IMAG0186.JPG;1
\leporido\rabbit_IslandConservationCameraTraps\chile_frances022013_21042013155537.jpg;1
\cervidae\deer_CaltechCameraTrap\59aada02-23d2-11e8-a6a3-ec086b02610b.jpg;1
\vacia\empty_SnapshotMountainZebra\MTZ_S1_D05_R1_IMAG2001.JPG;0
\vacia\empty_caltechCameraTraps\59baca54-23d2-11e8-a6a3-ec086b02610b.jpg;0
\ave\aves_ME_CASA\IMG_0821.JPG;1
\vacia\SnampshotEnonkishu\ENO_S1_D06_R1_IMAG3327.JPG;0
\vacia\vacia_Paco_Carro_JC\01140034.JPG;0
\vaca\COW_ZOO_5_6_7_9\39_20210417 (2055).JPG;1
\jabali\jabali_PNC_2013-O_RED_ISAAC\b305IM000081.JPG;1
\jabali\WILDBOAR_ZOO_5_6_7_9\11_20210218 (276) (2021_04_15 06_16_22 UTC).JPG;1
\zorro\Zorro_Pepe_IREC\Zorro_Pepe_Irec_ME\IMAG0664_(3).JPG;1
\jabali\WILDBOAR_ZOO_1_4\11_20210114 (425).JPG;1
\vacia\empty_IslandConservationCameraTraps\dominicanrepublic_cam0725abril2015a_20130813_043154_sunp3727.jpg;0
\vacia\empty_SnapshotMountainZebra\MTZ_S1_D05_R1_IMAG0369.JPG;0
\jabali\WILDBOAR_ZOO_1_4\33_20201025 (115).JPG;1
\vaca\COW_ZOO_1_4\15_20201024 (3036).JPG;1
\cervidae\CERVIDREDORFALLOWDEER_ZOO_1_4\34_20201215 (1266).JPG;1
\cervidae\cervidae_alumno_2_TH\8_20201029 (57).JPG;1
\vacia\NOANIMAL_ZOO_5_6_7_9\25_20210417 (6353).JPG;0
\vacia\empty_IslandConservationCameraTraps\ecuador1_ic1611_20150101_000005_img_2320.jpg;0
\tejon\tejon_leo_donana\0008702.JPG;1
\leporido\conejo_leo_donana\0003898.JPG;1
\vacia\vacias_1_de_2_PNC_2012_ISAAC\a41395IM000673.JPG;0
\cervidae\Ciervo_PNC_2012_JC\a35635IM000164.JPG;1
\cervidae\ciervo_PNM_2013-O_ISAAC\f20444IM000192.JPG;1
\cervidae\ciervo_Javi_3_JC\25_20201024 (430).JPG;1
\garduna\garduna_PNC_2013-O_RED_ISAAC\b1770IMAG0018.JPG;1
\meloncillo\Meloncillo_PEPE_IREC_JC\IMAG0052_(3).JPG;1
\cervidae\5_ciervo_simone_2\34_20201024 (5674).JPG;1
\jabali\WILDBOAR_ZOO_1_4\37_20201116 (8550).JPG;1
\jabali\jabali_javi_JC\37_20201024 (414).JPG;1
\cervidae\CERVIDREDORFALLOWDEER_ZOO_5_6_7_9\2_20210219 (4696) (2021_04_15 06_16_22 UTC).JPG;1
\zorro\zorro_PNC_2013-O_RED_ISAAC\b14256IM000042.JPG;1
\vacia\Vacia_Paco_Carro_camarasliron_4_2_PASADAS_POR_LA_RED_JC\MDGC0492.JPG;0
\zorro\zorro_PNM_2013-O_ISAAC\f14729IM000043.JPG;1
\gato_domestico\gato_WellingtonCameraTraps_SS\10091504581408305353.JPG;1
\ave\ave_Paco_Carro_JC\IMG_0133.JPG;1
\caballo\HORSE_ZOO_1_4\15_20201117 (9024).JPG;1
\lince\Lince_b_Linces2_Leo_JC\lince230 (39).JPG;1
\vacia\NOANIMAL_ZOO_5_6_7_9\24_20210418 (2892).JPG;0
\vacia\vacia_Paco_Carro_JC\IMG_1542.JPG;0
\cervidae\ciervo_PNC_2013-I_RED_ME\5672IM000095.JPG;1
\cervidae\CERVIDREDORFALLOWDEER_ZOO_1_4\21_20201025 (1497).JPG;1
\vacia\NOANIMAL_ZOO_1_4\7_20210115 (1310).JPG;0
\cervidae\CERVIDREDORFALLOWDEER_ZOO_1_4\14_20210114 (674).JPG;1
\meloncillo\Meloncillo_PEPE_IREC_JC\IMAG0607_(2).JPG;1
\ave\ave_ave_WellingtonCameraTraps_SS\060216154758031a2542.JPG;1
\lince\Lince_a_Linces2_Leo_JC\lince102 (126).JPG;1
\perro\dog_caltechCameraTraps\598acf31-23d2-11e8-a6a3-ec086b02610b.jpg;1
\gato_domestico\gato_WellingtonCameraTraps_SS\211016182744023a9233.JPG;1
\zorro\zorro_PNC_2013-O_RED_ISAAC\b906IM000052.JPG;1
\vaca\COW_ZOO_5_6_7_9\21_20210615 (722).JPG;1
\vacia\vacio_Saul Martin_FRAMES_SIN_REPETIDOS_REVISADOS_DIEGO\IMAG0006_frame500_2 (8).jpg;0
\leporido\rabbit_IslandConservationCameraTraps\chile_frances012013_1401201330907.jpg;1
\cervidae\ciervo_PNC_2013-O_RED_ISAAC\b6445IMAG0057.JPG;1
\humanovehiculo\humanovehiculo_PNC_2014_manuel\c23380IM000003.JPG;1
\lince\Lince_a_Linces2_Leo_JC\lince78 (70).JPG;1
\vacia\NOANIMAL_ZOO_1_4\26_20201020 (11843).JPG;0
\zorro\zorro_PNC_2012_JC\a43124IM000005.JPG;1
\cervidae\ciervo_PNC_2013-O_RED_ISAAC\b355IM000134.JPG;1
\vacia\NOANIMAL_ZOO_5_6_7_9\50_20210417 (21060).JPG;0
\vacia\NOANIMAL_ZOO_5_6_7_9\25_20210615 (6954).JPG;0
\vacia\NOANIMAL_ZOO_5_6_7_9\42_20210218 (323) (2021_04_15 06_16_22 UTC).JPG;0
\vacia\NOANIMAL_ZOO_5_6_7_9\50_20210408 (15497).JPG;0
\ave\bird_CaltechCameraTrap\588718de-23d2-11e8-a6a3-ec086b02610b.jpg;1
\vacia\vacias_PNM_2012_ME\d5006IM000095.JPG;0
\vacia\vacias_1_de_2_PNC_2012_ISAAC\a37402IM000525.JPG;0
\cervidae\CERVIDREDORFALLOWDEER_ZOO_5_6_7_9\10_20210319 (4983).JPG;1
\cervidae\ciervo_PNC_2014_ISAAC\c15364IM000025.JPG;1
\vacia\vacias_PNM_2013-O_ISAAC\f21192IM000686.JPG;0
\gineta\gineta_PNM_2013-O_ISAAC\f26848IMAG0335.JPG;1
\cervidae\deer_CaltechCameraTrap\597fefb0-23d2-11e8-a6a3-ec086b02610b.jpg;1
\zorro\zorro_PNC_2013-I_ME\6664IM000050.JPG;1
\vacia\NOANIMAL_ZOO_5_6_7_9\28_20210417 (7396).JPG;0
\humanovehiculo\HUMANORVEHICLE_ZOO_5_6_7_9\46_20210404 (330).JPG;1
\cervidae\deer_CaltechCameraTrap\5a230ed7-23d2-11e8-a6a3-ec086b02610b.jpg;1
\cervidae\5_ciervo_simone_2\34_20201024 (5689).JPG;1
\vacia\empty_caltechCameraTraps\59aadbbb-23d2-11e8-a6a3-ec086b02610b.jpg;0
\vacia\empty_SnapshotMountainZebra\MTZ_S1_D05_R1_IMAG0679.JPG;0
\cervidae\corzo_alumno_2_AM_JC\STC_0297_frame200.jpg;1
\ave\shearwater_IslandConservationCameraTraps\chile_vaqueria2013_1312201210408.jpg;1
\lince\linces_fecha_Linces2_Leo_JC\2_Lince_flecha_Linces2_Leo_JC\lince167 (12).JPG;1
\cervidae\CERVIDREDORFALLOWDEER_ZOO_1_4\2_20210115 (5995).JPG;1
\cervidae\deer_CaltechCameraTrap\596ef0d7-23d2-11e8-a6a3-ec086b02610b.jpg;1
\vacia\NOANIMAL_ZOO_5_6_7_9\1_20210219 (42) (2021_04_15 06_16_22 UTC).JPG;0
\humanovehiculo\humanovehiculo_vacías_humanos_PNC_2012_ME\a35674IM000003.JPG;1
\vacia\vacias_2_de_2_PNC_2012_ISAAC\a43520IM000333.JPG;0
\zorro\zorro_Saul Martin_FRAMES_SIN_REPETIDOS_REVISADOS_DIEGO\IMAG0009_frame340.jpg;1
\cervidae\ciervo_PNC_2013-O_RED_ISAAC\b5647IM000097.JPG;1
\jabali\WILDBOAR_ZOO_1_4\37_20201024 (522).JPG;1
\vacia\NOANIMAL_ZOO_5_6_7_9\50_20210417 (23985).JPG;0
\cervidae\CERVIDREDORFALLOWDEER_ZOO_5_6_7_9\9_20210418 (1216).JPG;1
\garduna\Garduna_PNC_2013-O_ME\b19516IMAG0085.JPG;1
\vaca\COW_ZOO_5_6_7_9\9_20210615 (1564).JPG;1
\cervidae\ciervo_PNC_2014_ISAAC\c12159IMAG0108.JPG;1
\vaca\COW_ZOO_5_6_7_9\9_20210615 (1517).JPG;1
\micromamiferos\rat_IslandConservationCameraTraps\palau_cam1a12122018_20181015_042108_rcnx0750.jpg;1
\vacia\NOANIMAL_ZOO_5_6_7_9\5_20210417 (4746).JPG;0
\zorro\zorro_PNC_2013-O_RED_ISAAC\b7528IM000100.JPG;1
\zorro\Zorro_PNC_2014_JC\c2645IM000183.JPG;1
\vacia\vacia_alumno_1_AM\6_20201023 (375).JPG;0
\vacia\NOANIMAL_ZOO_1_4\6_20201812 (9468).JPG;0
\vacia\NOANIMAL_ZOO_1_4\6_20201812 (11073).JPG;0
\cervidae\CERVIDREDORFALLOWDEER_ZOO_5_6_7_9\15_20210219 (9085) (2021_04_15 06_16_22 UTC).JPG;1
\cervidae\CERVIDREDORFALLOWDEER_ZOO_5_6_7_9\33_20210615 (305).JPG;1
\vacia\NOANIMAL_ZOO_5_6_7_9\21_20210418 (245).JPG;0
\micromamiferos\rat_IslandConservationCameraTraps\micronesia_cam06_cam06june2019_pig_20190629192753_11223.jpg;1
\micromamiferos\micromamiferos_fotosManuelEmilio20200912\IMG_0626_x1.JPG;1
\meloncillo\Meloncillo_PEPE_IREC_JC\IMAG2060_(2).JPG;1
\vaca\vaca_alumno_TH_3_TH_JC\15_20201024 (3138).JPG;1
\cervidae\CERVIDREDORFALLOWDEER_ZOO_1_4\18_20210115 (6627).JPG;1
\vacia\NOANIMAL_ZOO_1_4\37_20201024 (9422).JPG;0
\vacia\empty_IslandConservationCameraTraps\dominicanrepublic_cam23agosto2015_20150729_102247_img_0198.jpg;0
\leporido\conejo_Paco_Carro_JC\PICT0296 (2).JPG;1
\vacia\NOANIMAL_ZOO_5_6_7_9\25_20210417 (6271).JPG;0
\vaca\cow_IslandConservationCameraTraps\dominicanrepublic_cam2026julio2015_20150707_204026_img_0021.jpg;1
\vacia\NOANIMAL_ZOO_5_6_7_9\2_20210417 (24938).JPG;0
\vacia\NOANIMAL_ZOO_5_6_7_9\18_20210319 (763).JPG;0
\vacia\NOANIMAL_ZOO_5_6_7_9\2_20210319 (9275).JPG;0
\leporido\conejo_WellingtonCameraTraps_SS\1906150938200888S483.JPG;1
\vaca\vaca_buscar_cab_isaac_sin_contar\28_20201218 (15515).JPG;1
\micromamiferos\micromamiferos_ME_CASA\IMG_0973.JPG;1
\zorro\zorro_PNM_2013-O_ISAAC\f13800IMAG0844.JPG;1
\ave\OTHERSPECIES_ZOO_1_4\26_20201117 (3042).JPG;1
\vacia\NOANIMAL_ZOO_1_4\25_20210115 (2467).JPG;0
\vacia\NOANIMAL_ZOO_5_6_7_9\2_20210417 (16937).JPG;0
\ave\ave_ave_WellingtonCameraTraps_SS\041116072640020bl253.JPG;1
\ave\ave_Soraya_Padilla_Alumno_1_TH\STC_0162_frame160.jpg;1
\mapache\raccoon_CaltechCameraTrap_ME\594cecb8-23d2-11e8-a6a3-ec086b02610b.jpg;1
\cervidae\ciervo_PNC_2013-O_RED_ISAAC\b7575IM000150.JPG;1
\vacia\NOANIMAL_ZOO_1_4\37_20201116 (9098).JPG;0
\leporido\conejo_leo_donana\0007931.JPG;1
\vaca\COW_ZOO_1_4\21_20201217 (4470).JPG;1
\ave\Woodpigeon_mammalWeb\12525.jpg;1
\cervidae\cervidae_ME_rev_3_donana\37_20201024 (2687).JPG;1
\vacia\NOANIMAL_ZOO_1_4\37_20201116 (9922).JPG;0
\cervidae\cervidae_buscar_cab_isaac_sin_contar\9_20201118 (1318).JPG;1
\cervidae\ciervo_vacías_humanos_PNC_2012_ME\a19170IM000301.JPG;1
\gato_domestico\cat_IslandConservationCameraTraps\palau_cam13a12132018_20180915_064754_rcnx0417.jpg;1
\leporido\2_conejo_Leo_Otra_fauna_PASADA_POR_LA_RED_JC\Otrafauna (1691).JPG;1
\micromamiferos\micromamiferos_fotosManuelEmilio20200912\IMG_0625_x1.JPG;1
\zorro\Zorro_Pepe_IREC\Zorro_Pepe_Irec_ME\IMAG0153_(10).JPG;1
\vaca\COW_ZOO_5_6_7_9\49_20210418 (1896).JPG;1
\lince\linces_Linces2_Leo_JC\2_Lince_Linces2_Leo_JC\lince172 (8).JPG;1
\vacia\NOANIMAL_ZOO_1_4\13_20201219 (248).JPG;0
\caballo\caballos_simone\9_20201118 (1059).JPG;1
\vaca\cow_CaltechCameraTrap\5911d9e3-23d2-11e8-a6a3-ec086b02610b.jpg;1
\vacia\empty_SnapshotMountainZebra\MTZ_S1_D07_R1_IMAG1815.JPG;0
\lince\Lince_a_Linces2_Leo_JC\lince94 (235).JPG;1
\vacia\NOANIMAL_ZOO_5_6_7_9\24_20210615 (14599).JPG;0
\ave\2_Ave_Leo_Otra_fauna_PASADA_POR_LA_RED_JC\Otrafauna (802).JPG;1
\vacia\NOANIMAL_ZOO_5_6_7_9\22_20210417 (9528).JPG;0
\vacia\empty_SnapshotMountainZebra\MTZ_S1_E06_R3_IMAG0780.JPG;0
\caballo\HORSE_ZOO_1_4\17_20210114 (2991).JPG;1
\vaca\COW_ZOO_1_4\21_20210114 (256).JPG;1
\cervidae\ciervo_simone_2\34_20201024 (4325).JPG;1
\vacia\NOANIMAL_ZOO_1_4\26_20201020 (6980).JPG;0
\vacia\empty_SnapshotKaroo\KAR_S1_C02_R1_IMAG1790.JPG;0
\humanovehiculo\humanos_Paco_Carro_JC\01020018.JPG;1
\micromamiferos\micromamiferos_fotosManuelEmilio20200912\IMG_0117.JPG;1
\jabali\Jabali_PNC_2014_JC\c9048IM000135.JPG;1
\vacia\empty_SnapshotMountainZebra\MTZ_S1_D07_R1_IMAG1213.JPG;0
\vacia\NOANIMAL_ZOO_1_4\6_20201812 (14902).JPG;0
\humanovehiculo\HUMANORVEHICLE_ZOO_1_4\9_20201025 (14).JPG;1
\ave\rooster_IslandConservationCameraTraps\palau_cam02a12132018_20180922_112851_rcnx0584.jpg;1
\vacia\NOANIMAL_ZOO_1_4\31_20201023 (76).JPG;0
\vacia\empty_IslandConservationCameraTraps\ecuador2_ic1614_20181013_133811_img_0073.jpg;0
\humanovehiculo\humanovehiculo_PNC_2014_manuel\c17900IMAG0004.JPG;1
\cervidae\CERVIDREDORFALLOWDEER_ZOO_5_6_7_9\50_20210616 (12070).JPG;1
\vacia\NOANIMAL_ZOO_5_6_7_9\49_20210418 (2440).JPG;0
\vacia\empty_SnapshotMountainZebra\MTZ_S1_C04_R1_IMAG2896.JPG;0
\ave\American Crow_ena24\8633.jpg;1
\humanovehiculo\HUMANORVEHICLE_ZOO_1_4\31_20201023 (478).JPG;1
\ave\2_ave_Soraya_Padilla_Alumno_1_TH\IMAG0018_frame020.jpg;1
\cervidae\CERVIDREDORFALLOWDEER_ZOO_1_4\21_20201025 (4387).JPG;1
\humanovehiculo\humano_vehiculo_PNC_2013-I_ISAAC\2530IM000001.JPG;1
\vacia\empty_SnapshotMountainZebra\MTZ_S1_D03_R3_IMAG0264.JPG;0
\ave\white-winged_dove_IslandConservationCameraTraps\dominicanrepublic_cam11801agosto2017_20170629_152420_img_0055.jpg;1
\cervidae\CERVIDREDORFALLOWDEER_ZOO_5_6_7_9\28_20210615 (3159).JPG;1
\cervidae\CERVIDREDORFALLOWDEER_ZOO_5_6_7_9\35_20210318 (155).JPG;1
\lince\linces_fecha_Linces2_Leo_JC\2_Lince_flecha_Linces2_Leo_JC\lince204 (23).JPG;1
\lince\Lince_a_Linces2_Leo_JC\lince102 (168).JPG;1
\vacia\NOANIMAL_ZOO_1_4\34_20210115 (3853).JPG;0
\zorro\zorro_PNC_2012_JC\a3720IM000018.JPG;1
\ave\shearwater_IslandConservationCameraTraps\chile_vaqueria2013_2212201243950.jpg;1
\jabali\WILDBOAR_ZOO_1_4\37_20201116 (16562).JPG;1
\leporido\rabbit_CaltechCameraTrap_ME\593735aa-23d2-11e8-a6a3-ec086b02610b.jpg;1
\vacia\vacias_PNM_2013-O_ISAAC\f3017IMAG0782.JPG;0
\gato_domestico\cat_CaltechCameraTrap\596d62eb-23d2-11e8-a6a3-ec086b02610b.jpg;1
\caballo\caballos_alumno_AM\caballos_alumno_AM\9_20201712 (2113).JPG;1
\leporido\rabbit_IslandConservationCameraTraps\chile_piedra012013_0504201390322.jpg;1
\ave\ave_PNC_2014_manuel\c19369IMAG0130.JPG;1
\vacia\empty_IslandConservationCameraTraps\ecuador1_ic1611_20150101_000004_img_0486.jpg;0
\cervidae\ciervo_vacías_humanos_PNC_2012_ME\a23436IM000086.JPG;1
\cervidae\cervidae_PNM_2013-I_ISAAC\e1007IM000031.JPG;1
\micromamiferos\rat_IslandConservationCameraTraps\micronesia_cam06_cam06june2019_pig_20190629193124_11180.jpg;1
\lince\Lince_a_Linces2_Leo_JC\lince50 (292).JPG;1
\garduna\Garduna_PNC_2013-O_ME\b19507IMAG0076.JPG;1
\cervidae\CERVIDREDORFALLOWDEER_ZOO_5_6_7_9\19_20210319 (2303).JPG;1
\cervidae\ciervo_PNC_2014_ISAAC\c10822IM000008.JPG;1
\vacia\NOANIMAL_ZOO_1_4\34_20210115 (3659).JPG;0
\jabali\WILDBOAR_ZOO_5_6_7_9\31_20210219 (1032) (2021_04_15 06_16_22 UTC).JPG;1
\lince\Lince_b_Linces2_Leo_JC\lince153 (101).JPG;1
\meloncillo\meloncillo_PNC_2013-I_ME\4527IM000025.JPG;1
\jabali\WILDBOAR_ZOO_1_4\11_20201027 (194).JPG;1
\vacia\NOANIMAL_ZOO_5_6_7_9\32_20210218 (4126) (2021_04_15 06_16_22 UTC).JPG;0
\cervidae\CERVIDREDORFALLOWDEER_ZOO_5_6_7_9\36_20210618 (6904).JPG;1
\leporido\conejo_WellingtonCameraTraps_SS\090816165734040bs396.JPG;1
\vacia\NOANIMAL_ZOO_1_4\26_20201020 (16275).JPG;0
\vacia\vacia_alumno_1_TH\Nada (37)_frame120.jpg;0
\jabali\WILDBOAR_ZOO_5_6_7_9\11_20210218 (182) (2021_04_15 06_16_22 UTC).JPG;1
\cervidae\CERVIDREDORFALLOWDEER_ZOO_5_6_7_9\28_20210615 (1086).JPG;1
\humanovehiculo\humanovehiculo_vacías_humanos_PNC_2012_ME\a44638IM000007.JPG;1
\lince\Lince_a_Linces2_Leo_JC\lince74 (108).JPG;1
\vacia\NOANIMAL_ZOO_1_4\7_20210115 (2682).JPG;0
\vaca\COW_ZOO_5_6_7_9\21_20210418 (1437).JPG;1
\zorro\zorro_PNC_2013-O_RED_ISAAC\b1810IMAG0034.JPG;1
\cervidae\CERVIDREDORFALLOWDEER_ZOO_5_6_7_9\38_20210618 (381).JPG;1
\perro\perro_WellingtonCameraTraps_SS\16101518181602359703.JPG;1
\vacia\NOANIMAL_ZOO_1_4\43_20201118 (578).JPG;0
\leporido\Lagomorpha1__diego_2_rev_donana\6_20201023 (1557).JPG;1
\vacia\empty_SnapshotMountainZebra\MTZ_S1_D07_R1_IMAG2582.JPG;0
\vacia\empty_IslandConservationCameraTraps\dominicanrepublic_cam2818mayo2017_20170425_135934_img_0024.jpg;0
\vacia\empty_SnapshotMountainZebra\MTZ_S1_D06_R1_IMAG1251.JPG;0
\cervidae\gamo_Javi_3_JC\21_20201025 (276).JPG;1
\vacia\NOANIMAL_ZOO_5_6_7_9\24_20210219 (2620) (2021_04_15 06_16_22 UTC).JPG;0
\vacia\NOANIMAL_ZOO_5_6_7_9\50_20210616 (24561).JPG;0
\ave\petrel_IslandConservationCameraTraps\chile_filipiananbek2013_25102013101858.jpg;1
\zorro\Zorro_Pepe_IREC\Zorro_Pepe_Irec_ME\IMAG1549.JPG;1
\zorro\zorro_PNM_2012_ISAAC\d14580FILE0025.JPG;1
\leporido\conejo_alumno_1_TH\Conejo_alumno_2_AM_JC\Orycun (4)_frame010.jpg;1
\caballo\caballos_alumno_AM\caballos_alumno_AM\9_20201712 (1095).JPG;1
\cervidae\ciervo_PNM_2012_ME\d430IM000061.JPG;1
\humanovehiculo\humanovehiculo_leo_donana\0006796.JPG;1
\jabali\WILDBOAR_ZOO_1_4\28_20201019 (1552).JPG;1
\vaca\COW_ZOO_5_6_7_9\21_20210318 (14910).JPG;1
\leporido\rabbit_IslandConservationCameraTraps\chile_piedra012013_01042013131327.jpg;1
\vacia\vacias_1_de_2_PNC_2012_ISAAC\a40078IM000086.JPG;0
\jabali\Jabali_PNM_2013-0_ME\f5423IM000056.JPG;1
\vacia\empty_caltechCameraTraps\59e9199e-23d2-11e8-a6a3-ec086b02610b.jpg;0
\zorro\zorro_PNC_2013-I_RED_ME\2080IM000089.JPG;1
\caballo\HORSE_ZOO_1_4\15_20201215 (6311).JPG;1
\vacia\NOANIMAL_ZOO_1_4\7_20210115 (2243).JPG;0
\ave\ave_Soraya_Padilla_Alumno_1_TH\STC_0034_frame150.jpg;1
\vaca\COW_ZOO_5_6_7_9\9_20210615 (1415).JPG;1
\lince\Lince_a_Linces2_Leo_JC\Lince46 (108).jpg;1
\gato_domestico\gato_WellingtonCameraTraps_SS\2503152114580106S471.JPG;1
\cervidae\deer_CaltechCameraTrap\59260b6d-23d2-11e8-a6a3-ec086b02610b.jpg;1
\gato_domestico\gato_WellingtonCameraTraps_SS\26091509380002859191.JPG;1
\vacia\NOANIMAL_ZOO_5_6_7_9\39_20210615 (440).JPG;0
\vacia\empty_SnapshotMountainZebra\MTZ_S1_C06_R3_IMAG0255.JPG;0
\leporido\rabbit_IslandConservationCameraTraps\chile_frances022013_18042013211316.jpg;1
\vaca\COW_ZOO_5_6_7_9\21_20200113 (749) (2021_04_15 06_16_22 UTC).JPG;1
\vacia\empty_IslandConservationCameraTraps\ecuador1_ic1611_20150101_000003_img_1380.jpg;0
\zorro\zorro_PNC_2013-O_RED_ISAAC\b17208IM000033.JPG;1
\vacia\empty_IslandConservationCameraTraps\dominicanrepublic_cam1926junio2015_20150414_133534_img_0075.jpg;0
\jabali\WILDBOAR_ZOO_5_6_7_9\19_20210319 (2525).JPG;1
\vacia\empty_IslandConservationCameraTraps\dominicanrepublic_cam1725abril2015_20150409_075558_img_0212.jpg;0
\ave\petrel_chick_IslandConservationCameraTraps\ecuador2_ic1618_20181113_050314_img_0282.jpg;1
\cervidae\ciervo_PNM_2013-O_ISAAC\f4311IM000095.JPG;1
\gato_domestico\gato_WellingtonCameraTraps_SS\160516030728003c1133.JPG;1
\zorro\zorro_PNC_2013-I_RED_ME\8741IM000064.JPG;1
\vacia\NOANIMAL_ZOO_1_4\7_20210115 (648).JPG;0
\vacia\NOANIMAL_ZOO_1_4\6_20201116 (4898).JPG;0
\vacia\NOANIMAL_ZOO_5_6_7_9\24_20210615 (1136).JPG;0
\vacia\NOANIMAL_ZOO_5_6_7_9\11_20210615 (5836).JPG;0
\cervidae\ciervo_Paco_Carro_JC\PICT0422.JPG;1
\vacia\empty_IslandConservationCameraTraps\dominicanrepublic_cam2015abril2015_20150416_143612_img_5698.jpg;0
\zorro\Zorro_Pepe_IREC\Zorro_Pepe_Irec_ME\IMAG1248.JPG;1
\vacia\empty_caltechCameraTraps\59fc7f94-23d2-11e8-a6a3-ec086b02610b.jpg;0
\micromamiferos\rat_IslandConservationCameraTraps\ecuador2_ic1605_20181115_023105_img_0354.jpg;1
\cervidae\cervidae_buscar_cab_isaac_sin_contar\35_20201123 (64).JPG;1
\vacia\NOANIMAL_ZOO_1_4\26_20201020 (16813).JPG;0
\vacia\NOANIMAL_ZOO_1_4\37_20201116 (4515).JPG;0
\vacia\NOANIMAL_ZOO_5_6_7_9\24_20210615 (10644).JPG;0
\lince\Lince_b_Linces2_Leo_JC\lince178 (2).JPG;1
\vacia\empty_SnapshotKaroo\KAR_S1_C03_R1_IMAG1404.JPG;0
\vacia\NOANIMAL_ZOO_1_4\6_20201116 (4159).JPG;0
\vacia\NOANIMAL_ZOO_5_6_7_9\36_20210618 (1725).JPG;0
\vacia\empty_SnapshotMountainZebra\MTZ_S1_E06_R3_IMAG1224.JPG;0
\vacia\empty_SnapshotMountainZebra\MTZ_S1_E06_R3_IMAG0837.JPG;0
\jabali\WILDBOAR_ZOO_1_4\31_20201023 (297).JPG;1
\jabali\JABALI_PNM_2013-I_ISAAC\e2611IM000483.JPG;1
\cervidae\CERVIDREDORFALLOWDEER_ZOO_5_6_7_9\28_20210318 (15336).JPG;1
\humanovehiculo\car_CaltechCameraTrap_ME\vehiculo\58c1c36d-23d2-11e8-a6a3-ec086b02610b.jpg;1
\perro\dog_caltechCameraTraps\5a0afffe-23d2-11e8-a6a3-ec086b02610b.jpg;1
\ave\Pheasant_mammalWeb\34810.jpg;1
\jabali\WILDBOAR_ZOO_5_6_7_9\31_20210417 (1057).JPG;1
\vacia\Vacias_PNM_2013-0_ME\f27851IMAG0421.JPG;0
\leporido\rabbit_CaltechCameraTrap_ME\5979be4a-23d2-11e8-a6a3-ec086b02610b.jpg;1
\gato_domestico\gato_WellingtonCameraTraps_SS\1204150359000359L101.JPG;1
\vacia\empty_IslandConservationCameraTraps\dominicanrepublic_cam0425abril2015_20130727_043454_sunp0223.jpg;0
\vacia\NOANIMAL_ZOO_1_4\26_20201020 (11643).JPG;0
\lince\Lince_a_Linces2_Leo_JC\lince71 (91).JPG;1
\vacia\empty_IslandConservationCameraTraps\dominicanrepublic_cam1125abril2015_20150423_160337_img_2396.jpg;0
\leporido\rabbit_IslandConservationCameraTraps\chile_frances022013_04052013131204.jpg;1
\jabali\WILDBOAR_ZOO_1_4\37_20201024 (600).JPG;1
\vacia\vacias_PNC_2013-O_RED_ME\b18964IMAG0021.JPG;0
\lince\linces_fecha_Linces2_Leo_JC\2_Lince_flecha_Linces2_Leo_JC\Lince57 (16).jpg;1
\cervidae\Ciervo_PNC_2014_JC\c18923IMAG0106.JPG;1
\perro\dog_caltechCameraTraps\599be7e9-23d2-11e8-a6a3-ec086b02610b.jpg;1
\vacia\vacias_2_de_2_PNC_2012_ISAAC\a4134IM000132.JPG;0
\vacia\empty_IslandConservationCameraTraps\puertorico_26_20150602_150500_ek002534.jpg;0
\zorro\REDFOX_ZOO_1_4\11_20210114 (836).JPG;1
\cervidae\CERVIDREDORFALLOWDEER_ZOO_1_4\21_20201025 (2783).JPG;1
\vacia\vacia_Paco_Carro_JC\PICT0174 (2).JPG;0
\vacia\empty_IslandConservationCameraTraps\dominicanrepublic_cam1425abril2015_20150412_145138_img_1164.jpg;0
\lince\Lince_a_Linces2_Leo_JC\lince75 (164).JPG;1
\lince\Lince_b_Linces2_Leo_JC\lince198 (12).JPG;1
\lince\Lince_a_Linces2_Leo_JC\lince110 (72).jpg;1
\cervidae\CERVIDREDORFALLOWDEER_ZOO_1_4\21_20201119 (3398).JPG;1
\vacia\empty_SnapshotKaroo\KAR_S1_A02_R1_IMAG0391.JPG;0
\humanovehiculo\HUMANORVEHICLE_ZOO_1_4\13_20201025 (149).JPG;1
\cervidae\CERVIDREDORFALLOWDEER_ZOO_5_6_7_9\17_20210318 (418).JPG;1
\cervidae\deer_CaltechCameraTrap\599fbedc-23d2-11e8-a6a3-ec086b02610b.jpg;1
\lince\Lince_b_Linces2_Leo_JC\lince224 (41).jpg;1
\cervidae\3_ciervo_simone_2\37_20201024 (1321).JPG;1
\vacia\empty_SnapshotMountainZebra\MTZ_S1_D07_R1_IMAG0589.JPG;0
\vacia\NOANIMAL_ZOO_5_6_7_9\36_20210618 (5181).JPG;0
\cervidae\CERVIDREDORFALLOWDEER_ZOO_5_6_7_9\15_20210219 (4317) (2021_04_15 06_16_22 UTC).JPG;1
\leporido\rabbit_IslandConservationCameraTraps\chile_frances022013_04052013110312.jpg;1
\cervidae\CERVIDREDORFALLOWDEER_ZOO_1_4\21_20201025 (1515).JPG;1
\ave\ave_alumno_1_AM\42_20201026 (117).JPG;1
\vacia\NOANIMAL_ZOO_5_6_7_9\20_20210319 (12333).JPG;0
\humanovehiculo\humanovehiculo_PNC_2014_manuel\c13227IMAG0176.JPG;1
\vacia\NOANIMAL_ZOO_5_6_7_9\25_20210417 (5822).JPG;0
\vacia\NOANIMAL_ZOO_5_6_7_9\24_20210418 (18343).JPG;0
\vacia\vacias_PNM_2013-O_ISAAC\f2966IMAG0728.JPG;0
\vacia\vacia_alumno_1_AM\40_20201024 (8386).JPG;0
\cervidae\ciervo_PNC_2014_ISAAC\c660IM000075.JPG;1
\caballo\HORSE_ZOO_5_6_7_9\46_20210618 (1693).JPG;1
\caballo\HORSE_ZOO_5_6_7_9\46_20210618 (1142).JPG;1
\cervidae\CERVIDREDORFALLOWDEER_ZOO_1_4\26_20201020 (1842).JPG;1
\jabali\jabali_PNC_2013-O_RED_ISAAC\b808IM000010.JPG;1
\cervidae\Ciervo_PNM_2013-0_ME\f22535IM000048.JPG;1
\jabali\WILDBOAR_ZOO_5_6_7_9\31_20210417 (1033).JPG;1
\vacia\NOANIMAL_ZOO_5_6_7_9\24_20210615 (14792).JPG;0
\ave\petrel_chick_IslandConservationCameraTraps\ecuador2_ic1618_20181113_041622_img_0269.jpg;1
\vacia\empty_SnapshotMountainZebra\MTZ_S1_E06_R3_IMAG0044.JPG;0
\humanovehiculo\humanovehiculo_PNC_2014_manuel\c17628IM000007.JPG;1
\vacia\NOANIMAL_ZOO_1_4\6_20201812 (8544).JPG;0
\vacia\empty_SnapshotMountainZebra\MTZ_S1_E06_R3_IMAG0599.JPG;0
\vacia\NOANIMAL_ZOO_1_4\40_20201024 (7413).JPG;0
\vacia\NOANIMAL_ZOO_1_4\34_20210115 (6276).JPG;0
\meloncillo\3_Meloncillo_PEPE_IREC_JC\IMAG0039_(3).JPG;1
\humanovehiculo\humano_vehiculo_PNM_2013-O_ISAAC\f8863IM000009.JPG;1
\humanovehiculo\humano_vehiculo_PNM_2012_ISAAC\d11215IMAG0006.JPG;1
\vacia\NOANIMAL_ZOO_1_4\34_20210115 (1293).JPG;0
\vaca\COW_ZOO_5_6_7_9\21_20210418 (2717).JPG;1
\cervidae\ciervo_PNC_2014_ISAAC\c21921IM000090.JPG;1
\cervidae\ciervo_vacías_humanos_PNC_2012_ME\a33261IM000018.JPG;1
\gato_domestico\gato_WellingtonCameraTraps_SS\1905150930320830L081.JPG;1
\vacia\NOANIMAL_ZOO_5_6_7_9\24_20210615 (14692).JPG;0
\ave\ave_ave_WellingtonCameraTraps_SS\040516162412009c3106.JPG;1
\vacia\NOANIMAL_ZOO_1_4\6_20201812 (9772).JPG;0
\lince\Lince_a_Linces2_Leo_JC\lince90 (240).JPG;1
\vacia\empty_SnapshotMountainZebra\MTZ_S1_D05_R1_IMAG1073.JPG;0
\ave\aves_ME_CASA\IMG_0477.JPG;1
\cervidae\CERVIDREDORFALLOWDEER_ZOO_1_4\10_20201117 (216).JPG;1
\vacia\NOANIMAL_ZOO_5_6_7_9\25_20210417 (8987).JPG;0
\vaca\COW_ZOO_1_4\15_20201024 (8101).JPG;1
\vacia\vacia_Paco_Carro_JC\IMG_0996.JPG;0
\mapache\raccoon_CaltechCameraTrap_ME\59b93aee-23d2-11e8-a6a3-ec086b02610b.jpg;1
\vacia\empty_IslandConservationCameraTraps\dominicanrepublic_cam2418mayo2017_20170503_095459_img_0060.jpg;0
\vacia\NOANIMAL_ZOO_1_4\26_20201020 (10898).JPG;0
\jabali\Jabali_PNC_2014_JC\c29452IM000087.JPG;1
\vacia\empty_IslandConservationCameraTraps\puertorico_23_20150122_211314_ek002031.jpg;0
\vacia\vacia_ss\27_20201023 (938).JPG;0
\ave\bird_CaltechCameraTrap\58adc446-23d2-11e8-a6a3-ec086b02610b.jpg;1
\ave\shearwater_IslandConservationCameraTraps\chile_piedra012013_31122012231947.jpg;1
\vacia\empty_caltechCameraTraps\59e2a2bc-23d2-11e8-a6a3-ec086b02610b.jpg;0
\vaca\cow_CaltechCameraTrap\5903cbd4-23d2-11e8-a6a3-ec086b02610b.jpg;1
\vacia\NOANIMAL_ZOO_1_4\6_20201116 (6771).JPG;0
\vacia\NOANIMAL_ZOO_1_4\34_20210115 (5534).JPG;0
\cervidae\cervido_simone_2\34_20201024 (6451).JPG;1
\ave\bird_CaltechCameraTrap\59f944a9-23d2-11e8-a6a3-ec086b02610b.jpg;1
\ave\shearwater_IslandConservationCameraTraps\chile_vaqueria2013_2112201230115.jpg;1
\caballo\HORSE_ZOO_5_6_7_9\15_20210219 (8450) (2021_04_15 06_16_22 UTC).JPG;1
\meloncillo\2_Meloncillo_PEPE_IREC_JC\IMAG1180.JPG;1
\vacia\vacia_Paco_Carro_JC\01110661.JPG;0
\cervidae\ciervo_PNC_2014_ISAAC\c22347IM000143.JPG;1
\cervidae\CERVIDREDORFALLOWDEER_ZOO_5_6_7_9\2_20210219 (2127) (2021_04_15 06_16_22 UTC).JPG;1
\humanovehiculo\humanovehiculo_PNC_2014_manuel\c25522IM000123.JPG;1
\vacia\NOANIMAL_ZOO_5_6_7_9\18_20210219 (2156) (2021_04_15 06_16_22 UTC).JPG;0
\cervidae\deer_CaltechCameraTrap\59a7bd50-23d2-11e8-a6a3-ec086b02610b.jpg;1
\mapache\raccoon_CaltechCameraTrap_ME\5957c511-23d2-11e8-a6a3-ec086b02610b.jpg;1
\cervidae\ciervo_PNC_2014_ISAAC\c21865IM000031.JPG;1
\jabali\WILDBOAR_ZOO_1_4\41_20201218 (149).JPG;1
\cervidae\Ciervo_PNC_2014_JC\c28088IM000088.JPG;1
\cervidae\cervidae_alumno_AM_2\26_20201020 (6031).JPG;1
\humanovehiculo\humano_vehiculo_PNM_2013-O_ISAAC\f46IM000006.JPG;1
\zorro\zorro_vacías_humanos_PNC_2012_ME\a14204IM000122.JPG;1
\vacia\vacia_Soraya_Padilla_Alumno_1_TH\STC_0325 (2)_frame200.jpg;0
\cervidae\ciervo_PNC_2014_ISAAC\c23587IM000038.JPG;1
\zorro\Zorro_PNC_2014_JC\c25881IM000095.JPG;1
\vacia\empty_SnapshotMountainZebra\MTZ_S1_D06_R1_IMAG1724.JPG;0
\cervidae\CERVIDREDORFALLOWDEER_ZOO_5_6_7_9\1_20210319 (838).JPG;1
\vacia\NOANIMAL_ZOO_5_6_7_9\24_20210418 (10689).JPG;0
\vacia\empty_IslandConservationCameraTraps\dominicanrepublic_cam10818mayo2017_20170425_124644_img_0087.jpg;0
\ave\aves_fotosManuelEmilio20200912\IMG_0071.JPG;1
\zorro\Zorro_Pepe_IREC\Zorro_Pepe_Irec_ME\IMAG1760.JPG;1
\vacia\empty_IslandConservationCameraTraps\dominicanrepublic_cam1826junio2015_20150505_125129_img_3007.jpg;0
\jabali\WILDBOAR_ZOO_1_4\29_20201023 (879).JPG;1
\vacia\empty_IslandConservationCameraTraps\dominicanrepublic_cam11101agosto2017_20170704_100706_img_0340.jpg;0
\zorro\ZORRO_PNM_2012_ISAAC\d13846IM000026.JPG;1
\vacia\empty_SnapshotMountainZebra\MTZ_S1_C07_R3_IMAG0024.JPG;0
\gineta\gineta_PNM_2012_ISAAC\d71IM000011.JPG;1
\gato_domestico\gato_WellingtonCameraTraps_SS\250916181656034bs536.JPG;1
\leporido\rabbit_IslandConservationCameraTraps\chile_piedra012013_07032013161359.jpg;1
\cervidae\ciervo_PNC_2013-I_RED_ME\7074IM000071.JPG;1
\gato_domestico\gato_WellingtonCameraTraps_SS\080816192452022cs343.JPG;1
\vaca\COW_ZOO_5_6_7_9\49_20210418 (1918).JPG;1
\cervidae\CERVIDREDORFALLOWDEER_ZOO_5_6_7_9\49_20210408 (180).JPG;1
\gato_domestico\cat_CaltechCameraTrap\58dabe35-23d2-11e8-a6a3-ec086b02610b.jpg;1
\caballo\HORSE_ZOO_1_4\2_20201117 (334).JPG;1
\jabali\WILDBOAR_ZOO_1_4\20_20210115 (151).JPG;1
\cervidae\corzo_Saul Martin_FRAMES_SIN_REPETIDOS_REVISADOS_DIEGO\IMAG0034_frame380.jpg;1
\vacia\vacia_Paco_Carro_JC\MDGC0467.JPG;0
\vaca\COW_ZOO_5_6_7_9\9_20210615 (2152).JPG;1
\leporido\Lagomorpha1__diego_2_rev_donana\21_20201025 (2853).JPG;1
\cervidae\CERVIDREDORFALLOWDEER_ZOO_5_6_7_9\15_20210219 (868) (2021_04_15 06_16_22 UTC).JPG;1
\vacia\empty_IslandConservationCameraTraps\micronesia_cam16_cam16june2019_20190618080003_rcnx3118.jpg;0
\gato_domestico\cat_IslandConservationCameraTraps\puertorico_25_20141124_034728_img_0050.jpg;1
\vacia\empty_IslandConservationCameraTraps\micronesia_cam06_cam06june2019_trap_20190617120000_178.jpg;0
\gato_domestico\cat_IslandConservationCameraTraps\palau_cam09a12132018_20181114_204829_rcnx1017.jpg;1
\vacia\NOANIMAL_ZOO_1_4\34_20210115 (1822).JPG;0
\meloncillo\EGYPTIANMONGOOSE_ZOO_1_4\36_20201117 (344).JPG;1
\cervidae\deer_CaltechCameraTrap\596a4ccd-23d2-11e8-a6a3-ec086b02610b.jpg;1
\cervidae\CERVIDREDORFALLOWDEER_ZOO_5_6_7_9\18_20210417 (2998).JPG;1
\vacia\NOANIMAL_ZOO_5_6_7_9\39_20210218 (112) (2021_04_15 06_16_22 UTC).JPG;0
\vacia\vacias_1_de_2_PNC_2012_ISAAC\a49938IM000387.JPG;0
\humanovehiculo\humanos_Paco_Carro_JC\PICT0111.JPG;1
\vacia\vacias_PNM_2013-I_ISAAC\e1148IMAG0058.JPG;0
\zorro\zorro_PNM_2013-O_ISAAC\f4392IM000067.JPG;1
\lince\Lince_a_Linces2_Leo_JC\lince72 (1).JPG;1
\micromamiferos\micromamiferos_fotosManuelEmilio20200912\IMG_1147_x1.JPG;1
\caballo\HORSE_ZOO_1_4\10_20201117 (1187).JPG;1
\cervidae\CERVIDREDORFALLOWDEER_ZOO_5_6_7_9\15_20210219 (4347) (2021_04_15 06_16_22 UTC).JPG;1
\vacia\NOANIMAL_ZOO_5_6_7_9\50_20210408 (23428).JPG;0
\vacia\NOANIMAL_ZOO_5_6_7_9\39_20210318 (1423).JPG;0
\vaca\COW_ZOO_5_6_7_9\21_20210318 (14737).JPG;1
\jabali\WILDBOAR_ZOO_1_4\43_20201118 (140).JPG;1
\ave\OTHERSPECIES_ZOO_5_6_7_9\38_20210618 (745).JPG;1
\jabali\WILDBOAR_ZOO_1_4\37_20201116 (14663).JPG;1
\vacia\NOANIMAL_ZOO_5_6_7_9\25_20210417 (4546).JPG;0
\cervidae\ciervo_vacías_humanos_PNC_2012_ME\a44138IMAG0087.JPG;1
\cervidae\Ciervo_PNC_2012_JC\a44244IMAG0025.JPG;1
\cervidae\cervidae_PNM_2013-O_ME\f10449IM000107.JPG;1
\micromamiferos\micromamifero_WellingtonCameraTraps_SS\250616033752038cs523.JPG;1
\vacia\NOANIMAL_ZOO_5_6_7_9\50_20210417 (22457).JPG;0
\cervidae\ciervo_ME_rev_3_donana\26_20201020 (1905).JPG;1
\ave\OTHERSPECIES_ZOO_5_6_7_9\39_20210417 (4302).JPG;1
\vaca\cow_CaltechCameraTrap\591e3fdf-23d2-11e8-a6a3-ec086b02610b.jpg;1
\vaca\COW_ZOO_5_6_7_9\17_20210318 (998).JPG;1
\vacia\NOANIMAL_ZOO_1_4\6_20201812 (8817).JPG;0
\vacia\NOANIMAL_ZOO_1_4\28_20210115 (1280).JPG;0
\cervidae\CERVIDREDORFALLOWDEER_ZOO_1_4\32_20201022 (532).JPG;1
\vacia\vacia_Soraya_Padilla_Alumno_1_TH\STC_0058_frame090.jpg;0
\cervidae\CERVIDREDORFALLOWDEER_ZOO_1_4\18_20201024 (123).JPG;1
\cervidae\ciervo_Javi_3_JC\21_20201025 (3961).JPG;1
\vacia\empty_SnapshotMountainZebra\MTZ_S1_C06_R1_IMAG3453.JPG;0
\cervidae\CERVIDREDORFALLOWDEER_ZOO_1_4\21_20201025 (2740).JPG;1
\vacia\empty_caltechCameraTraps\59a17cd9-23d2-11e8-a6a3-ec086b02610b.jpg;0
\cervidae\ciervo_simone_2\37_20201024 (12953).JPG;1
\vacia\NOANIMAL_ZOO_1_4\29_20201218 (17).JPG;0
\cervidae\CERVIDREDORFALLOWDEER_ZOO_1_4\4_20210117 (2483).JPG;1
\cervidae\ciervo_PNC_2013-O_RED_ISAAC\b11454IMAG0192.JPG;1
\jabali\jabali_PNC_2013-O_RED_ISAAC\b19870IMAG0114.JPG;1
\cervidae\Ciervo_PNC_2014_JC\c23574IM000024.JPG;1
\humanovehiculo\HUMANORVEHICLE_ZOO_1_4\26_20201020 (18841).JPG;1
\vacia\NOANIMAL_ZOO_1_4\7_20210115 (1721).JPG;0
\cervidae\deer_CaltechCameraTrap\586c8728-23d2-11e8-a6a3-ec086b02610b.jpg;1
\vacia\Vacia_ME_rev_2_donana\11_20201027 (186).JPG;0
\zorro\Red fox_mammalWeb\62428.jpg;1
\cervidae\CERVIDREDORFALLOWDEER_ZOO_1_4\15_20201117 (4505).JPG;1
\vacia\empty_IslandConservationCameraTraps\dominicanrepublic_cam0425abril2015_20130808_030350_sunp0860.jpg;0
\humanovehiculo\humano_vehiculo_PNC_2013-I_ISAAC\5082IM000010.JPG;1
\vacia\vacias_2_de_2_PNC_2012_ISAAC\a49254IM000752.JPG;0
\vacia\vacia_javi_2_JC\33_20201025 (56).JPG;0
\cervidae\ciervo_PNM_2012_ISAAC\d3483IM000044.JPG;1
\vacia\SnampshotEnonkishu\ENO_S1_D06_R1_IMAG3915.JPG;0
\humanovehiculo\humanovehiculo_PNC_2014_manuel\c10944IMAG0018.JPG;1
\cervidae\Ciervo_PNC_2014_JC\c21752IM000121.JPG;1
\vacia\empty_caltechCameraTraps\597cd3fc-23d2-11e8-a6a3-ec086b02610b.jpg;0
\vacia\NOANIMAL_ZOO_5_6_7_9\49_20210418 (17312).JPG;0
\jabali\Jabali_PNC_2012_JC\a34173IM000403.JPG;1
\vacia\NOANIMAL_ZOO_5_6_7_9\2_20210618 (15608).JPG;0
\vacia\NOANIMAL_ZOO_5_6_7_9\24_20210615 (5516).JPG;0
\cervidae\corzo_alumno_2_AM_JC\DSCF0008_frame680.jpg;1
\cervidae\CERVIDREDORFALLOWDEER_ZOO_5_6_7_9\16_20210418 (164).JPG;1
\vacia\SnampshotEnonkishu\ENO_S1_B05_R1_IMAG0495.JPG;0
\vacia\empty_SnapshotMountainZebra\MTZ_S1_G04_R3_IMAG0688.JPG;0
\leporido\rabbit_IslandConservationCameraTraps\chile_piedra012013_1405201335039.jpg;1
\vacia\NOANIMAL_ZOO_1_4\26_20201020 (18087).JPG;0
\leporido\rabbit_IslandConservationCameraTraps\chile_frances012013_01012013180610.jpg;1
\vaca\COW_ZOO_5_6_7_9\21_20210318 (14926).JPG;1
\zorro\zorro_Leo_Otra_fauna_PASADA_POR_LA_RED_JC\Otrafauna (1852).jpg;1
\zorro\zorro_vacías_humanos_PNC_2012_ME\a15320IM000361.JPG;1
\jabali\WILDBOAR_ZOO_1_4\37_20201116 (16213).JPG;1
\vaca\cow_CaltechCameraTrap\58bd1a8a-23d2-11e8-a6a3-ec086b02610b.jpg;1
\gato_domestico\gato_WellingtonCameraTraps_SS\1403152010140835S083.JPG;1
\ave\bird_CaltechCameraTrap\59408273-23d2-11e8-a6a3-ec086b02610b.jpg;1
\vacia\vacias_1_de_2_PNC_2012_ISAAC\a41010IM000282.JPG;0
\cervidae\CERVIDREDORFALLOWDEER_ZOO_1_4\9_20201025 (406).JPG;1
\meloncillo\EGYPTIANMONGOOSE_ZOO_1_4\28_20201218 (3345).JPG;1
\jabali\WILDBOAR_ZOO_5_6_7_9\15_20210219 (10622) (2021_04_15 06_16_22 UTC).JPG;1
\cervidae\ciervo_Javi_3_JC\21_20201025 (133).JPG;1
\vacia\empty_IslandConservationCameraTraps\dominicanrepublic_cam1826julio2015_20150701_124817_img_0779.jpg;0
\cervidae\ciervo_PNM_2013-O_ISAAC\f10838IMAG0070.JPG;1
\caballo\HORSE_ZOO_1_4\38_20201117 (2083).JPG;1
\jabali\WILDBOAR_ZOO_5_6_7_9\31_20210219 (361) (2021_04_15 06_16_22 UTC).JPG;1
\cervidae\CERVIDREDORFALLOWDEER_ZOO_5_6_7_9\10_20210618 (595).JPG;1
\vacia\NOANIMAL_ZOO_1_4\43_20201217 (2175).JPG;0
\micromamiferos\rat_IslandConservationCameraTraps\micronesia_cam06_cam06june2019_pig_20190629212018_1231.jpg;1
\ave\OTHERSPECIES_ZOO_1_4\21_20201025 (3588).JPG;1
\perro\dog_caltechCameraTraps\5a116c7f-23d2-11e8-a6a3-ec086b02610b.jpg;1
\micromamiferos\micromamifero_WellingtonCameraTraps_SS\270716044046009as132.JPG;1
\micromamiferos\rat_IslandConservationCameraTraps\micronesia_cam08_cam08june2019_20190629171805_rcnx0056.jpg;1
\vaca\COW_ZOO_1_4\21_20201217 (4890).JPG;1
\cervidae\ciervo_PNC_2014_ISAAC\c24291IMAG0025.JPG;1
\caballo\HORSE_ZOO_1_4\15_20210117 (1202).JPG;1
\leporido\rabbit_IslandConservationCameraTraps\chile_piedra012013_19012013233638.jpg;1
\cervidae\ciervo_PNC_2013-I_RED_ME\7382IM000050.JPG;1
\vaca\COW_ZOO_1_4\24_20201019 (1295).JPG;1
\vacia\empty_IslandConservationCameraTraps\ecuador2_ic1621a_20181117_093237_img_0282.jpg;0
\jabali\WILDBOAR_ZOO_1_4\21_20201025 (4949).JPG;1
\jabali\WILDBOAR_ZOO_1_4\31_20201117 (191).JPG;1
\vaca\COW_ZOO_5_6_7_9\9_20210615 (1523).JPG;1
\cervidae\CERVIDREDORFALLOWDEER_ZOO_5_6_7_9\36_20210618 (6875).JPG;1
\zorro\Zorro_PNC_2014_JC\c25739IM000035.JPG;1
\cervidae\deer_CaltechCameraTrap\58af75ac-23d2-11e8-a6a3-ec086b02610b.jpg;1
\vacia\NOANIMAL_ZOO_1_4\6_20201812 (10749).JPG;0
\ave\ave_ave_WellingtonCameraTraps_SS\010116133116014c5902.JPG;1
\jabali\WILDBOAR_ZOO_1_4\31_20201218 (507).JPG;1
\vacia\empty_caltechCameraTraps\59c80413-23d2-11e8-a6a3-ec086b02610b.jpg;0
\vacia\NOANIMAL_ZOO_1_4\26_20201020 (11708).JPG;0
\jabali\WILDBOAR_ZOO_1_4\29_20201023 (410).JPG;1
\cervidae\ciervo_PNC_2014_ISAAC\c15629IM000042.JPG;1
\humanovehiculo\humano_vehiculo_PNM_2013-O_ISAAC\f1804IM000016.JPG;1
\cervidae\Ciervo_PNC_2012_JC\a6823IM000073.JPG;1
\vacia\NOANIMAL_ZOO_1_4\23_20201117 (889).JPG;0
\vacia\NOANIMAL_ZOO_5_6_7_9\2_20210618 (20117).JPG;0
\leporido\conejo_Paco_Carro_JC\PICT1399.JPG;1
\vacia\NOANIMAL_ZOO_1_4\7_20210115 (4106).JPG;0
\vacia\NOANIMAL_ZOO_5_6_7_9\13_20210218 (688) (2021_04_15 06_16_22 UTC).JPG;0
\humanovehiculo\humano_vehiculo_PNM_2012_ISAAC\d3046IM000013.JPG;1
\jabali\WILDBOAR_ZOO_1_4\37_20201116 (4852).JPG;1
\vacia\empty_caltechCameraTraps\599be74d-23d2-11e8-a6a3-ec086b02610b.jpg;0
\zorro\zorro_PNC_2013-I_RED_ME\9718IM000035.JPG;1
\cervidae\ciervo_PNC_2014_ISAAC\c27697IM000152.JPG;1
\cervidae\deer_CaltechCameraTrap\59aadb67-23d2-11e8-a6a3-ec086b02610b.jpg;1
\vacia\empty_caltechCameraTraps\595f7a9f-23d2-11e8-a6a3-ec086b02610b.jpg;0
\cervidae\CERVIDREDORFALLOWDEER_ZOO_5_6_7_9\19_20210319 (207).JPG;1
\lince\Lince_a_Linces2_Leo_JC\lince102 (173).JPG;1
\vacia\NOANIMAL_ZOO_5_6_7_9\5_20210319 (2926).JPG;0
\vacia\NOANIMAL_ZOO_5_6_7_9\25_20210615 (9540).JPG;0
\vacia\NOANIMAL_ZOO_1_4\34_20210115 (2557).JPG;0
\lince\Lince_a_Linces2_Leo_JC\lince90 (115).JPG;1
\vacia\empty_SnapshotMountainZebra\MTZ_S1_G04_R3_IMAG0377.JPG;0
\vacia\vacia_Paco_Carro_JC\IMG_0202.JPG;0
\gato_domestico\cat_IslandConservationCameraTraps\palau_cam13a12132018_20180930_210525_rcnx0615.jpg;1
\gato_domestico\gato_WellingtonCameraTraps_SS\050716094736043a7512.JPG;1
\vacia\NOANIMAL_ZOO_1_4\26_20201020 (3177).JPG;0
\vacia\vacias_2_de_2_PNC_2012_ISAAC\a46844IM000833.JPG;0
\ave\bird_CaltechCameraTrap\59f2c54b-23d2-11e8-a6a3-ec086b02610b.jpg;1
\cervidae\CERVIDREDORFALLOWDEER_ZOO_5_6_7_9\28_20210615 (3170).JPG;1
\vacia\NOANIMAL_ZOO_5_6_7_9\18_20210417 (8953).JPG;0
\humanovehiculo\humanovehiculo_PNC_2014_manuel\c12347IMAG0093.JPG;1
\cervidae\CERVIDREDORFALLOWDEER_ZOO_5_6_7_9\28_20210615 (5276).JPG;1
\humanovehiculo\humanovehiculo_Caltech\59a17b7a-23d2-11e8-a6a3-ec086b02610b.jpg;1
\vacia\NOANIMAL_ZOO_1_4\26_20201117 (1380).JPG;0
\jabali\WILDBOAR_ZOO_1_4\20_20210115 (1060).JPG;1
\vacia\empty_IslandConservationCameraTraps\dominicanrepublic_cam1826julio2015_20150707_130138_img_1451.jpg;0
\leporido\rabbit_CaltechCameraTrap_ME\5938c237-23d2-11e8-a6a3-ec086b02610b.jpg;1
\gato_domestico\gato_WellingtonCameraTraps_SS\0906151935320359L101.JPG;1
\vacia\empty_IslandConservationCameraTraps\dominicanrepublic_cam1826julio2015_20150703_115616_img_1046.jpg;0
\vacia\NOANIMAL_ZOO_5_6_7_9\13_20210218 (903) (2021_04_15 06_16_22 UTC).JPG;0
\cervidae\2_Ciervos_PNC_2014_JC\c27802IM000053.JPG;1
\leporido\rabbit_CaltechCameraTrap_ME\59452b8e-23d2-11e8-a6a3-ec086b02610b.jpg;1
\garduna\Garduna_PNC_2013-O_ME\b19510IMAG0079.JPG;1
\vacia\empty_IslandConservationCameraTraps\dominicanrepublic_cam1826julio2015_20150626_114651_img_0223.jpg;0
\lince\Lince_b_Linces2_Leo_JC\lince182 (31).JPG;1
\cervidae\CERVIDREDORFALLOWDEER_ZOO_5_6_7_9\24_20210318 (3946).JPG;1
\cervidae\CERVIDREDORFALLOWDEER_ZOO_1_4\9_20201025 (380).JPG;1
\humanovehiculo\humano_vehiculo_PNM_2012_ISAAC\d11372IM000017.JPG;1
\cervidae\ciervo_PNC_2013-O_RED_ISAAC\b18298IM000128.JPG;1
\leporido\rabbit_CaltechCameraTrap_ME\59531b7d-23d2-11e8-a6a3-ec086b02610b.jpg;1
\ave\ave_ave_WellingtonCameraTraps_SS\010416092420025bs223.JPG;1
\jabali\WILDBOAR_ZOO_5_6_7_9\31_20210318 (770).JPG;1
\jabali\jabali_javi_JC\37_20201024 (1440).JPG;1
\vacia\empty_IslandConservationCameraTraps\ecuador1_ic1611_20150101_000004_img_1127.jpg;0
\cervidae\CERVIDREDORFALLOWDEER_ZOO_5_6_7_9\38_20210618 (317).JPG;1
\leporido\rabbit_IslandConservationCameraTraps\chile_frances022013_06052013132339.jpg;1
\vacia\NOANIMAL_ZOO_5_6_7_9\50_20210408 (19791).JPG;0
\tejon\tejon_alumno_2_AM_JC\STC_0062_frame020.jpg;1
\cervidae\ciervo_PNM_2012_ISAAC\d14123IMAG0055.JPG;1
\vaca\COW_ZOO_5_6_7_9\21_20210418 (2071).JPG;1
\leporido\rabbit_CaltechCameraTrap_ME\58c97cea-23d2-11e8-a6a3-ec086b02610b.jpg;1
\vacia\NOANIMAL_ZOO_1_4\34_20210115 (3058).JPG;0
\vacia\empty_caltechCameraTraps\59c4bfe8-23d2-11e8-a6a3-ec086b02610b.jpg;0
\vacia\NOANIMAL_ZOO_1_4\26_20201020 (5475).JPG;0
\tejon\Tejon_PEPE_IREC_JC\IMAG0081_(2).JPG;1
\vacia\vacia_Paco_Carro_JC\IMG_0369.JPG;0
\leporido\conejo_WellingtonCameraTraps_SS\050416132010024as071.JPG;1
\ave\ave_ave_WellingtonCameraTraps_SS\170816163816003a9483.JPG;1
\cervidae\CERVIDREDORFALLOWDEER_ZOO_1_4\24_20210115 (1574).JPG;1
\humanovehiculo\humanovehiculo_PNM_2013-I_ME\e4357IM000048.JPG;1
\cervidae\CERVIDREDORFALLOWDEER_ZOO_5_6_7_9\47_20210418 (1855).JPG;1
\zorro\zorro_javi_2_JC\32_20201022 (191).JPG;1
\vacia\NOANIMAL_ZOO_1_4\10_20201117 (7150).JPG;0
\vacia\vacia_Paco_Carro_JC\IMG_0393 (2).JPG;0
\vacia\vacias_PNC_2014_ISAAC\c1638IM000522.JPG;0
\vacia\vacias_2_de_2_PNC_2012_ISAAC\a53061IM000420.JPG;0
\ave\bird_CaltechCameraTrap\5a24a6f2-23d2-11e8-a6a3-ec086b02610b.jpg;1
\zorro\Zorro_PNC_2014_JC\c27292IM000086.JPG;1
\vaca\COW_ZOO_1_4\21_20201217 (4896).JPG;1
\cervidae\CERVIDREDORFALLOWDEER_ZOO_1_4\21_20201025 (1949).JPG;1
\vacia\NOANIMAL_ZOO_1_4\4_20201220 (7048).JPG;0
\vacia\empty_SnapshotMountainZebra\MTZ_S1_E06_R3_IMAG1351.JPG;0
\jabali\jabali_javi_2_JC\28_20201019 (1752).JPG;1
\cervidae\CERVIDREDORFALLOWDEER_ZOO_1_4\24_20210115 (2788).JPG;1
\leporido\Lagomorpha2__diego_2_rev_donana\6_20201023 (3261).JPG;1
\jabali\WILDBOAR_ZOO_1_4\37_20201116 (2392).JPG;1
\vacia\NOANIMAL_ZOO_1_4\2_20210115 (7351).JPG;0
\cervidae\CERVIDREDORFALLOWDEER_ZOO_1_4\21_20201025 (58).JPG;1
\cervidae\ciervo_vacías_humanos_PNC_2012_ME\a2623IM000274.JPG;1
\vacia\empty_SnapshotMountainZebra\MTZ_S1_D07_R1_IMAG1758.JPG;0
\vacia\NOANIMAL_ZOO_1_4\6_20201812 (9212).JPG;0
\jabali\WILDBOAR_ZOO_1_4\37_20201116 (1786).JPG;1
\humanovehiculo\humanovehiculo_leo_donana\0013989.JPG;1
\humanovehiculo\humanovehiculo_ss\8_20201029 (402).JPG;1
\vacia\vacia_Paco_Carro_JC\01100512.JPG;0
\ave\raven_IslandConservationCameraTraps\dominicanrepublic_cam11401octubre2017_20170922_073033_img_0032.jpg;1
\jabali\jabali_PNC_2013-O_RED_ISAAC\b1603IMAG0127.JPG;1
\leporido\rabbit_IslandConservationCameraTraps\chile_frances012013_20122012203739.jpg;1
\jabali\WILDBOAR_ZOO_5_6_7_9\20_20210219 (994) (2021_04_15 06_16_22 UTC).JPG;1
\leporido\rabbit_CaltechCameraTrap_ME\58857bee-23d2-11e8-a6a3-ec086b02610b.jpg;1
\vacia\NOANIMAL_ZOO_5_6_7_9\50_20210417 (23670).JPG;0
\cervidae\ciervo_PNC_2013-O_RED_ISAAC\b18855IMAG0199.JPG;1
\caballo\caballos_javier_JC\2_20201117 (4677).JPG;1
\zorro\Zorro_PNC_2013-O_ME\b17475IM000019.JPG;1
\vacia\vacia_Paco_Carro_JC\PICT0121 (2).JPG;0
\zorro\zorro_PNC_2013-O_RED_ISAAC\b5413IM000128.JPG;1
\caballo\HORSE_ZOO_5_6_7_9\44_20210618 (867).JPG;1
\jabali\WILDBOAR_ZOO_1_4\11_20201217 (284).JPG;1
\ave\American Crow_ena24\8074.jpg;1
\vacia\vacia_alumno_AM_2\39_20201019 (186).JPG;0
\vacia\empty_SnapshotMountainZebra\MTZ_S1_C06_R3_IMAG2389.JPG;0
\cervidae\CERVIDREDORFALLOWDEER_ZOO_1_4\21_20201025 (78).JPG;1
\zorro\Red Fox_ena24\3654.jpg;1
\vacia\empty_IslandConservationCameraTraps\chile_piedra012013_04062013141953.jpg;0
\humanovehiculo\humanovehiculo_vacías_humanos_PNC_2012_ME\a3575IM000005.JPG;1
\humanovehiculo\HUMANORVEHICLE_ZOO_1_4\24_20201019 (29).JPG;1
\vacia\empty_IslandConservationCameraTraps\dominicanrepublic_cam1725abril2015_20150406_093530_img_0102.jpg;0
\vacia\empty_SnapshotMountainZebra\MTZ_S1_D05_R1_IMAG2195.JPG;0
\vacia\vacias_1_de_2_PNC_2012_ISAAC\a38917IMAG0659.JPG;0
\cervidae\3_Ciervos_PNC2012_JC\a19096IM000223.JPG;1
\cervidae\ciervo_PNM_2012_ISAAC\d2405IM000696.JPG;1
\vaca\cow_CaltechCameraTrap\58c664b7-23d2-11e8-a6a3-ec086b02610b.jpg;1
\vaca\cow_CaltechCameraTrap\5894609b-23d2-11e8-a6a3-ec086b02610b.jpg;1
\mapache\raccoon_CaltechCameraTrap_ME\5931004d-23d2-11e8-a6a3-ec086b02610b.jpg;1
\cervidae\CERVIDREDORFALLOWDEER_ZOO_1_4\34_20201024 (2171).JPG;1
\cervidae\deer_CaltechCameraTrap\59fae51d-23d2-11e8-a6a3-ec086b02610b.jpg;1
\cervidae\Ciervo_PNC_2014_JC\c9781IM000030.JPG;1
\micromamiferos\rat_IslandConservationCameraTraps\dominicanrepublic_cam2418mayo2017_20170512_015734_img_0070.jpg;1
\vacia\SnampshotEnonkishu\ENO_S1_D06_R1_IMAG4309.JPG;0
\vacia\NOANIMAL_ZOO_5_6_7_9\2_20210618 (14477).JPG;0
\vaca\COW_ZOO_1_4\21_20210114 (82).JPG;1
\ave\ave_ave_WellingtonCameraTraps_SS\200116173634044as083.JPG;1
\ave\American Crow_ena24\8524.jpg;1
\vacia\Vacias_PNM_2013-0_ME\f9800IM000432.JPG;0
\vacia\NOANIMAL_ZOO_5_6_7_9\39_20210417 (1349).JPG;0
\gato_domestico\gato_WellingtonCameraTraps_SS\1207151603320745L094.JPG;1
\cervidae\ciervo_Paco_Carro_JC\PICT0097.JPG;1
\cervidae\deer_CaltechCameraTrap\59d75275-23d2-11e8-a6a3-ec086b02610b.jpg;1
\cervidae\Ciervo_PNC_2014_JC\c26300IM000051.JPG;1
\ave\ave_ave_WellingtonCameraTraps_SS\040116141728013c3421.JPG;1
\cervidae\CERVIDREDORFALLOWDEER_ZOO_1_4\4_20201220 (2553).JPG;1
\cervidae\ciervo_vacías_humanos_PNC_2012_ME\a32607IM000707.JPG;1
\gato_domestico\cat_CaltechCameraTrap\58a1cb87-23d2-11e8-a6a3-ec086b02610b.jpg;1
\vaca\vaca_alumno_1_AM_2\15_20201024 (7924).JPG;1
\vacia\NOANIMAL_ZOO_5_6_7_9\2_20210417 (17864).JPG;0
\vacia\empty_SnapshotMountainZebra\MTZ_S1_C06_R1_IMAG3405.JPG;0
\cervidae\CERVIDREDORFALLOWDEER_ZOO_1_4\26_20201020 (3473).JPG;1
\vacia\NOANIMAL_ZOO_5_6_7_9\28_20210219 (243) (2021_04_15 06_16_22 UTC).JPG;0
\vacia\vacia_Paco_Carro_JC\IMG_0004 (3).JPG;0
\vacia\empty_SnapshotMountainZebra\MTZ_S1_D05_R1_IMAG0895.JPG;0
\vacia\vacia_Paco_Carro_JC\IMG_1294.JPG;0
\cervidae\CERVIDREDORFALLOWDEER_ZOO_5_6_7_9\35_20210218 (440) (2021_04_15 06_16_22 UTC).JPG;1
\vacia\vacias_PNM_2013-O_ISAAC\f15695IMAG0477.JPG;0
\lince\Lince_a_Linces2_Leo_JC\lince110 (48).jpg;1
\vacia\NOANIMAL_ZOO_1_4\17_20201026 (644).JPG;0
\vacia\NOANIMAL_ZOO_1_4\34_20210115 (7119).JPG;0
\vacia\empty_SnapshotMountainZebra\MTZ_S1_D05_R1_IMAG2855.JPG;0
\ave\ave_Soraya_Padilla_Alumno_1_TH\DSCF0087_frame080.jpg;1
\cervidae\ciervo_PNC_2013-O_RED_ISAAC\b18401IM000126.JPG;1
\vacia\NOANIMAL_ZOO_5_6_7_9\50_20210417 (22745).JPG;0
\jabali\jabali_alumno_1_AM_2\28_20201019 (1698).JPG;1
\vacia\NOANIMAL_ZOO_5_6_7_9\32_20210218 (3530) (2021_04_15 06_16_22 UTC).JPG;0
\zorro\zorro_PNM_2012_ISAAC\d13488IM000117.JPG;1
\gato_domestico\cat_IslandConservationCameraTraps\dominicanrepublic_cam1626junio2015_20150530_161235_img_0026.jpg;1
\vacia\NOANIMAL_ZOO_1_4\7_20210115 (3272).JPG;0
\cervidae\ciervo_PNC_2013-I_ME\5564IMAG0041.JPG;1
\humanovehiculo\humanovehiculo_PNM_2013-I_ME\e5413IMAG0015.JPG;1
\lince\Lince_a_Linces2_Leo_JC\lince102 (99).JPG;1
\ave\ave_ave_WellingtonCameraTraps_SS\040216145844044b7485.JPG;1
\leporido\2_conejo_alumno_2_2_TH_JC\6_20201023 (2543).JPG;1
\vacia\NOANIMAL_ZOO_5_6_7_9\19_20210319 (1067).JPG;0
\humanovehiculo\humanovehiculo_PNC_2014_manuel\c15117IMAG0591.JPG;1
\vacia\NOANIMAL_ZOO_1_4\26_20201020 (16018).JPG;0
\cervidae\CERVIDREDORFALLOWDEER_ZOO_5_6_7_9\3_20210218 (214) (2021_04_15 06_16_22 UTC).JPG;1
\jabali\Jabali_PNC_2012_JC\a35745IMAG0023.JPG;1
\cervidae\CERVIDREDORFALLOWDEER_ZOO_5_6_7_9\21_20210615 (220).JPG;1
\vacia\empty_IslandConservationCameraTraps\ecuador1_ic1619_20181202_151359_img_2147.jpg;0
\jabali\WILDBOAR_ZOO_1_4\37_20201024 (12347).JPG;1
\caballo\caballos_javier_JC\2_20201117 (3538).JPG;1
\cervidae\CERVIDREDORFALLOWDEER_ZOO_5_6_7_9\15_20210219 (6870) (2021_04_15 06_16_22 UTC).JPG;1
\leporido\LEPORIDRABBITORHARE_ZOO_1_4\21_20201025 (5471).JPG;1
\caballo\caballos_javier_JC\2_20201117 (423).JPG;1
\jabali\WILDBOAR_ZOO_1_4\11_20210114 (387).JPG;1
\jabali\jabali_PNC_2013-I_ME\2630IM000058.JPG;1
\cervidae\Ciervo_PNC_2012_JC\a13938IM000136.JPG;1
\cervidae\ciervo_vacías_humanos_PNC_2012_ME\a19053IM000177.JPG;1
\caballo\HORSE_ZOO_5_6_7_9\15_20210219 (8651) (2021_04_15 06_16_22 UTC).JPG;1
\cervidae\CERVIDREDORFALLOWDEER_ZOO_5_6_7_9\15_20210219 (7142) (2021_04_15 06_16_22 UTC).JPG;1
\jabali\jabali_PNC_2014_manuel\c6297IM000244.JPG;1
\cervidae\CERVIDREDORFALLOWDEER_ZOO_5_6_7_9\15_20210219 (7073) (2021_04_15 06_16_22 UTC).JPG;1
\vacia\NOANIMAL_ZOO_1_4\34_20210115 (4285).JPG;0
\cervidae\cervidae_alumno_AM_2\21_20201025 (2028).JPG;1
\humanovehiculo\car_CaltechCameraTrap_ME\vehiculo\5a23102e-23d2-11e8-a6a3-ec086b02610b.jpg;1
\zorro\zorro_PNM_2012_ISAAC\d13689IM000069.JPG;1
\lince\linces_fecha_Linces2_Leo_JC\3_Lince_flecha_Linces2_Leo_JC\lince130 (534).JPG;1
\vacia\NOANIMAL_ZOO_1_4\7_20210115 (3744).JPG;0
\vacia\vacias_PNC_2013-I_RED_ME\8976IM000234.JPG;0
\cervidae\CERVIDREDORFALLOWDEER_ZOO_1_4\16_20201119 (253).JPG;1
\vacia\empty_SnapshotMountainZebra\MTZ_S1_D06_R1_IMAG1972.JPG;0
\gato_domestico\gato_WellingtonCameraTraps_SS\03101510145801940151.JPG;1
\gato_domestico\gato_WellingtonCameraTraps_SS\251016011428044a1131.JPG;1
\humanovehiculo\humanovehiculo_PNC_2013-O_RED_ISAAC\b19746IMAG0328.JPG;1
\vacia\NOANIMAL_ZOO_5_6_7_9\25_20210417 (3127).JPG;0
\mapache\raccoon_CaltechCameraTrap_ME\5931012a-23d2-11e8-a6a3-ec086b02610b.jpg;1
\vacia\empty_SnapshotMountainZebra\MTZ_S1_G04_R3_IMAG0207.JPG;0
\gato_domestico\cat_CaltechCameraTrap\58df6940-23d2-11e8-a6a3-ec086b02610b.jpg;1
\vacia\NOANIMAL_ZOO_1_4\42_20201026 (10).JPG;0
\vacia\Vacio__diego_2_rev_donana\37_20201024 (6400).JPG;0
\humanovehiculo\humano_vehiculo_PNM_2012_ISAAC\d106IM000047.JPG;1
\cervidae\CERVIDREDORFALLOWDEER_ZOO_5_6_7_9\5_20210219 (180) (2021_04_15 06_16_22 UTC).JPG;1
\leporido\Conejo_Leo_Otra_fauna_PASADA_POR_LA_RED_JC\Otrafauna (1562).JPG;1
\mapache\raccoon_CaltechCameraTrap_ME\58c97d6c-23d2-11e8-a6a3-ec086b02610b.jpg;1
\cervidae\CERVIDREDORFALLOWDEER_ZOO_5_6_7_9\19_20210417 (293).JPG;1
\vacia\NOANIMAL_ZOO_5_6_7_9\24_20210615 (1497).JPG;0
\lince\Lince_a_Linces2_Leo_JC\Lince53 (77).JPG;1
\vaca\COW_ZOO_5_6_7_9\17_20210418 (274).JPG;1
\vacia\NOANIMAL_ZOO_1_4\39_20210115 (1429).JPG;0
\gato_domestico\gato_WellingtonCameraTraps_SS\280916215546034bs534.JPG;1
\vacia\NOANIMAL_ZOO_5_6_7_9\2_20210618 (14452).JPG;0
\vaca\COW_ZOO_5_6_7_9\9_20210615 (1405).JPG;1
\cervidae\CERVIDREDORFALLOWDEER_ZOO_1_4\21_20201025 (837).JPG;1
\vacia\NOANIMAL_ZOO_1_4\6_20201812 (8339).JPG;0
\vacia\empty_caltechCameraTraps\5a09698e-23d2-11e8-a6a3-ec086b02610b.jpg;0
\vacia\NOANIMAL_ZOO_5_6_7_9\24_20210418 (3114).JPG;0
\cervidae\2_ciervo_simone_2\37_20201024 (11751).JPG;1
\cervidae\cervidae_ME_rev_1_donana\40_20201024 (8737).JPG;1
\vacia\NOANIMAL_ZOO_5_6_7_9\25_20210417 (17098).JPG;0
\ave\ave_PNM_2013-I_ME\e1402IMAG0099.JPG;1
\vacia\NOANIMAL_ZOO_5_6_7_9\32_20210615 (4122).JPG;0
\jabali\WILDBOAR_ZOO_1_4\12_20201118 (124).JPG;1
\vacia\vacias_PNM_2013-O_ISAAC\f5627IMAG0037.JPG;0
\vacia\empty_SnapshotMountainZebra\MTZ_S1_C06_R3_IMAG0786.JPG;0
\vacia\NOANIMAL_ZOO_1_4\7_20201025 (240).JPG;0
\vacia\vacias_PNM_2013-O_ISAAC\f2492IMAG0259.JPG;0
\cervidae\2_ciervo_simone_2\37_20201024 (8688).JPG;1
\cervidae\ciervo_vacías_humanos_PNC_2012_ME\a2556IM000204.JPG;1
\vacia\empty_IslandConservationCameraTraps\dominicanrepublic_cam0520octubre2015_20130827_095513_sunp0143.jpg;0
\jabali\WILDBOAR_ZOO_1_4\37_20201116 (5140).JPG;1
\vacia\SnampshotEnonkishu\ENO_S1_B03_R1_IMAG1515.JPG;0
\humanovehiculo\HUMANORVEHICLE_ZOO_5_6_7_9\1_20210219 (4) (2021_04_15 06_16_22 UTC).JPG;1
\cervidae\ciervo_PNC_2014_ISAAC\c27884IM000127.JPG;1
\ave\Chicken_ena24\6440.jpg;1
\jabali\JABALI_PNM_2012_ISAAC\d15639IM000061.JPG;1
\gato_domestico\gato_WellingtonCameraTraps_SS\29111512175802859191.JPG;1
\vacia\NOANIMAL_ZOO_1_4\29_20201117 (282).JPG;0
\humanovehiculo\humanovehiculo_PNC_2014_manuel\c20059IM000008.JPG;1
\cervidae\2_Ciervos_PNC_2014_JC\c21496IM000056.JPG;1
\cervidae\CERVIDREDORFALLOWDEER_ZOO_1_4\40_20201215 (4098).JPG;1
\jabali\jabali_PNC_2014_manuel\c6130IM000084.JPG;1
\vacia\NOANIMAL_ZOO_1_4\6_20201116 (6578).JPG;0
\tejon\EUROPEANBADGER_ZOO_5_6_7_9\47_20210615 (12).JPG;1
\lince\Lince_b_Linces2_Leo_JC\lince228 (639).JPG;1
\ave\Pheasant_mammalWeb\96008.jpg;1
\ave\ave_ave_WellingtonCameraTraps_SS\100516120240027b1122.JPG;1
\vacia\empty_SnapshotMountainZebra\MTZ_S1_D06_R1_IMAG1925.JPG;0
\vacia\vacia_Paco_Carro_JC\IMG_0134.JPG;0
\cervidae\ciervo_PNM_2012_ME\d1246IM000694.JPG;1
\vacia\SnampshotEnonkishu\ENO_S1_D03_R1_IMAG1893.JPG;0
\vacia\NOANIMAL_ZOO_5_6_7_9\25_20210417 (15681).JPG;0
\leporido\rabbit_CaltechCameraTrap_ME\592de66f-23d2-11e8-a6a3-ec086b02610b.jpg;1
\gato_domestico\cat_IslandConservationCameraTraps\palau_cam04a12132018_20180919_081000_rcnx1316.jpg;1
\vacia\vacias_PNC_2014_ISAAC\c8316IM000662.JPG;0
\gato_domestico\gato_WellingtonCameraTraps_SS\110816184510011a5906.JPG;1
\ave\ave_PNM_2013-O_ISAAC\f27278IMAG0274.JPG;1
\vacia\NOANIMAL_ZOO_5_6_7_9\25_20210417 (2369).JPG;0
\zorro\zorro_PNM_2013-I_ISAAC\e4797IM000043.JPG;1
\vacia\empty_caltechCameraTraps\5965ab3d-23d2-11e8-a6a3-ec086b02610b.jpg;0
\cervidae\CERVIDREDORFALLOWDEER_ZOO_5_6_7_9\15_20210219 (6693) (2021_04_15 06_16_22 UTC).JPG;1
\leporido\rabbit_IslandConservationCameraTraps\chile_frances022013_19042013140934.jpg;1
\cervidae\CIERVO_PNM_2013-I_ISAAC\e2900IM000011.JPG;1
\vacia\empty_SnapshotMountainZebra\MTZ_S1_D07_R1_IMAG0266.JPG;0
\cervidae\CERVIDREDORFALLOWDEER_ZOO_5_6_7_9\17_20210318 (252).JPG;1
\humanovehiculo\car_CaltechCameraTrap_ME\vehiculo\59641e0a-23d2-11e8-a6a3-ec086b02610b.jpg;1
\ave\chicken_IslandConservationCameraTraps\palau_cam09a12132018_20181018_154159_rcnx0728.jpg;1
\ave\shearwater_IslandConservationCameraTraps\chile_piedra012013_1201201340720.jpg;1
\cervidae\ciervo_PNC_2014_ISAAC\c27678IM000132.JPG;1
\lince\Lince_a_Linces2_Leo_JC\lince122 (71).JPG;1
\vacia\empty_caltechCameraTraps\59518e67-23d2-11e8-a6a3-ec086b02610b.jpg;0
\vacia\NOANIMAL_ZOO_5_6_7_9\19_20210319 (35).JPG;0
\humanovehiculo\humanovehiculo_ss\13_20201025 (16).JPG;1
\vacia\Nothing_mammalWeb\1028.jpg;0
\perro\dog_caltechCameraTraps\598dea20-23d2-11e8-a6a3-ec086b02610b.jpg;1
\gato_domestico\cat_CaltechCameraTrap\588dbc3f-23d2-11e8-a6a3-ec086b02610b.jpg;1
\cervidae\cervidae_buscar_cab_isaac_sin_contar\2_20201215 (2627).JPG;1
\lince\Lince_a_Linces2_Leo_JC\lince50 (68).JPG;1
\cervidae\2_ciervo_simone_2\37_20201024 (474).JPG;1
\cervidae\2_Ciervo_Paco_Carro_camarasliron_4_2_PASADAS_POR_LA_RED_JC\MDGC0209.JPG;1
\vacia\NOANIMAL_ZOO_1_4\6_20201812 (13208).JPG;0
\jabali\WILDBOAR_ZOO_5_6_7_9\19_20210319 (1046).JPG;1
\vacia\NOANIMAL_ZOO_1_4\6_20201812 (15089).JPG;0
\leporido\rabbit_IslandConservationCameraTraps\chile_piedra012013_07032013165357.jpg;1
\vacia\NOANIMAL_ZOO_5_6_7_9\24_20210318 (8669).JPG;0
\vacia\empty_IslandConservationCameraTraps\dominicanrepublic_cam1626junio2015_20150622_101330_img_0049.jpg;0
\vacia\NOANIMAL_ZOO_1_4\7_20210115 (4191).JPG;0
\leporido\rabbit_CaltechCameraTrap_ME\58678b90-23d2-11e8-a6a3-ec086b02610b.jpg;1
\leporido\conejo_alumno_2_2_TH_JC\6_20201023 (2918).JPG;1
\lince\Lince_b_Linces2_Leo_JC\lince171 (90).JPG;1
\leporido\rabbit_IslandConservationCameraTraps\chile_frances022013_26052013121406.jpg;1
\vacia\NOANIMAL_ZOO_5_6_7_9\24_20210615 (19995).JPG;0
\cervidae\2_Ciervo_PNC_2013-O_ME\b15953IM000189.JPG;1
\vacia\vacia_Soraya_Padilla_Alumno_1_TH\STC_0347_frame010.jpg;0
\zorro\REDFOX_ZOO_5_6_7_9\48_20210418 (59).JPG;1
\cervidae\CERVIDREDORFALLOWDEER_ZOO_5_6_7_9\28_20210615 (1282).JPG;1
\vacia\NOANIMAL_ZOO_1_4\26_20201020 (6110).JPG;0
\ave\bird_CaltechCameraTrap\59aadc74-23d2-11e8-a6a3-ec086b02610b.jpg;1
\garduna\Garduna_PNC_2012_JC\a3504IM000056.JPG;1
\leporido\3_conejo_Paco_Carro_JC\PICT1796.JPG;1
\ave\bird_CaltechCameraTrap\58eac95d-23d2-11e8-a6a3-ec086b02610b.jpg;1
\vacia\NOANIMAL_ZOO_1_4\34_20210115 (1437).JPG;0
\vacia\vacias_PNM_2013-O_ISAAC\f2347IMAG0105.JPG;0
\mapache\raccoon_CaltechCameraTrap_ME\5957c43d-23d2-11e8-a6a3-ec086b02610b.jpg;1
\leporido\rabbit_IslandConservationCameraTraps\chile_frances012013_25122012145510.jpg;1
\leporido\rabbit_IslandConservationCameraTraps\chile_frances022013_2604201360725.jpg;1
\leporido\conejo_alumno_1_TH\Conejo_alumno_2_AM_JC\Orycun (44)_frame080.jpg;1
\zorro\REDFOX_ZOO_5_6_7_9\11_20210418 (554).JPG;1
\cervidae\CERVIDREDORFALLOWDEER_ZOO_5_6_7_9\15_20210219 (9882) (2021_04_15 06_16_22 UTC).JPG;1
\vacia\empty_IslandConservationCameraTraps\ecuador1_ic1611_20150101_000004_img_0472.jpg;0
\vacia\empty_IslandConservationCameraTraps\dominicanrepublic_cam0426enero2016_20160115_192302_sunp0054.jpg;0
\cervidae\ciervo_Javi_3_JC\15_20201024 (2882).JPG;1
\leporido\rabbit_IslandConservationCameraTraps\chile_frances012013_2312201260651.jpg;1
\vacia\vacia_alumno_1_AM\10_20201019 (420).JPG;0
\cervidae\CERVIDREDORFALLOWDEER_ZOO_5_6_7_9\16_20210418 (294).JPG;1
\gato_domestico\gato_WellingtonCameraTraps_SS\150616011152046b6371.JPG;1
\micromamiferos\rat_IslandConservationCameraTraps\micronesia_cam09_cam09june2019_20190618180423_rcnx0230.jpg;1
\vacia\NOANIMAL_ZOO_5_6_7_9\50_20210417 (21349).JPG;0
\vacia\empty_caltechCameraTraps\59d0e14d-23d2-11e8-a6a3-ec086b02610b.jpg;0
\zorro\ZORRO_PNM_2012_ISAAC\d15966FILE0025.JPG;1
\vaca\COW_ZOO_5_6_7_9\49_20210418 (2036).JPG;1
\zorro\zorro_PNC_2013-I_RED_ME\9752IM000071.JPG;1
\cervidae\deer_CaltechCameraTrap\59b7a895-23d2-11e8-a6a3-ec086b02610b.jpg;1
\cervidae\CERVIDREDORFALLOWDEER_ZOO_5_6_7_9\46_20210418 (352).JPG;1
\jabali\WILDBOAR_ZOO_1_4\31_20210115 (413).JPG;1
\vaca\cow_CaltechCameraTrap\58ddd7f9-23d2-11e8-a6a3-ec086b02610b.jpg;1
\gato_domestico\cat_CaltechCameraTrap\58e597f9-23d2-11e8-a6a3-ec086b02610b.jpg;1
\cervidae\ciervo_Paco_Carro_JC\PICT2157.JPG;1
\gato_domestico\gato_WellingtonCameraTraps_SS\061116201354021cs143.JPG;1
\cervidae\CERVIDREDORFALLOWDEER_ZOO_5_6_7_9\46_20210618 (665).JPG;1
\vacia\empty_IslandConservationCameraTraps\dominicanrepublic_cam1826junio2015_20150504_123013_img_0088.jpg;0
\leporido\conejo_Paco_Carro_JC\PICT0695.JPG;1
\vacia\empty_IslandConservationCameraTraps\puertorico_26_20150215_141754_ek000569.jpg;0
\jabali\WILDBOAR_ZOO_1_4\25_20201117 (236).JPG;1
\cervidae\cervidae_alumno_2_TH\34_20201024 (4041).JPG;1
\vacia\NOANIMAL_ZOO_1_4\26_20201020 (8328).JPG;0
\humanovehiculo\car_CaltechCameraTrap_ME\vehiculo\59c66a78-23d2-11e8-a6a3-ec086b02610b.jpg;1
\vacia\NOANIMAL_ZOO_5_6_7_9\25_20210417 (4127).JPG;0
\ave\ave_ave_WellingtonCameraTraps_SS\300616122648049as433.JPG;1
\cervidae\2_corzo_alumno_2_AM_JC\STC_0354_frame230.jpg;1
\vacia\NOANIMAL_ZOO_1_4\7_20210115 (4038).JPG;0
\cervidae\CERVIDREDORFALLOWDEER_ZOO_5_6_7_9\19_20210219 (979) (2021_04_15 06_16_22 UTC).JPG;1
\vacia\NOANIMAL_ZOO_1_4\26_20201020 (10323).JPG;0
\jabali\WILDBOAR_ZOO_5_6_7_9\31_20210318 (290).JPG;1
\leporido\rabbit_CaltechCameraTrap_ME\593a4d02-23d2-11e8-a6a3-ec086b02610b.jpg;1
\cervidae\CERVIDREDORFALLOWDEER_ZOO_5_6_7_9\18_20210417 (560).JPG;1
\cervidae\CERVIDREDORFALLOWDEER_ZOO_1_4\24_20201218 (478).JPG;1
\cervidae\CERVIDREDORFALLOWDEER_ZOO_1_4\15_20210117 (8465).JPG;1
\vaca\COW_ZOO_1_4\2_20201215 (4306).JPG;1
\zorro\zorro_PNC_2013-I_RED_ME\6772IM000082.JPG;1
\cervidae\CERVIDREDORFALLOWDEER_ZOO_5_6_7_9\22_20210417 (6079).JPG;1
\cervidae\ciervo_simone_2\40_20201024 (8647).JPG;1
\vacia\empty_IslandConservationCameraTraps\dominicanrepublic_cam11518mayo2017a_20170121_124648_img_0222.jpg;0
\vacia\NOANIMAL_ZOO_1_4\43_20201217 (1835).JPG;0
\vacia\empty_IslandConservationCameraTraps\dominicanrepublic_cam0425abril2015_20130821_043302_sunp3937.jpg;0
\vacia\vacias_PNC_2014_ISAAC\c7286IM000088.JPG;0
\vacia\vacias_PNC_2014_ISAAC\c9397IM000138.JPG;0
\humanovehiculo\humanovehiculo_vacías_humanos_PNC_2012_ME\a621IM000004.JPG;1
\lince\Lince_a_Linces2_Leo_JC\lince123 (110).JPG;1
\ave\raven_IslandConservationCameraTraps\dominicanrepublic_cam2416marzo2016_20160226_080448_img_0033.jpg;1
\vacia\empty_caltechCameraTraps\5a130a61-23d2-11e8-a6a3-ec086b02610b.jpg;0
\vacia\empty_IslandConservationCameraTraps\dominicanrepublic_cam0425abril2015_20130828_023523_sunp6673.jpg;0
\jabali\WILDBOAR_ZOO_1_4\37_20201116 (7169).JPG;1
\jabali\WILDBOAR_ZOO_5_6_7_9\28_20210219 (2289) (2021_04_15 06_16_22 UTC).JPG;1
\vacia\empty_caltechCameraTraps\59e2a51e-23d2-11e8-a6a3-ec086b02610b.jpg;0
\cervidae\CERVIDREDORFALLOWDEER_ZOO_5_6_7_9\28_20210615 (350).JPG;1
\vacia\NOANIMAL_ZOO_5_6_7_9\49_20210418 (16602).JPG;0
\zorro\zorro_PNC_2014_manuel\c18148IMAG0015.JPG;1
\cervidae\CERVIDREDORFALLOWDEER_ZOO_1_4\15_20201117 (4161).JPG;1
\micromamiferos\rat_IslandConservationCameraTraps\micronesia_cam06_cam06june2019_pig_20190629202317_1654.jpg;1
\vacia\NOANIMAL_ZOO_5_6_7_9\50_20210408 (603).JPG;0
\zorro\zorro_PNC_2012_JC\a49957IM000407.JPG;1
\vaca\COW_ZOO_1_4\21_20201025 (3525).JPG;1
\cervidae\CERVIDREDORFALLOWDEER_ZOO_5_6_7_9\46_20210418 (645).JPG;1
\vacia\NOANIMAL_ZOO_5_6_7_9\24_20210418 (7994).JPG;0
\vacia\NOANIMAL_ZOO_1_4\15_20201117 (7503).JPG;0
\zorro\zorro_PNM_2013-O_ISAAC\f3982IM000055.JPG;1
\vacia\NOANIMAL_ZOO_5_6_7_9\49_20210418 (3402).JPG;0
\vacia\vacias_1_de_2_PNC_2012_ISAAC\a49754IM000192.JPG;0
\vacia\NOANIMAL_ZOO_5_6_7_9\25_20210417 (12081).JPG;0
\vaca\COW_ZOO_1_4\2_20201117 (927).JPG;1
\vacia\empty_IslandConservationCameraTraps\dominicanrepublic_cam0425abril2015_20130807_065358_sunp0712.jpg;0
\vacia\vacias_2_de_2_PNC_2012_ISAAC\a52521IM000068.JPG;0
\vacia\empty_caltechCameraTraps\599d7c3c-23d2-11e8-a6a3-ec086b02610b.jpg;0
\cervidae\ciervo_PNM_2013-I_ISAAC\e1663IM000135.JPG;1
\vacia\NOANIMAL_ZOO_1_4\19_20201117 (170).JPG;0
\cervidae\ciervo_PNC_2014_ISAAC\c23296IM000026.JPG;1
\perro\dog_IslandConservationCameraTraps\dominicanrepublic_cam228noviembre2015_20151106_042519_img_0154.jpg;1
\caballo\HORSE_ZOO_5_6_7_9\15_20210219 (1364) (2021_04_15 06_16_22 UTC).JPG;1
\vacia\NOANIMAL_ZOO_5_6_7_9\20_20210219 (375) (2021_04_15 06_16_22 UTC).JPG;0
\leporido\rabbit_CaltechCameraTrap_ME\595c6948-23d2-11e8-a6a3-ec086b02610b.jpg;1
\vacia\NOANIMAL_ZOO_5_6_7_9\25_20210319 (10798).JPG;0
\vacia\empty_IslandConservationCameraTraps\dominicanrepublic_cam0425abril2015_20130808_041706_sunp1040.jpg;0
\vacia\NOANIMAL_ZOO_5_6_7_9\50_20210408 (19283).JPG;0
\ave\chicken_IslandConservationCameraTraps\palau_cam13a12132018_20181101_091348_rcnx1115.jpg;1
\vacia\NOANIMAL_ZOO_1_4\26_20201020 (8032).JPG;0
\micromamiferos\rat_IslandConservationCameraTraps\micronesia_cam08_cam08june2019_20190629174035_rcnx0095.jpg;1
\cervidae\CERVIDREDORFALLOWDEER_ZOO_1_4\14_20210114 (17).JPG;1
\leporido\rabbit_CaltechCameraTrap_ME\58eac822-23d2-11e8-a6a3-ec086b02610b.jpg;1
\vacia\empty_SnapshotMountainZebra\MTZ_S1_E04_R1_IMAG0118.JPG;0
\cervidae\ciervo_Paco_Carro_JC\PICT1513.JPG;1
\lince\linces_fecha_Linces2_Leo_JC\3_Lince_flecha_Linces2_Leo_JC\lince172 (95).JPG;1
\vacia\NOANIMAL_ZOO_1_4\6_20201812 (9669).JPG;0
\vacia\empty_SnapshotMountainZebra\MTZ_S1_G04_R3_IMAG2640.JPG;0
\lince\Lince_a_Linces2_Leo_JC\lince87 (20).JPG;1
\vaca\COW_ZOO_1_4\21_20201217 (4167).JPG;1
\jabali\jabali_vacías_humanos_PNC_2012_ME\a35247IM000097.JPG;1
\vacia\NOANIMAL_ZOO_5_6_7_9\2_20210417 (19385).JPG;0
\gato_domestico\cat_IslandConservationCameraTraps\chile_piedra012013_20032013214448.jpg;1
\mapache\raccoon_CaltechCameraTrap_ME\58c034b3-23d2-11e8-a6a3-ec086b02610b.jpg;1
\ave\aves_ME_CASA\IMG_0710.JPG;1
\vacia\NOANIMAL_ZOO_5_6_7_9\5_20210417 (1650).JPG;0
\vacia\NOANIMAL_ZOO_1_4\6_20201812 (8452).JPG;0
\humanovehiculo\car_CaltechCameraTrap_ME\vehiculo\5a116d65-23d2-11e8-a6a3-ec086b02610b.jpg;1
\ave\ave_PNC_2014_manuel\c30717IM000014.JPG;1
\zorro\zorro_PNM_2012_ME\d13440IM000073.JPG;1
\ave\ave_ave_WellingtonCameraTraps_SS\041116124640023bs081.JPG;1
\ave\shearwater_IslandConservationCameraTraps\chile_vaqueria2013_1101201333317.jpg;1
\meloncillo\2_Meloncillo_PEPE_IREC_JC\IMAG0319.JPG;1
\leporido\rabbit_CaltechCameraTrap_ME\58b4aa6a-23d2-11e8-a6a3-ec086b02610b.jpg;1
\humanovehiculo\humano_vehiculo_PNC_2013-I_ISAAC\4363IMAG0335.JPG;1
\vacia\empty_caltechCameraTraps\5a0fd0f4-23d2-11e8-a6a3-ec086b02610b.jpg;0
\vacia\vacias_2_de_2_PNC_2012_ISAAC\a7785IM000101.JPG;0
\humanovehiculo\car_CaltechCameraTrap_ME\vehiculo\599a5ad0-23d2-11e8-a6a3-ec086b02610b.jpg;1
\humanovehiculo\humanovehiculo_ss\38_20201019 (8).JPG;1
\vacia\NOANIMAL_ZOO_5_6_7_9\24_20210418 (14409).JPG;0
\vacia\empty_IslandConservationCameraTraps\dominicanrepublic_cam11618mayo2017b_20170129_103923_img_0102.jpg;0
\vacia\empty_SnapshotMountainZebra\MTZ_S1_G04_R3_IMAG2928.JPG;0
\humanovehiculo\car_CaltechCameraTrap_ME\vehiculo\593bdc99-23d2-11e8-a6a3-ec086b02610b.jpg;1
\jabali\WILDBOAR_ZOO_1_4\20_20210115 (25).JPG;1
\vacia\empty_SnapshotMountainZebra\MTZ_S1_D05_R1_IMAG1783.JPG;0
\meloncillo\Meloncillo_PEPE_IREC_JC\IMAG0051.JPG;1
\zorro\zorro_PNC_2013-O_RED_ISAAC\b565IMAG0055.JPG;1
\humanovehiculo\humanovehiculo_PNM_2013-I_ME\e3897IM000019.JPG;1
\vacia\vacia_alumno_2_2_TH_JC\27_20201023 (7540).JPG;0
\humanovehiculo\HUMANORVEHICLE_ZOO_5_6_7_9\15_20210219 (11276) (2021_04_15 06_16_22 UTC).JPG;1
\vacia\vacias_2_de_2_PNC_2012_ISAAC\a53005IM000361.JPG;0
\vacia\vacia_ss\28_20201019 (2777).JPG;0
\vacia\empty_IslandConservationCameraTraps\dominicanrepublic_cam1125abril2015_20150413_172151_img_1274.jpg;0
\vaca\COW_ZOO_1_4\4_20210117 (1927).JPG;1
\lince\Lince_a_Linces2_Leo_JC\lince122 (64).JPG;1
\cervidae\ciervo_simone_2\34_20201024 (4304).JPG;1
\lince\Lince_b_Linces2_Leo_JC\lince150 (53).JPG;1
\vacia\NOANIMAL_ZOO_1_4\40_20201215 (3714).JPG;0
\jabali\WILDBOAR_ZOO_5_6_7_9\24_20210418 (4147).JPG;1
\mapache\raccoon_CaltechCameraTrap_ME\5a0c9a39-23d2-11e8-a6a3-ec086b02610b.jpg;1
\garduna\GARDUÑA_PNM_2012_ISAAC\d1457IM000087.JPG;1
\humanovehiculo\humanovehiculo_leo_donana\0008611.JPG;1
\cervidae\CERVIDREDORFALLOWDEER_ZOO_1_4\29_20201117 (917).JPG;1
\leporido\conejo_WellingtonCameraTraps_SS\191016170018035a5021.JPG;1
\vacia\empty_IslandConservationCameraTraps\dominicanrepublic_cam0425abril2015_20130826_044005_sunp6113.jpg;0
\cervidae\CERVIDREDORFALLOWDEER_ZOO_5_6_7_9\49_20210615 (433).JPG;1
\caballo\HORSE_ZOO_5_6_7_9\15_20210219 (2874) (2021_04_15 06_16_22 UTC).JPG;1
\vacia\vacias_PNC_2014_ISAAC\c9479IM000225.JPG;0
\jabali\jabali_javi_JC\40_20201024 (1503).JPG;1
\vacia\vacias_PNM_2013-O_ISAAC\f2457IMAG0222.JPG;0
\cervidae\CERVIDREDORFALLOWDEER_ZOO_5_6_7_9\5_20210417 (4654).JPG;1
\cervidae\CERVIDREDORFALLOWDEER_ZOO_5_6_7_9\2_20210319 (4043).JPG;1
\vacia\vacia_alumno_2_AM_JC\DSCF0180_frame204.jpg;0
\cervidae\CERVIDREDORFALLOWDEER_ZOO_1_4\21_20201025 (4279).JPG;1
\vacia\NOANIMAL_ZOO_1_4\37_20201116 (5076).JPG;0
\meloncillo\EGYPTIANMONGOOSE_ZOO_1_4\32_20201117 (262).JPG;1
\ave\ave_Soraya_Padilla_Alumno_1_TH\DSCF0061_frame110.jpg;1
\vacia\NOANIMAL_ZOO_5_6_7_9\24_20210418 (15545).JPG;0
\vacia\empty_IslandConservationCameraTraps\micronesia_cam16_cam16june2019_20190615165003_rcnx2388.jpg;0
\jabali\WILDBOAR_ZOO_1_4\15_20210117 (7785).JPG;1
\caballo\caballos_alumno_AM\caballos_alumno_AM\2_20201215 (3520).JPG;1
\vacia\NOANIMAL_ZOO_5_6_7_9\25_20210417 (4018).JPG;0
\zorro\Zorro_Pepe_IREC\Zorro_Pepe_Irec_ME\IMAG0017_(19).JPG;1
\cervidae\ciervo_vacías_humanos_PNC_2012_ME\a33010IM000027.JPG;1
\vacia\NOANIMAL_ZOO_5_6_7_9\2_20210618 (15492).JPG;0
\humanovehiculo\humano_vehiculo_PNM_2013-O_ISAAC\f8130IM000003.JPG;1
\lince\Lince_a_Linces2_Leo_JC\Lince59 (56).JPG;1
\zorro\zorro_PNC_2014_manuel\c28751IM000020.JPG;1
\vacia\NOANIMAL_ZOO_1_4\20_20210115 (1555).JPG;0
\lince\Lince_a_Linces2_Leo_JC\lince103 (281).JPG;1
\cervidae\Ciervo_PNC_2012_JC\a19602IM000263.JPG;1
\vacia\NOANIMAL_ZOO_1_4\25_20201218 (5777).JPG;0
\gato_domestico\gato_WellingtonCameraTraps_SS\0105151508220237S061.JPG;1
\cervidae\CERVIDREDORFALLOWDEER_ZOO_1_4\6_20201116 (714).JPG;1
\micromamiferos\rat_IslandConservationCameraTraps\micronesia_cam06_cam06june2019_pig_20190629205144_1427.jpg;1
\lince\Lince_b_Linces2_Leo_JC\lince224 (39).JPG;1
\cervidae\ciervo_simone_2\34_20201024 (2791).JPG;1
\zorro\Zorro_PNC_2014_JC\c363IM000017.JPG;1
\jabali\Jabali_PNC_2012_JC\a30056IM000227.JPG;1
\tejon\Tejon_PNC_2014_JC\c5214IM000057.JPG;1
\vacia\empty_SnapshotMountainZebra\MTZ_S1_D06_R1_IMAG1361.JPG;0
\vacia\vacia_alumno_1_AM\40_20201024 (411).JPG;0
\leporido\LEPORIDRABBITORHARE_ZOO_1_4\11_20201118 (288).JPG;1
\cervidae\CERVIDREDORFALLOWDEER_ZOO_5_6_7_9\19_20210219 (1229) (2021_04_15 06_16_22 UTC).JPG;1
\cervidae\ciervo_alumno_2_TH\34_20201024 (1989).JPG;1
\vacia\NOANIMAL_ZOO_5_6_7_9\2_20210618 (21236).JPG;0
\vacia\NOANIMAL_ZOO_1_4\26_20201117 (1286).JPG;0
\zorro\Zorro_Pepe_IREC\Zorro_Pepe_Irec_ME\CA_18-02.25-20_52.JPG;1
\cervidae\CERVIDREDORFALLOWDEER_ZOO_5_6_7_9\2_20210319 (8075).JPG;1
\vacia\empty_caltechCameraTraps\59f12841-23d2-11e8-a6a3-ec086b02610b.jpg;0
\vacia\vacia_Paco_Carro_JC\01140036.JPG;0
\vaca\COW_ZOO_5_6_7_9\9_20210615 (2717).JPG;1
\micromamiferos\rodent_CaltechCameraTrap_JC\Roedor_ rodent_CaltechCameraTrap_JC\59e43f47-23d2-11e8-a6a3-ec086b02610b.jpg;1
\ave\OTHERSPECIES_ZOO_1_4\15_20210117 (7233).JPG;1
\ave\ave_ave_WellingtonCameraTraps_SS\030816092100037a2393.JPG;1
\vacia\empty_caltechCameraTraps\59a17d0d-23d2-11e8-a6a3-ec086b02610b.jpg;0
\zorro\zorro_PNM_2012_ME\d3424IM000012.JPG;1
\vacia\empty_IslandConservationCameraTraps\dominicanrepublic_cam1826julio2015_20150712_085718_img_1974.jpg;0
\lince\Lince_b_Linces2_Leo_JC\lince228 (244).JPG;1
\mapache\raccoon_CaltechCameraTrap_ME\595adc21-23d2-11e8-a6a3-ec086b02610b.jpg;1
\cervidae\CERVIDREDORFALLOWDEER_ZOO_1_4\15_20210117 (6359).JPG;1
\leporido\conejo_Paco_Carro_JC\PICT1895.JPG;1
\vacia\empty_IslandConservationCameraTraps\dominicanrepublic_cam2015abril2015_20150421_152731_img_6395.jpg;0
\vacia\NOANIMAL_ZOO_5_6_7_9\19_20210319 (1455).JPG;0
\cervidae\ciervo_PNC_2014_ISAAC\c30582IM000122.JPG;1
\cervidae\ciervo_simone_2\40_20201024 (8630).JPG;1
\meloncillo\meloncillo_PNC_2013-O_RED_ISAAC\b16872IMAG0040.JPG;1
\jabali\WILDBOAR_ZOO_1_4\15_20210117 (7860).JPG;1
\ave\ave_ave_WellingtonCameraTraps_SS\090716161434014as123.JPG;1
\vacia\empty_IslandConservationCameraTraps\dominicanrepublic_cam0425abril2015_20130826_045224_sunp6172.jpg;0
\humanovehiculo\humanovehiculo_PNM_2013-I_ME\e645IMAG0002.JPG;1
\vacia\empty_IslandConservationCameraTraps\micronesia_cam04april2019_20190413_233003_rcnx0528.jpg;0
\caballo\caballos_javier_JC\2_20201117 (611).JPG;1
\humanovehiculo\humano_vehiculo_PNC_2013-I_ISAAC\9216IM000005.JPG;1
\micromamiferos\rat_IslandConservationCameraTraps\dominicanrepublic_cam10701agosto2017_20161227_041818_img_0046.jpg;1
\vacia\Nothing_mammalWeb\313.jpg;0
\jabali\WILDBOAR_ZOO_5_6_7_9\31_20210219 (1073) (2021_04_15 06_16_22 UTC).JPG;1
\caballo\caballos_alumno_AM\caballos_alumno_AM\28_20201117 (570).JPG;1
\caballo\caballos_alumno_AM\caballos_alumno_AM\2_20201215 (10591).JPG;1
\vacia\empty_IslandConservationCameraTraps\dominicanrepublic_cam0425abril2015_20130821_013118_sunp3726.jpg;0
\vacia\vacias_PNM_2013-O_ISAAC\f2974IMAG0736.JPG;0
\cervidae\ciervo_PNC_2013-I_RED_ME\7078IM000072.JPG;1
\jabali\WILDBOAR_ZOO_1_4\19_20210115 (351).JPG;1
\jabali\jabali_PNM_2013-O_ISAAC\f4774IM000089.JPG;1
\vacia\NOANIMAL_ZOO_5_6_7_9\25_20210417 (8790).JPG;0
\vacia\empty_SnapshotMountainZebra\MTZ_S1_D07_R1_IMAG2362.JPG;0
\gato_domestico\cat_IslandConservationCameraTraps\puertorico_25_20150114_235234_img_0337.jpg;1
\vacia\empty_SnapshotMountainZebra\MTZ_S1_E05_R1_IMAG0596.JPG;0
\vacia\NOANIMAL_ZOO_5_6_7_9\39_20210417 (3218).JPG;0
\gato_domestico\cat_IslandConservationCameraTraps\palau_cam13a12132018_20181101_031756_rcnx1057.jpg;1
\vacia\NOANIMAL_ZOO_5_6_7_9\24_20210418 (6137).JPG;0
\ave\aves_fotosManuelEmilio20200912\IMG_0499.JPG;1
\vacia\NOANIMAL_ZOO_5_6_7_9\17_20210418 (161).JPG;0
\leporido\Eastern Cottontail_ena24\8372.jpg;1
\mapache\raccoon_CaltechCameraTrap_ME\5a263a2e-23d2-11e8-a6a3-ec086b02610b.jpg;1
\gato_domestico\cat_CaltechCameraTrap\5989423f-23d2-11e8-a6a3-ec086b02610b.jpg;1
\vacia\vacias_PNM_2013-O_ISAAC\f3437IMAG0317.JPG;0
\vacia\NOANIMAL_ZOO_5_6_7_9\2_20210417 (15297).JPG;0
\ave\ave_IslandConservationCameraTraps\ecuador2_ic1605_20181024_051623_img_0213.jpg;1
\cervidae\ciervo_Javi_3_JC\25_20201024 (673).JPG;1
\vacia\vacia_alumno_TH_3_TH_JC\10_20201019 (2114).JPG;0
\cervidae\ciervo_PNC_2013-O_RED_ISAAC\b7083FILE0229.JPG;1
\zorro\zorro_PNC_2014_manuel\c29749IM000101.JPG;1
\vacia\empty_IslandConservationCameraTraps\dominicanrepublic_cam1826junio2015_20150505_085551_img_1693.jpg;0
\cervidae\CIERVO_PNM_2012_ISAAC\d14538FILE0035.JPG;1
\cervidae\cervido_simone_2\34_20201024 (4066).JPG;1
\micromamiferos\micromamiferos_Paco_Carro_JC\IMG_0082 (4).JPG;1
\vacia\vacias_PNC_2014_ISAAC\c3793IMAG0130.JPG;0
\vacia\NOANIMAL_ZOO_1_4\6_20201812 (13947).JPG;0
\vacia\NOANIMAL_ZOO_5_6_7_9\2_20210417 (21694).JPG;0
\humanovehiculo\humano_vehiculo_PNM_2012_ISAAC\d1260IM000003.JPG;1
\jabali\WILDBOAR_ZOO_1_4\7_20201118 (542).JPG;1
\cervidae\ciervo_vacías_humanos_PNC_2012_ME\a19913IM000046.JPG;1
\vacia\empty_SnapshotMountainZebra\MTZ_S1_G04_R3_IMAG1161.JPG;0
\leporido\rabbit_IslandConservationCameraTraps\chile_frances012013_18122012152425.jpg;1
\vacia\vacia_alumno_1_TH\STC_0008_frame440.jpg;0
\leporido\rabbit_IslandConservationCameraTraps\chile_piedra012013_27042013160827.jpg;1
\vacia\vacia_Paco_Carro_JC\01130462.JPG;0
\jabali\jabali_PNC_2014_manuel\c6333IM000282.JPG;1
\vacia\empty_SnapshotMountainZebra\MTZ_S1_D07_R1_IMAG0786.JPG;0
\cervidae\Ciervo_Paco_Carro_camarasliron_4_2_PASADAS_POR_LA_RED_JC\MDGC0202.JPG;1
\leporido\conejo_Paco_Carro_JC\PICT0218.JPG;1
\vacia\NOANIMAL_ZOO_5_6_7_9\11_20210418 (2918).JPG;0
\vacia\empty_IslandConservationCameraTraps\dominicanrepublic_cam0425abril2015_20130821_050150_sunp4029.jpg;0
\jabali\WILDBOAR_ZOO_5_6_7_9\35_20210418 (460).JPG;1
\vacia\NOANIMAL_ZOO_1_4\10_20201019 (12519).JPG;0
\humanovehiculo\humano_buscar_cab_isaac_sin_contar\28_20201117 (4).JPG;1
\vacia\empty_IslandConservationCameraTraps\dominicanrepublic_cam1125abril2015_20150413_164926_img_1259.jpg;0
\lince\Lince_a_Linces2_Leo_JC\Lince60 (268).JPG;1
\micromamiferos\rat_IslandConservationCameraTraps\micronesia_cam06_cam06june2019_pig_20190629194643_11018.jpg;1
\zorro\zorro_Leo_Otra_fauna_PASADA_POR_LA_RED_JC\Otrafauna (369).JPG;1
\caballo\HORSE_ZOO_1_4\10_20201117 (1367).JPG;1
\caballo\HORSE_ZOO_1_4\15_20201117 (3866).JPG;1
\ave\American Crow_ena24\7953.jpg;1
\vacia\vacias_1_de_2_PNC_2012_ISAAC\a35710IMAG0035.JPG;0
\mapache\raccoon_CaltechCameraTrap_ME\5a16416d-23d2-11e8-a6a3-ec086b02610b.jpg;1
\zorro\Red fox_mammalWeb\90582.jpg;1
\cervidae\CERVIDREDORFALLOWDEER_ZOO_1_4\40_20201117 (1548).JPG;1
\cervidae\deer_CaltechCameraTrap\5a1fe768-23d2-11e8-a6a3-ec086b02610b.jpg;1
\vacia\vacia_Paco_Carro_JC\MDGC0149.JPG;0
\cervidae\Ciervo_alumno_2_AM_JC\Cerela (10)_frame140.jpg;1
\cervidae\cervidae_ME_rev_1_donana\26_20201020 (7206).JPG;1
\vacia\empty_caltechCameraTraps\59c669c3-23d2-11e8-a6a3-ec086b02610b.jpg;0
\cervidae\CERVIDREDORFALLOWDEER_ZOO_1_4\2_20201117 (5576).JPG;1
\vacia\empty_IslandConservationCameraTraps\ecuador1_cam1612_20150419_231127_img_0439.jpg;0
\vacia\vacia_alumno_2_AM_JC\STC_0005_frame430.jpg;0
\vacia\NOANIMAL_ZOO_1_4\2_20210115 (9644).JPG;0
\vacia\NOANIMAL_ZOO_5_6_7_9\24_20210318 (2098).JPG;0
\cervidae\CERVIDREDORFALLOWDEER_ZOO_1_4\17_20210114 (37).JPG;1
\cervidae\Ciervo_PNC_2012_JC\a20210IM000114.JPG;1
\jabali\jabali_PNC_2013-I_ME\3275IMAG0177.JPG;1
\tejon\tejon_alumno_2_AM_JC\DSCF0072_frame140.jpg;1
\humanovehiculo\car_CaltechCameraTrap_ME\vehiculo\5946b795-23d2-11e8-a6a3-ec086b02610b.jpg;1
\caballo\HORSE_ZOO_1_4\2_20201117 (408).JPG;1
\vacia\vacias_PNC_2013-O_RED_ISAAC\b5679IM000131.JPG;0
\vacia\NOANIMAL_ZOO_5_6_7_9\36_20210319 (2733).JPG;0
\vacia\NOANIMAL_ZOO_1_4\7_20210115 (2707).JPG;0
\tejon\3_Tejon_PEPE_IREC_JC\PTDC4380.JPG;1
\vaca\COW_ZOO_5_6_7_9\9_20210615 (2137).JPG;1
\leporido\rabbit_IslandConservationCameraTraps\chile_frances012013_20122012214816.jpg;1
\cervidae\ciervo_PNC_2014_ISAAC\c23763IMAG0270.JPG;1
\micromamiferos\micromamiferos_fotosManuelEmilio20200912\IMG_3697_x1.JPG;1
\vacia\NOANIMAL_ZOO_5_6_7_9\11_20210418 (3137).JPG;0
\ave\ave_ave_WellingtonCameraTraps_SS\090116124128049c1023.JPG;1
\vacia\empty_IslandConservationCameraTraps\dominicanrepublic_cam1425abril2015_20150412_115401_img_0996.jpg;0
\ave\OTHERSPECIES_ZOO_5_6_7_9\2_20210319 (3683).JPG;1
\vacia\NOANIMAL_ZOO_5_6_7_9\50_20210408 (7004).JPG;0
\vacia\empty_SnapshotMountainZebra\MTZ_S1_E06_R1_IMAG1986.JPG;0
\vacia\Nothing_mammalWeb\102290.jpg;0
\vacia\NOANIMAL_ZOO_5_6_7_9\50_20210408 (15261).JPG;0
\vacia\NOANIMAL_ZOO_5_6_7_9\49_20210418 (17373).JPG;0
\leporido\conejo_Paco_Carro_JC\PICT1534.JPG;1
\vacia\NOANIMAL_ZOO_5_6_7_9\24_20210418 (17377).JPG;0
\vacia\empty_caltechCameraTraps\59e77e05-23d2-11e8-a6a3-ec086b02610b.jpg;0
\lince\Lince_a_Linces2_Leo_JC\Lince52 (24).JPG;1
\gato_domestico\cat_IslandConservationCameraTraps\palau_cam13a12132018_20180919_203156_rcnx0505.jpg;1
\cervidae\ciervo_vacías_humanos_PNC_2012_ME\a14946IM000875.JPG;1
\cervidae\CERVIDREDORFALLOWDEER_ZOO_1_4\14_20210114 (1977).JPG;1
\vacia\vacia_Paco_Carro_JC\01130749.JPG;0
\vacia\vacia_ss\15_20201024 (132).JPG;0
\vacia\empty_IslandConservationCameraTraps\palau_cam6a12132018_20181130_120000_rcnx1665.jpg;0
\cervidae\CERVIDREDORFALLOWDEER_ZOO_5_6_7_9\10_20210219 (1250) (2021_04_15 06_16_22 UTC).JPG;1
\cervidae\2_ciervo_simone_2\34_20201024 (5331).JPG;1
\leporido\2_conejo_alumno_2_AM_JC\Orycun (43)_frame130.jpg;1
\zorro\zorro_Saul Martin_FRAMES_SIN_REPETIDOS_REVISADOS_DIEGO\IMAG0025_frame540.jpg;1
\vacia\SnampshotEnonkishu\ENO_S1_B03_R1_IMAG0743.JPG;0
\vacia\vacia_Paco_Carro_JC\MDGC0458.JPG;0
\gineta\Gineta_ME\f4052IM000114.JPG;1
\cervidae\CERVIDREDORFALLOWDEER_ZOO_1_4\21_20201025 (5095).JPG;1
\leporido\rabbit_CaltechCameraTrap_ME\596bd9df-23d2-11e8-a6a3-ec086b02610b.jpg;1
\cervidae\ciervo_PNC_2014_ISAAC\c9804IM000054.JPG;1
\caballo\HORSE_ZOO_1_4\10_20201117 (1248).JPG;1
\vacia\NOANIMAL_ZOO_5_6_7_9\25_20210417 (17106).JPG;0
\vacia\vacia_alumno_1_TH\STC_0029_frame140.jpg;0
\jabali\jabali_PNM_2013-O_ISAAC\f28222IMAG0797.JPG;1
\vacia\empty_IslandConservationCameraTraps\dominicanrepublic_cam1226junio2015_20150611_063346_img_0576.jpg;0
\humanovehiculo\humano_vehiculo_PNM_2013-O_ISAAC\f26918IMAG0010.JPG;1
\vaca\COW_ZOO_5_6_7_9\39_20210417 (1859).JPG;1
\leporido\conejo_Paco_Carro_JC\01050114.JPG;1
\ave\Ave_alumno_2_AM_JC\STC_0005 (2)_frame410.jpg;1
\caballo\caballos_alumno_AM\caballos_alumno_AM\9_20201712 (1394).JPG;1
\vaca\COW_ZOO_1_4\21_20201217 (5203).JPG;1
\vacia\NOANIMAL_ZOO_1_4\17_20201026 (26).JPG;0
\vacia\NOANIMAL_ZOO_1_4\4_20201220 (2153).JPG;0
\tejon\Tejon_PEPE_IREC_JC\IMAG0045_(7).JPG;1
\vaca\COW_ZOO_1_4\2_20210115 (3242).JPG;1
\lince\Lince_a_Linces2_Leo_JC\Lince53 (150).JPG;1
\jabali\WILDBOAR_ZOO_5_6_7_9\33_20210218 (231) (2021_04_15 06_16_22 UTC).JPG;1
\zorro\zorro_PNC_2014_manuel\c18831IMAG0017.JPG;1
\vacia\NOANIMAL_ZOO_1_4\26_20201020 (5337).JPG;0
\cervidae\ciervo_PNC_2013-I_ME\5533IMAG0008.JPG;1
\cervidae\Ciervo_PNC_2013-O_ME\b17824IM000121.JPG;1
\vacia\NOANIMAL_ZOO_5_6_7_9\25_20210417 (8941).JPG;0
\ave\ave_Soraya_Padilla_Alumno_1_TH\DSCF0040_frame110.jpg;1
\vacia\empty_SnapshotMountainZebra\MTZ_S1_D06_R1_IMAG2409.JPG;0
\leporido\rabbit_IslandConservationCameraTraps\chile_frances012013_0701201305805.jpg;1
\vacia\vacias_ME_CASA\IMG_0542.JPG;0
\cervidae\ciervo_PNC_2014_ISAAC\c24401IMAG0130.JPG;1
\vacia\NOANIMAL_ZOO_1_4\34_20210115 (8405).JPG;0
\cervidae\ciervo_Javi_3_JC\26_20201020 (1063).JPG;1
\meloncillo\Meloncillo_PEPE_IREC_JC\IMAG0626_(4).JPG;1
\cervidae\cervidae_buscar_cab_isaac_sin_contar\17_20201611 (223).JPG;1
\caballo\caballos_simone\4_20201220 (7671).JPG;1
\zorro\ZORRO_PNM_2012_ISAAC\d3903IM000161.JPG;1
\gato_domestico\gato_WellingtonCameraTraps_SS\110716145718013a6242.JPG;1
\vacia\vacia_Paco_Carro_JC\01130853.JPG;0
\jabali\jabali_javi_JC\37_20201024 (8647).JPG;1
\humanovehiculo\humano_vehiculo_PNC_2013-I_ISAAC\4369IMAG0341.JPG;1
\vaca\COW_ZOO_5_6_7_9\49_20210418 (2205).JPG;1
\vacia\NOANIMAL_ZOO_1_4\28_20201218 (1576).JPG;0
\zorro\Red Fox_ena24\3497.jpg;1
\vacia\NOANIMAL_ZOO_1_4\15_20201117 (8846).JPG;0
\humanovehiculo\HUMANORVEHICLE_ZOO_5_6_7_9\47_20210404 (9).JPG;1
\vacia\empty_SnapshotMountainZebra\MTZ_S1_C06_R1_IMAG3446.JPG;0
\vacia\NOANIMAL_ZOO_1_4\26_20201020 (2808).JPG;0
\ave\bird_CaltechCameraTrap\59e1040e-23d2-11e8-a6a3-ec086b02610b.jpg;1
\vacia\NOANIMAL_ZOO_5_6_7_9\24_20210418 (7519).JPG;0
\caballo\caballos_alumno_AM\caballos_alumno_AM\9_20201712 (871).JPG;1
\micromamiferos\micromamiferos_Paco_Carro_JC\IMG_0113.JPG;1
\gato_domestico\cat_CaltechCameraTrap\596eeefd-23d2-11e8-a6a3-ec086b02610b.jpg;1
\vacia\empty_IslandConservationCameraTraps\dominicanrepublic_cam0925septiembre2015_20150823_093311_img_0004.jpg;0
\vacia\NOANIMAL_ZOO_1_4\28_20201218 (15280).JPG;0
\jabali\Jabali_PNC_2014_JC\c13410IMAG0110.JPG;1
\cervidae\ciervo_PNC_2012_ISAAC\a19722IM000390.JPG;1
\humanovehiculo\humanovehiculo_PNC_2014_manuel\c28700IM000004.JPG;1
\perro\Domestic dog_mammalWeb\34097.jpg;1
\zorro\zorro_vacías_humanos_PNC_2012_ME\a29011IM000131.JPG;1
\jabali\WILDBOAR_ZOO_1_4\37_20201116 (10945).JPG;1
\ave\white-winged_dove_IslandConservationCameraTraps\dominicanrepublic_cam0619mayo2016_20160517_143632_img_0011.jpg;1
\vacia\NOANIMAL_ZOO_1_4\6_20201116 (6539).JPG;0
\cervidae\CERVIDREDORFALLOWDEER_ZOO_5_6_7_9\28_20210318 (15593).JPG;1
\vacia\NOANIMAL_ZOO_5_6_7_9\1_20210319 (434).JPG;0
\vaca\COW_ZOO_1_4\21_20201217 (4109).JPG;1
\garduna\Garduna_PNM_2013-0_ME\f26677IMAG0154.JPG;1
\jabali\jabali_javi_JC\11_20201027 (188).JPG;1
\vacia\empty_IslandConservationCameraTraps\micronesia_cam16_cam16june2019_20190612190503_rcnx1490.jpg;0
\zorro\Zorro_PNC_2014_JC\c29700IM000056.JPG;1
\humanovehiculo\humanovehiculo_PNC_2014_manuel\c18814IMAG0148.JPG;1
\vacia\vacia_Soraya_Padilla_Alumno_1_TH\STC_0058_frame010.jpg;0
\vacia\NOANIMAL_ZOO_5_6_7_9\36_20210618 (5979).JPG;0
\zorro\REDFOX_ZOO_1_4\11_20210114 (1036).JPG;1
\vacia\NOANIMAL_ZOO_5_6_7_9\24_20210615 (5523).JPG;0
\gato_domestico\gato_WellingtonCameraTraps_SS\010816145910009c7202.JPG;1
\zorro\zorro_PNC_2013-O_RED_ISAAC\b13685IM000102.JPG;1
\cervidae\cervicidae_alumno_TH_3_TH_JC\40_20201024 (3112).JPG;1
\lince\Lince_b_Linces2_Leo_JC\lince144 (83).JPG;1
\humanovehiculo\car_CaltechCameraTrap_ME\vehiculo\58ff0cfd-23d2-11e8-a6a3-ec086b02610b.jpg;1
\lince\Lince_b_Linces2_Leo_JC\lince133 (135).JPG;1
\vacia\vacias_PNM_2013-O_ISAAC\f15841IMAG0342.JPG;0
\humanovehiculo\humanovehiculo_PNC_2014_manuel\c9629IM000383.JPG;1
\cervidae\ciervo_PNC_2013-O_RED_ISAAC\b17606IM000145.JPG;1
\jabali\WILDBOAR_ZOO_5_6_7_9\44_20210418 (187).JPG;1
\zorro\zorro_PNM_2012_ME\d14701IMAG0031.JPG;1
\vacia\NOANIMAL_ZOO_5_6_7_9\2_20210417 (11188).JPG;0
\vacia\NOANIMAL_ZOO_5_6_7_9\2_20210417 (6301).JPG;0
\vacia\NOANIMAL_ZOO_5_6_7_9\20_20210319 (14895).JPG;0
\jabali\jabali_Leo_Otra_fauna_PASADA_POR_LA_RED_JC\Otrafauna (1508).JPG;1
\vacia\empty_IslandConservationCameraTraps\puertorico_5a_20150527_121056_img_2100.jpg;0
\tejon\Badger_mammalWeb\20085.jpg;1
\zorro\Zorro_Pepe_IREC\Zorro_Pepe_Irec_ME\IMAG0067_(3).JPG;1
\leporido\rabbit_IslandConservationCameraTraps\chile_frances022013_14052013140536.jpg;1
\zorro\ZORRO_PNM_2013-I_ISAAC\e2747IM000087.JPG;1
\vaca\COW_ZOO_5_6_7_9\21_20210418 (2264).JPG;1
\zorro\zorro_PNC_2014_manuel\c10940IMAG0014.JPG;1
\vacia\empty_caltechCameraTraps\59ffbc98-23d2-11e8-a6a3-ec086b02610b.jpg;0
\lince\Lince_b_Linces2_Leo_JC\lince228 (153).jpg;1
\zorro\Zorro_PNC_2014_JC\c27528IM000160.JPG;1
\humanovehiculo\car_CaltechCameraTrap_ME\vehiculo\591fd1d2-23d2-11e8-a6a3-ec086b02610b.jpg;1
\cervidae\CERVIDREDORFALLOWDEER_ZOO_5_6_7_9\18_20210319 (160).JPG;1
\cervidae\corzo_alumno_2_AM_JC\STC_0009 (2)_frame460.jpg;1
\vacia\vacia_alumno_2_AM\Melmel 17_frame320.jpg;0
\caballo\2_caballo_alumno_2_TH\26_20201020 (2938).JPG;1
\cervidae\CERVIDREDORFALLOWDEER_ZOO_1_4\28_20201218 (14927).JPG;1
\cervidae\3_Ciervos_PNC2012_JC\a27729IM000073.JPG;1
\cervidae\Cervidae1___diego_1_rev_donana\30_20201021 (11710).JPG;1
\vaca\COW_ZOO_5_6_7_9\49_20210418 (2274).JPG;1
\cervidae\deer_CaltechCameraTrap\59f5fcd0-23d2-11e8-a6a3-ec086b02610b.jpg;1
\vacia\NOANIMAL_ZOO_1_4\2_20210115 (11066).JPG;0
\vacia\NOANIMAL_ZOO_5_6_7_9\25_20210417 (5760).JPG;0
\jabali\WILDBOAR_ZOO_5_6_7_9\31_20210219 (1128) (2021_04_15 06_16_22 UTC).JPG;1
\vacia\NOANIMAL_ZOO_1_4\6_20201812 (9674).JPG;0
\ave\ave_Paco_Carro_JC\IMG_0269.JPG;1
\cervidae\ciervo_vacías_humanos_PNC_2012_ME\a19991IM000116.JPG;1
\jabali\WILDBOAR_ZOO_1_4\34_20201024 (2972).JPG;1
\cervidae\CERVIDREDORFALLOWDEER_ZOO_1_4\15_20201215 (5194).JPG;1
\ave\ave_Soraya_Padilla_Alumno_1_TH\STC_0163_frame070.jpg;1
\gato_domestico\gato_WellingtonCameraTraps_SS\28101520082806545021.JPG;1
\ave\shearwater_IslandConservationCameraTraps\chile_vaqueria2013_30122012232908.jpg;1
\cervidae\CERVIDREDORFALLOWDEER_ZOO_5_6_7_9\10_20210319 (12046).JPG;1
\caballo\HORSE_ZOO_5_6_7_9\44_20210618 (368).JPG;1
\vacia\empty_IslandConservationCameraTraps\micronesia_cam15_june2019_20190622074112_rcnx0040.jpg;0
\cervidae\CERVIDREDORFALLOWDEER_ZOO_5_6_7_9\35_20210218 (1228) (2021_04_15 06_16_22 UTC).JPG;1
\zorro\zorro_PNM_2012_ME\d3332IM000023.JPG;1
\vaca\cow_CaltechCameraTrap\59167b3c-23d2-11e8-a6a3-ec086b02610b.jpg;1
\garduna\garduna_PNM_2013-O_ME\f4409IM000234.JPG;1
\caballo\caballos_simone\4_20201220 (7594).JPG;1
\gato_domestico\gato_WellingtonCameraTraps_SS\0106150240380244S416.JPG;1
\cervidae\gamo_alumno_2_TH\33_20201025 (54).JPG;1
\gato_domestico\cat_CaltechCameraTrap\597b476c-23d2-11e8-a6a3-ec086b02610b.jpg;1
\cervidae\cervidae_buscar_cab_isaac_sin_contar\2_20201117 (4865).JPG;1
\vacia\empty_SnapshotMountainZebra\MTZ_S1_D05_R1_IMAG1844.JPG;0
\vacia\NOANIMAL_ZOO_5_6_7_9\36_20210618 (7752).JPG;0
\jabali\WILDBOAR_ZOO_1_4\16_20201119 (3).JPG;1
\cervidae\CERVIDREDORFALLOWDEER_ZOO_5_6_7_9\18_20210417 (376).JPG;1
\vacia\vacia_alumno_2_AM_JC\DSCF0400_frame210.jpg;0
\vacia\empty_SnapshotCamdeboo\CDB_S1_E04_R1_IMAG0003.JPG;0
\vacia\empty_SnapshotMountainZebra\MTZ_S1_E04_R1_IMAG0729.JPG;0
\zorro\zorro_PNC_2014_manuel\c11916IMAG0150.JPG;1
\vacia\vacia_alumno_1_AM\6_20201023 (3083).JPG;0
\cervidae\ciervo_PNC_2013-I_RED_ME\3399IM000075.JPG;1
\cervidae\Ciervo_PNC_2012_JC\a14611IM000553.JPG;1
\jabali\WILDBOAR_ZOO_5_6_7_9\20_20210219 (1168) (2021_04_15 06_16_22 UTC).JPG;1
\vacia\vacia_alumno_1_TH\Nada (46)_frame110.jpg;0
\vacia\NOANIMAL_ZOO_1_4\6_20201812 (8190).JPG;0
\ave\ave_ave_WellingtonCameraTraps_SS\040216155702011cs391.JPG;1
\lince\Lince_a_Linces2_Leo_JC\Lince60 (258).JPG;1
\vacia\empty_SnapshotMountainZebra\MTZ_S1_D05_R1_IMAG1378.JPG;0
\vacia\vacias_1_de_2_PNC_2012_ISAAC\a39412IMAG1166.JPG;0
\vacia\NOANIMAL_ZOO_5_6_7_9\25_20210417 (5297).JPG;0
\ave\ave_ave_WellingtonCameraTraps_SS\190516094008038as462.JPG;1
\vacia\empty_SnapshotKaroo\KAR_S1_F02_R1_IMAG2901.JPG;0
\vacia\NOANIMAL_ZOO_5_6_7_9\2_20210417 (17307).JPG;0
\vacia\empty_IslandConservationCameraTraps\dominicanrepublic_cam1826julio2015_20150708_114142_img_1673.jpg;0
\vacia\NOANIMAL_ZOO_1_4\21_20201217 (3114).JPG;0
\lince\linces_fecha_Linces2_Leo_JC\2_Lince_flecha_Linces2_Leo_JC\Lince48 (9).JPG;1
\gato_domestico\gato_WellingtonCameraTraps_SS\0107151102260745L091.JPG;1
\gato_domestico\gato_WellingtonCameraTraps_SS\200616015806016a1601.JPG;1
\vacia\vacia_alumno_1_TH\Nada (11)_frame070.jpg;0
\ave\bird_IslandConservationCameraTraps\micronesia_cam04_cam04june2019_20190625054003_rcnx0486.jpg;1
\vacia\empty_IslandConservationCameraTraps\dominicanrepublic_cam1425abril2015_20150415_125035_img_1498.jpg;0
\vacia\vacias_PNM_2013-O_ISAAC\f12936IM000349.JPG;0
\vacia\NOANIMAL_ZOO_5_6_7_9\49_20210418 (13098).JPG;0
\vaca\COW_ZOO_1_4\17_20201026 (476).JPG;1
\cervidae\CERVIDREDORFALLOWDEER_ZOO_5_6_7_9\36_20210319 (674).JPG;1
\vacia\vacias_2_de_2_PNC_2012_ISAAC\a5561IM000367.JPG;0
\ave\shearwater_IslandConservationCameraTraps\chile_vaqueria2013_1101201333319.jpg;1
\vacia\empty_caltechCameraTraps\598307b5-23d2-11e8-a6a3-ec086b02610b.jpg;0
\vacia\NOANIMAL_ZOO_5_6_7_9\39_20210615 (3677).JPG;0
\vacia\NOANIMAL_ZOO_1_4\34_20210115 (1423).JPG;0
\cervidae\Ciervo_PNC_2014_JC\c6603IM000044.JPG;1
\cervidae\CERVIDREDORFALLOWDEER_ZOO_5_6_7_9\28_20210615 (1085).JPG;1
\vacia\empty_caltechCameraTraps\5a263add-23d2-11e8-a6a3-ec086b02610b.jpg;0
\vacia\vacio_Saul Martin_FRAMES_SIN_REPETIDOS_REVISADOS_DIEGO\IMAG0023_frame420.jpg;0
\vacia\vacias_PNM_2013-O_ISAAC\f2715IMAG0495.JPG;0
\cervidae\deer_CaltechCameraTrap\58d47c27-23d2-11e8-a6a3-ec086b02610b.jpg;1
\vacia\empty_SnapshotMountainZebra\MTZ_S1_D04_R3_IMAG0375.JPG;0
\vacia\NOANIMAL_ZOO_1_4\34_20210115 (8447).JPG;0
\vacia\NOANIMAL_ZOO_5_6_7_9\25_20210319 (1817).JPG;0
\vacia\NOANIMAL_ZOO_1_4\6_20201116 (4376).JPG;0
\gato_domestico\Domestic cat_mammalWeb\32485.jpg;1
\zorro\zorro_PNC_2014_manuel\c10662IM000018.JPG;1
\vacia\NOANIMAL_ZOO_5_6_7_9\20_20210219 (1202) (2021_04_15 06_16_22 UTC).JPG;0
\vacia\NOANIMAL_ZOO_1_4\6_20201812 (14989).JPG;0
\vacia\NOANIMAL_ZOO_5_6_7_9\31_20210417 (1125).JPG;0
\caballo\caballos_TH_JC\17_20201611 (57).JPG;1
\vacia\NOANIMAL_ZOO_5_6_7_9\5_20210417 (1343).JPG;0
\zorro\zorro_PNC_2014_manuel\c29666IM000020.JPG;1
\zorro\zorro_vacías_humanos_PNC_2012_ME\a6876IM000047.JPG;1
\cervidae\CERVIDREDORFALLOWDEER_ZOO_5_6_7_9\10_20210618 (1361).JPG;1
\vacia\NOANIMAL_ZOO_5_6_7_9\10_20210219 (8455) (2021_04_15 06_16_22 UTC).JPG;0
\gato_domestico\cat_CaltechCameraTrap\585da93b-23d2-11e8-a6a3-ec086b02610b.jpg;1
\micromamiferos\rat_IslandConservationCameraTraps\palau_cam1a12122018_20181013_010413_rcnx0720.jpg;1
\mapache\raccoon_CaltechCameraTrap_ME\599a5bba-23d2-11e8-a6a3-ec086b02610b.jpg;1
\vacia\Vacio__diego_2_rev_donana\9_20201025 (185).JPG;0
\vacia\NOANIMAL_ZOO_5_6_7_9\2_20210618 (14207).JPG;0
\zorro\zorro_PNC_2013-O_RED_ISAAC\b17288IM000112.JPG;1
\vacia\NOANIMAL_ZOO_5_6_7_9\5_20210417 (4121).JPG;0
\ave\OTHERSPECIES_ZOO_1_4\18_20200130 (2083).JPG;1
\vacia\empty_SnapshotMountainZebra\MTZ_S1_D05_R3_IMAG0017.JPG;0
\vacia\empty_SnapshotKaroo\KAR_S1_C03_R1_IMAG0678.JPG;0
\cervidae\CERVIDREDORFALLOWDEER_ZOO_5_6_7_9\36_20210618 (6902).JPG;1
\vacia\empty_SnapshotCamdeboo\CDB_S1_D05_R2_IMAG0136.JPG;0
\gato_domestico\cat_IslandConservationCameraTraps\palau_cam02a12132018_20181019_145941_rcnx1005.jpg;1
\vacia\vacia_alumno_1_TH\Nada (6)_frame130.jpg;0
\vacia\NOANIMAL_ZOO_5_6_7_9\32_20210417 (5817).JPG;0
\lince\Lince_b_Linces2_Leo_JC\lince181 (28).JPG;1
\vacia\NOANIMAL_ZOO_5_6_7_9\2_20210618 (16673).JPG;0
\vacia\NOANIMAL_ZOO_1_4\15_20210117 (5006).JPG;0
\meloncillo\Meloncillo_PEPE_IREC_JC\IMAG0114_(2).JPG;1
\vacia\empty_IslandConservationCameraTraps\dominicanrepublic_cam1826julio2015_20150712_104609_img_2031.jpg;0
\vacia\NOANIMAL_ZOO_5_6_7_9\50_20210408 (17806).JPG;0
\humanovehiculo\humano_vehiculo_PNC_2013-I_ISAAC\1193IMAG0017.JPG;1
\cervidae\CERVIDREDORFALLOWDEER_ZOO_5_6_7_9\28_20210615 (2705).JPG;1
\ave\Chicken_ena24\5897.jpg;1
\vacia\empty_caltechCameraTraps\5a0fd1d1-23d2-11e8-a6a3-ec086b02610b.jpg;0
\zorro\ZORRO_PNM_2012_ISAAC\d13455IM000088.JPG;1
\vaca\COW_ZOO_5_6_7_9\21_20210418 (2543).JPG;1
\vacia\vacias_2_de_2_PNC_2012_ISAAC\a5904IM000713.JPG;0
\vacia\vacias_PNM_2012_ISAAC\d3090IM000060.JPG;0
\vacia\NOANIMAL_ZOO_5_6_7_9\25_20210417 (6258).JPG;0
\cervidae\2_Ciervo_PNC_2013-O_ME\b11964IMAG0407.JPG;1
\ave\ave_Soraya_Padilla_Alumno_1_TH\DSCF0026_frame040.jpg;1
\jabali\WILDBOAR_ZOO_1_4\37_20201116 (10687).JPG;1
\vacia\empty_IslandConservationCameraTraps\dominicanrepublic_cam1826junio2015_20150506_071909_img_3533.jpg;0
\cervidae\CERVIDREDORFALLOWDEER_ZOO_1_4\2_20201117 (3837).JPG;1
\ave\rail_IslandConservationCameraTraps\palau_cam04a12132018_20181024_170442_rcnx1922.jpg;1
\jabali\jabali_vacías_humanos_PNC_2012_ME\a6292IM000066.JPG;1
\humanovehiculo\HUMANORVEHICLE_ZOO_1_4\31_20210115 (538).JPG;1
\vacia\empty_caltechCameraTraps\599be86c-23d2-11e8-a6a3-ec086b02610b.jpg;0
\zorro\Red fox_mammalWeb\16580.jpg;1
\vacia\empty_caltechCameraTraps\59b4854c-23d2-11e8-a6a3-ec086b02610b.jpg;0
\cervidae\CERVIDREDORFALLOWDEER_ZOO_1_4\37_20201024 (1578).JPG;1
\leporido\rabbit_IslandConservationCameraTraps\chile_piedra012013_0305201391751.jpg;1
\humanovehiculo\HUMANORVEHICLE_ZOO_1_4\18_20210115 (598).JPG;1
\vacia\NOANIMAL_ZOO_5_6_7_9\16_20210218 (133) (2021_04_15 06_16_22 UTC).JPG;0
\vacia\NOANIMAL_ZOO_5_6_7_9\24_20210418 (6185).JPG;0
\zorro\zorro_PNC_2012_JC\a15661IMAG0064.JPG;1
\zorro\zorro_PNC_2014_manuel\c13102IMAG0057.JPG;1
\perro\dog_caltechCameraTraps\59fe23b8-23d2-11e8-a6a3-ec086b02610b.jpg;1
\zorro\zorro_PNC_2013-O_RED_ISAAC\b556IMAG0045.JPG;1
\micromamiferos\micromamiferos_Paco_Carro_JC\IMG_0044 (2).JPG;1
\cervidae\CERVIDREDORFALLOWDEER_ZOO_1_4\34_20201024 (6295).JPG;1
\zorro\zorro_PNM_2013-O_ISAAC\f8969IM000104.JPG;1
\vacia\NOANIMAL_ZOO_5_6_7_9\25_20210417 (8664).JPG;0
\vacia\empty_SnapshotMountainZebra\MTZ_S1_D07_R1_IMAG1713.JPG;0
\vacia\empty_IslandConservationCameraTraps\dominicanrepublic_cam2015abril2015_20150415_172519_img_5622.jpg;0
\cervidae\CERVIDREDORFALLOWDEER_ZOO_5_6_7_9\15_20210219 (5393) (2021_04_15 06_16_22 UTC).JPG;1
\cervidae\2_corzo_alumno_2_AM_JC\STC_0355_frame190.jpg;1
\vacia\empty_SnapshotMountainZebra\MTZ_S1_E05_R1_IMAG0941.JPG;0
\vacia\empty_SnapshotMountainZebra\MTZ_S1_D07_R1_IMAG0962.JPG;0
\vacia\empty_SnapshotKaroo\KAR_S1_C02_R1_IMAG0907.JPG;0
\lince\Lince_a_Linces2_Leo_JC\lince50 (2).jpg;1
\lince\Lince_b_Linces2_Leo_JC\lince224 (100).jpg;1
\mapache\raccoon_CaltechCameraTrap_ME\599be858-23d2-11e8-a6a3-ec086b02610b.jpg;1
\cervidae\ciervo_PNC_2013-I_RED_ME\6060IM000120.JPG;1
\lince\Lince_a_Linces2_Leo_JC\Lince68 (35).JPG;1
\vacia\NOANIMAL_ZOO_5_6_7_9\24_20210318 (5414).JPG;0
\leporido\rabbit_IslandConservationCameraTraps\chile_frances012013_27122012142916.jpg;1
\cervidae\3_ciervo_simone_2\34_20201024 (3847).JPG;1
\lince\Lince_b_Linces2_Leo_JC\lince228 (599).JPG;1
\lince\linces_fecha_Linces2_Leo_JC\3_Lince_flecha_Linces2_Leo_JC\Lince65 (11).JPG;1
\caballo\HORSE_ZOO_1_4\15_20201117 (7187).JPG;1
\lince\Lince_b_Linces2_Leo_JC\lince207 (10).JPG;1
\ave\ave_ave_WellingtonCameraTraps_SS\061116075430023a9232.JPG;1
\caballo\HORSE_ZOO_1_4\10_20210115 (4766).JPG;1
\vacia\NOANIMAL_ZOO_5_6_7_9\19_20210319 (1475).JPG;0
\zorro\REDFOX_ZOO_1_4\9_20201712 (1777).JPG;1
\zorro\zorro_PNC_2014_manuel\c11927IMAG0161.JPG;1
\ave\ave_ave_WellingtonCameraTraps_SS\170316091138046a5755.JPG;1
\humanovehiculo\humanovehiculo_PNC_2014_manuel\c15012IMAG0480.JPG;1
\jabali\WILDBOAR_ZOO_1_4\7_20201118 (1973).JPG;1
\cervidae\cervidae_alumno_AM_2\10_20201019 (1649).JPG;1
\jabali\WILDBOAR_ZOO_1_4\7_20201118 (37).JPG;1
\lince\Lince_b_Linces2_Leo_JC\lince163 (23).JPG;1
\cervidae\ciervo_simone_2\34_20201024 (4219).JPG;1
\cervidae\cervidae_PNC_2014_manuel\c11940IMAG0175.JPG;1
\ave\ave_Soraya_Padilla_Alumno_1_TH\STC_0298_frame200.jpg;1
\vacia\NOANIMAL_ZOO_5_6_7_9\18_20210417 (9754).JPG;0
\vacia\vacia_alumno_1_TH\Nada (56)_frame140.jpg;0
\leporido\rabbit_CaltechCameraTrap_ME\59531b23-23d2-11e8-a6a3-ec086b02610b.jpg;1
\vacia\NOANIMAL_ZOO_5_6_7_9\11_20210218 (666) (2021_04_15 06_16_22 UTC).JPG;0
\ave\ave_ave_WellingtonCameraTraps_SS\091116120000040a1121.JPG;1
\vacia\NOANIMAL_ZOO_5_6_7_9\25_20210417 (12515).JPG;0
\vacia\empty_IslandConservationCameraTraps\dominicanrepublic_cam0425abril2015_20130809_023339_sunp1435.jpg;0
\vacia\NOANIMAL_ZOO_1_4\2_20210115 (11069).JPG;0
\tejon\tejon_leo_donana\0006486.JPG;1
\cervidae\2_ciervo_Javi_3_JC\34_20201024 (2373).JPG;1
\cervidae\deer_CaltechCameraTrap\59bac796-23d2-11e8-a6a3-ec086b02610b.jpg;1
\vacia\empty_SnapshotKaroo\KAR_S1_C03_R1_IMAG0222.JPG;0
\vacia\vacias_PNC_2013-O_RED_ME\b15869IM000100.JPG;0
\vacia\NOANIMAL_ZOO_1_4\35_20201021 (106).JPG;0
\zorro\zorro_PNM_2013-I_ISAAC\e2965IM000073.JPG;1
\vacia\empty_IslandConservationCameraTraps\palau_cam6a12132018_20181210_153902_rcnx1779.jpg;0
\vacia\NOANIMAL_ZOO_1_4\7_20210115 (2393).JPG;0
\cervidae\ciervo_PNC_2014_ISAAC\c15883IM000066.JPG;1
\cervidae\3_ciervo_Javi_3_JC\34_20201024 (2232).JPG;1
\vacia\empty_SnapshotMountainZebra\MTZ_S1_G04_R3_IMAG2216.JPG;0
\lince\Lince_a_Linces2_Leo_JC\lince71 (120).JPG;1
\vacia\NOANIMAL_ZOO_1_4\7_20210115 (1179).JPG;0
\cervidae\ciervo_PNC_2013-O_RED_ISAAC\b5934IM000401.JPG;1
\cervidae\ciervo_PNC_2014_ISAAC\c27428IM000063.JPG;1
\meloncillo\Meloncillo_PEPE_IREC_JC\IMAG0581_(3).JPG;1
\cervidae\CERVIDREDORFALLOWDEER_ZOO_5_6_7_9\36_20210219 (3011) (2021_04_15 06_16_22 UTC).JPG;1
\zorro\fox_CaltechCameraTrap_ME\59d75161-23d2-11e8-a6a3-ec086b02610b.jpg;1
\jabali\Jabali_PNM_2013-0_ME\f3569IM000032.JPG;1
\vacia\NOANIMAL_ZOO_5_6_7_9\24_20210418 (7638).JPG;0
\vacia\empty_IslandConservationCameraTraps\ecuador1_ic1611_20150101_000002_img_0011.jpg;0
\vacia\NOANIMAL_ZOO_5_6_7_9\28_20210318 (439).JPG;0
\vacia\empty_IslandConservationCameraTraps\dominicanrepublic_cam1125abril2015_20150416_151105_img_1623.jpg;0
\cervidae\ciervo_Javi_3_JC\15_20201024 (2608).JPG;1
\vacia\empty_SnapshotKaroo\KAR_S1_D03_R1_IMAG0028.JPG;0
\vacia\NOANIMAL_ZOO_1_4\6_20201116 (4385).JPG;0
\vacia\NOANIMAL_ZOO_1_4\7_20210115 (2872).JPG;0
\vacia\NOANIMAL_ZOO_1_4\26_20201020 (3824).JPG;0
\vacia\NOANIMAL_ZOO_5_6_7_9\32_20210318 (16340).JPG;0
\lince\Lince_a_Linces2_Leo_JC\lince94 (236).JPG;1
\zorro\zorro_PNC_2014_manuel\c29946IM000169.JPG;1
\micromamiferos\micromamifero_WellingtonCameraTraps_SS\250616203554038as243.JPG;1
\cervidae\Ciervo_PNC_2014_JC\c10102IM000045.JPG;1
\ave\aves_fotosManuelEmilio20200912\IMG_0851.JPG;1
\leporido\rabbit_IslandConservationCameraTraps\chile_frances022013_27042013164910.jpg;1
\ave\bird_CaltechCameraTrap\58f8cdc5-23d2-11e8-a6a3-ec086b02610b.jpg;1
\ave\ave_PNC_2013-O_RED_ISAAC\b4325IMAG0192.JPG;1
\zorro\zorro_PNC_2014_manuel\c2487IM000031.JPG;1
\vacia\vacia_javi_2_JC\27_20201023 (5625).JPG;0
\vacia\vacias_1_de_2_PNC_2012_ISAAC\a33608IM000099.JPG;0
\tejon\2_tejon_Leo_Otra_fauna_PASADA_POR_LA_RED_JC\Otrafauna (27).jpg;1
\ave\American Crow_ena24\8134.jpg;1
\caballo\caballos_javier_JC\2_20201117 (3647).JPG;1
\ave\Ave_Leo_Otra_fauna_PASADA_POR_LA_RED_JC\Otrafauna (1371).JPG;1
\jabali\WILDBOAR_ZOO_1_4\7_20201118 (794).JPG;1
\vacia\NOANIMAL_ZOO_5_6_7_9\1_20210618 (1223).JPG;0
\cervidae\CERVIDREDORFALLOWDEER_ZOO_5_6_7_9\15_20210219 (6658) (2021_04_15 06_16_22 UTC).JPG;1
\zorro\fox_CaltechCameraTrap_ME\5a07ce13-23d2-11e8-a6a3-ec086b02610b.jpg;1
\vacia\empty_IslandConservationCameraTraps\dominicanrepublic_cam1125abril2015_20150409_172341_img_0721.jpg;0
\leporido\conejo_WellingtonCameraTraps_SS\230916094918016as333.JPG;1
\cervidae\CERVIDREDORFALLOWDEER_ZOO_5_6_7_9\24_20210318 (3486).JPG;1
\vacia\vacias_PNM_2013-O_ISAAC\f26731IMAG0211.JPG;0
\caballo\HORSE_ZOO_5_6_7_9\44_20210618 (223).JPG;1
\vacia\NOANIMAL_ZOO_1_4\26_20201020 (17607).JPG;0
\caballo\caballos_alumno_AM\caballos_alumno_AM\9_20201712 (1049).JPG;1
\cervidae\Ciervo_PNC_2012_JC\a630IM000013.JPG;1
\gato_domestico\cat_CaltechCameraTrap\58f105cd-23d2-11e8-a6a3-ec086b02610b.jpg;1
\vacia\empty_IslandConservationCameraTraps\dominicanrepublic_cam184noviembre2015_20151101_154258_img_0003.jpg;0
\humanovehiculo\humano_vehiculo_PNM_2013-O_ISAAC\f5591IMAG0021.JPG;1
\cervidae\Ciervo_PNC_2014_javier\f11336IM000353.JPG;1
\caballo\caballos_alumno_AM\caballos_alumno_AM\2_20201215 (3360).JPG;1
\vacia\NOANIMAL_ZOO_1_4\34_20210115 (4210).JPG;0
\cervidae\CERVIDREDORFALLOWDEER_ZOO_1_4\21_20201025 (2064).JPG;1
\leporido\rabbit_CaltechCameraTrap_ME\58e40f49-23d2-11e8-a6a3-ec086b02610b.jpg;1
\zorro\REDFOX_ZOO_1_4\31_20201023 (58).JPG;1
\cervidae\Ciervo_Paco_Carro_camarasliron_4_2_PASADAS_POR_LA_RED_JC\MDGC0235.JPG;1
\cervidae\cervidae_mancha\b7595IM000171.JPG;1
\vacia\NOANIMAL_ZOO_1_4\37_20201116 (5537).JPG;0
\vacia\NOANIMAL_ZOO_5_6_7_9\35_20210418 (623).JPG;0
\humanovehiculo\humanovehiculo_PNC_2014_manuel\c7076IM000006.JPG;1
\jabali\WILDBOAR_ZOO_1_4\37_20201024 (11705).JPG;1
\ave\ave_ave_WellingtonCameraTraps_SS\0106150755100324L071.JPG;1
\lince\Lince_b_Linces2_Leo_JC\lince216 (142).jpg;1
\vacia\NOANIMAL_ZOO_1_4\1_20210115 (13).JPG;0
\vacia\NOANIMAL_ZOO_1_4\6_20201116 (6520).JPG;0
\vacia\empty_SnapshotMountainZebra\MTZ_S1_G04_R3_IMAG0298.JPG;0
\cervidae\CERVIDREDORFALLOWDEER_ZOO_1_4\3_20201217 (74).JPG;1
\vacia\vacias_PNM_2012_ME\d3954IM000215.JPG;0
\vacia\vacia_alumno_1_AM\10_20201019 (317).JPG;0
\vacia\empty_caltechCameraTraps\598ad0e3-23d2-11e8-a6a3-ec086b02610b.jpg;0
\garduna\GARDUÑA_PNM_2012_ISAAC\d14441IMAG0052.JPG;1
\vacia\NOANIMAL_ZOO_5_6_7_9\2_20210417 (19323).JPG;0
\gato_domestico\gato_WellingtonCameraTraps_SS\1605150811380359L101.JPG;1
\vacia\vacia_alumno_2_AM\Marfoi 02_frame170.jpg;0
\cervidae\CERVIDREDORFALLOWDEER_ZOO_1_4\15_20201215 (7558).JPG;1
\vacia\vacia_ss\28_20201019 (2831).JPG;0
\lince\Lince_b_Linces2_Leo_JC\lince144 (210).JPG;1
\vacia\vacia_alumno_1_AM\6_20201023 (736).JPG;0
\vacia\NOANIMAL_ZOO_5_6_7_9\2_20210417 (21998).JPG;0
\vacia\NOANIMAL_ZOO_5_6_7_9\2_20210417 (7265).JPG;0
\vacia\NOANIMAL_ZOO_1_4\7_20210115 (1256).JPG;0
\vacia\NOANIMAL_ZOO_5_6_7_9\39_20210318 (840).JPG;0
\leporido\rabbit_CaltechCameraTrap_ME\58b4a964-23d2-11e8-a6a3-ec086b02610b.jpg;1
\caballo\HORSE_ZOO_1_4\10_20201117 (3603).JPG;1
\vacia\empty_SnapshotMountainZebra\MTZ_S1_C06_R1_IMAG3673.JPG;0
\vacia\NOANIMAL_ZOO_5_6_7_9\49_20210418 (2625).JPG;0
\vacia\NOANIMAL_ZOO_5_6_7_9\24_20210318 (8482).JPG;0
\vacia\empty_IslandConservationCameraTraps\micronesia_cam11april2019_20190412_120000_rcnx0001.jpg;0
\vacia\NOANIMAL_ZOO_5_6_7_9\10_20210417 (1532).JPG;0
\caballo\caballos_alumno_AM\caballos_alumno_AM\2_20201215 (5628).JPG;1
\ave\ave_ave_WellingtonCameraTraps_SS\081116154840015a9191.JPG;1
\cervidae\cervidae_Javi_3_JC\30_20201021 (12132).JPG;1
\vacia\vacia_alumno_2_AM\Gengen (1)_frame380.jpg;0
\vacia\Nothing_mammalWeb\60817.jpg;0
\vacia\NOANIMAL_ZOO_5_6_7_9\25_20210319 (4).JPG;0
\jabali\WILDBOAR_ZOO_1_4\37_20201116 (9959).JPG;1
\vacia\NOANIMAL_ZOO_5_6_7_9\50_20210408 (9707).JPG;0
\gato_domestico\cat_CaltechCameraTrap\5968bfae-23d2-11e8-a6a3-ec086b02610b.jpg;1
\vacia\empty_SnapshotMountainZebra\MTZ_S1_B04_R1_IMAG0164.JPG;0
\jabali\WILDBOAR_ZOO_1_4\37_20201116 (7895).JPG;1
\leporido\conejo_WellingtonCameraTraps_SS\221016182920021cs141.JPG;1
\cervidae\ciervo_ME_rev_1_donana\37_20201024 (731).JPG;1
\cervidae\CERVIDREDORFALLOWDEER_ZOO_1_4\10_20210115 (5756).JPG;1
\ave\Blackbird_mammalWeb\35393.jpg;1
\caballo\caballos_alumno_AM\caballos_alumno_AM\2_20201215 (2164).JPG;1
\vacia\empty_IslandConservationCameraTraps\puertorico_29_20141216_154148_img_0233.jpg;0
\cervidae\CERVIDREDORFALLOWDEER_ZOO_5_6_7_9\19_20210319 (2995).JPG;1
\vacia\NOANIMAL_ZOO_1_4\26_20201020 (4670).JPG;0
\zorro\zorro_PNC_2013-O_RED_ISAAC\b8628IMAG0027.JPG;1
\caballo\caballos_alumno_AM\caballos_alumno_AM\9_20201712 (877).JPG;1
\ave\ave_Soraya_Padilla_Alumno_1_TH\DSCF0085_frame000.jpg;1
\ave\Bird_ena24\1609.jpg;1
\vacia\empty_caltechCameraTraps\5968c263-23d2-11e8-a6a3-ec086b02610b.jpg;0
\jabali\WILDBOAR_ZOO_1_4\7_20201025 (460).JPG;1
\cervidae\CERVIDREDORFALLOWDEER_ZOO_1_4\33_20210115 (67).JPG;1
\vacia\NOANIMAL_ZOO_1_4\37_20201116 (525).JPG;0
\ave\ave_ave_WellingtonCameraTraps_SS\051116044948027bs241.JPG;1
\leporido\conejo_PNM_2012_ME\d15342IM000100.JPG;1
\leporido\Lagomorpha_ME_rev_2_donana\21_20201025 (1396).JPG;1
\vacia\empty_SnapshotMountainZebra\MTZ_S1_D06_R1_IMAG2948.JPG;0
\lince\Lince_b_Linces2_Leo_JC\lince216 (27).jpg;1
\humanovehiculo\humanovehiculo_vacías_humanos_PNC_2012_ME\a35679IMAG0003.JPG;1
\vacia\empty_SnapshotMountainZebra\MTZ_S1_D05_R1_IMAG0474.JPG;0
\jabali\WILDBOAR_ZOO_1_4\31_20201023 (343).JPG;1
\vacia\NOANIMAL_ZOO_5_6_7_9\2_20210417 (13776).JPG;0
\cervidae\ciervo_PNM_2012_ISAAC\d2966IM000038.JPG;1
\humanovehiculo\humanovehiculo_PNC_2013-O_RED_ISAAC\b17464IM000007.JPG;1
\cervidae\CERVIDREDORFALLOWDEER_ZOO_5_6_7_9\5_20210219 (861) (2021_04_15 06_16_22 UTC).JPG;1
\humanovehiculo\HUMANORVEHICLE_ZOO_1_4\38_20201019 (5).JPG;1
\vacia\NOANIMAL_ZOO_5_6_7_9\25_20210319 (7082).JPG;0
\gato_domestico\cat_CaltechCameraTrap\5a2af614-23d2-11e8-a6a3-ec086b02610b.jpg;1
\vacia\NOANIMAL_ZOO_1_4\26_20201020 (1092).JPG;0
\vaca\COW_ZOO_5_6_7_9\21_20200113 (1767) (2021_04_15 06_16_22 UTC).JPG;1
\humanovehiculo\humanos_Paco_Carro_JC\PICT0009 (2).JPG;1
\tejon\Tejon_PNC_2012_JC\a44678IM000049.JPG;1
\vacia\empty_IslandConservationCameraTraps\micronesia_cam08_cam08june2019_20190630120000_rcnx0152.jpg;0
\cervidae\ciervo_Javi_3_JC\21_20201025 (4464).JPG;1
\vacia\Nothing_mammalWeb\49594.jpg;0
\jabali\jabali_Leo_Otra_fauna_PASADA_POR_LA_RED_JC\Otrafauna (1058).JPG;1
\leporido\2_conejo_Soraya_Padilla_Alumno_1_TH\STC_0111_frame060.jpg;1
\cervidae\ciervo_PNC_2013-O_RED_ISAAC\b16341IM000600.JPG;1
\vacia\empty_IslandConservationCameraTraps\dominicanrepublic_cam10418mayo2017_20170312_133715_img_0084.jpg;0
\perro\dog_caltechCameraTraps\59531bd5-23d2-11e8-a6a3-ec086b02610b.jpg;1
\vacia\NOANIMAL_ZOO_1_4\40_20201024 (7178).JPG;0
\vacia\NOANIMAL_ZOO_1_4\6_20201812 (12770).JPG;0
\cervidae\ciervo_PNM_2013-O_ISAAC\f11190IM000199.JPG;1
\vacia\vacia_javi_2_JC\27_20201023 (7349).JPG;0
\vacia\vacia_Paco_Carro_JC\IMG_0673 (2).JPG;0
\micromamiferos\micromamifero_alumno_1_TH\Nada (23)_frame020.jpg;1
\ave\ave_ave_WellingtonCameraTraps_SS\1404151538380842S173.JPG;1
\leporido\conejo_Paco_Carro_JC\PICT0199.JPG;1
\vacia\vacias_PNM_2013-O_ISAAC\f15301IMAG0090.JPG;0
\cervidae\CERVIDREDORFALLOWDEER_ZOO_5_6_7_9\19_20210319 (998).JPG;1
\vacia\NOANIMAL_ZOO_5_6_7_9\24_20210418 (7404).JPG;0
\cervidae\ciervo_Paco_Carro_JC\MDGC0521.JPG;1
\vacia\empty_caltechCameraTraps\5957c39f-23d2-11e8-a6a3-ec086b02610b.jpg;0
\lince\Lince_a_Linces2_Leo_JC\lince123 (23).JPG;1
\cervidae\Ciervo_PNC_2013-O_ME\b14297IM000081.JPG;1
\vacia\vacias_PNC_2014_ISAAC\c9553IM000303.JPG;0
\vacia\NOANIMAL_ZOO_1_4\17_20201026 (674).JPG;0
\micromamiferos\rodent_CaltechCameraTrap_JC\Roedor_ rodent_CaltechCameraTrap_JC\589e6719-23d2-11e8-a6a3-ec086b02610b.jpg;1
\humanovehiculo\humano_vehiculo_PNC_2013-I_ISAAC\2419IM000058.JPG;1
\tejon\Tejon_PNM_2013-0_ME\f14967IM000080.JPG;1
\leporido\rabbit_CaltechCameraTrap_ME\59973cb3-23d2-11e8-a6a3-ec086b02610b.jpg;1
\leporido\rabbit_CaltechCameraTrap_ME\58d2ed29-23d2-11e8-a6a3-ec086b02610b.jpg;1
\zorro\Red fox_mammalWeb\76153.jpg;1
\leporido\2_conejo_Paco_Carro_JC\PICT0909.JPG;1
\vaca\COW_ZOO_1_4\17_20201026 (745).JPG;1
\vacia\NOANIMAL_ZOO_1_4\26_20201020 (3688).JPG;0
\jabali\WILDBOAR_ZOO_1_4\11_20210114 (256).JPG;1
\tejon\Tejon_Leo_Otra_fauna_PASADA_POR_LA_RED_JC\Otrafauna (710).JPG;1
\jabali\WILDBOAR_ZOO_1_4\28_20201019 (1753).JPG;1
\jabali\WILDBOAR_ZOO_1_4\20_20210115 (352).JPG;1
\zorro\zorro_PNM_2012_ISAAC\d15070IMAG0020.JPG;1
\cervidae\CERVIDREDORFALLOWDEER_ZOO_1_4\34_20201024 (3261).JPG;1
\jabali\WILDBOAR_ZOO_1_4\37_20210115 (2307).JPG;1
\leporido\rabbit_IslandConservationCameraTraps\chile_frances012013_24122012174102.jpg;1
\vaca\COW_ZOO_5_6_7_9\21_20210318 (14394).JPG;1
\cervidae\CERVIDREDORFALLOWDEER_ZOO_5_6_7_9\18_20210616 (1427).JPG;1
\ave\bird_CaltechCameraTrap\58768078-23d2-11e8-a6a3-ec086b02610b.jpg;1
\cervidae\CERVIDREDORFALLOWDEER_ZOO_1_4\17_20201611 (424).JPG;1
\humanovehiculo\humanovehiculo_leo_donana\0003990.JPG;1
\vacia\NOANIMAL_ZOO_1_4\6_20201812 (9057).JPG;0
\vaca\cow_CaltechCameraTrap\586e30d5-23d2-11e8-a6a3-ec086b02610b.jpg;1
\leporido\rabbit_IslandConservationCameraTraps\chile_frances012013_2012201272637.jpg;1
\vacia\NOANIMAL_ZOO_1_4\7_20210115 (1052).JPG;0
\vacia\empty_SnapshotMountainZebra\MTZ_S1_D07_R1_IMAG0501.JPG;0
\jabali\jabali_alumno_2_TH\37_20201024 (11624).JPG;1
\vacia\vacias_PNM_2013-I_ISAAC\e3735IM000073.JPG;0
\vacia\NOANIMAL_ZOO_5_6_7_9\50_20210408 (17318).JPG;0
\micromamiferos\rat_IslandConservationCameraTraps\micronesia_cam14_june2019_20190619000009_rcnx0285.jpg;1
\cervidae\deer_CaltechCameraTrap\5987b271-23d2-11e8-a6a3-ec086b02610b.jpg;1
\vacia\NOANIMAL_ZOO_5_6_7_9\32_20210417 (10358).JPG;0
\vacia\NOANIMAL_ZOO_5_6_7_9\50_20210417 (22704).JPG;0
\cervidae\2_ciervo_simone_2\37_20201024 (10758).JPG;1
\vacia\empty_IslandConservationCameraTraps\dominicanrepublic_cam1125abril2015_20150403_152702_img_0275.jpg;0
\cervidae\CERVIDREDORFALLOWDEER_ZOO_5_6_7_9\2_20210219 (4784) (2021_04_15 06_16_22 UTC).JPG;1
\vacia\NOANIMAL_ZOO_1_4\34_20210115 (6035).JPG;0
\vacia\empty_IslandConservationCameraTraps\dominicanrepublic_cam0520octubre2015_20130828_114233_sunp0187.jpg;0
\zorro\zorro_vacías_humanos_PNC_2012_ME\a33447IMAG0117.JPG;1
\leporido\conejo_alumno_1_TH\Conejo_alumno_2_AM_JC\Orycun (21)_frame140.jpg;1
\cervidae\CERVIDREDORFALLOWDEER_ZOO_1_4\1_20210115 (116).JPG;1
\gato_domestico\cat_IslandConservationCameraTraps\puertorico_18_20150105_083536_img_0186.jpg;1
\vacia\empty_IslandConservationCameraTraps\micronesia_cam10_june2019_20190627120000_rcnx0026.jpg;0
\lince\linces_fecha_Linces2_Leo_JC\2_Lince_flecha_Linces2_Leo_JC\lince196 (19).JPG;1
\humanovehiculo\humanovehiculo_Caltech\5a2178e5-23d2-11e8-a6a3-ec086b02610b.jpg;1
\vacia\NOANIMAL_ZOO_1_4\37_20201116 (7340).JPG;0
\humanovehiculo\humano_vehiculo_PNM_2012_ISAAC\d11357IM000002.JPG;1
\cervidae\CERVIDREDORFALLOWDEER_ZOO_5_6_7_9\28_20210615 (1287).JPG;1
\vacia\Vacio__diego_1_rev_donana\33_20201025 (282).JPG;0
\micromamiferos\micromamifero_WellingtonCameraTraps_SS\101016040944015cs161.JPG;1
\cervidae\CERVIDREDORFALLOWDEER_ZOO_1_4\34_20210115 (209).JPG;1
\cervidae\ciervo_vacías_humanos_PNC_2012_ME\a35769IMAG0048.JPG;1
\lince\Lince_b_Linces2_Leo_JC\lince224 (61).JPG;1
\cervidae\Ciervo_Javier_vacias_humanos_PNC_2012_ME_JC\a36094IM000048.JPG;1
\vacia\NOANIMAL_ZOO_1_4\6_20201812 (8638).JPG;0
\ave\ave_Paco_Carro_JC\IMG_0207.JPG;1
\vacia\empty_SnapshotCamdeboo\CDB_S1_C07_R1_IMAG0651.JPG;0
\micromamiferos\rat_IslandConservationCameraTraps\micronesia_cam17april2019_20190411_194838_rcnx0058.jpg;1
\vacia\Nothing_mammalWeb\9224.jpg;0
\vacia\vacias_1_de_2_PNC_2012_ISAAC\a39435IMAG1191.JPG;0
\vacia\empty_caltechCameraTraps\59c66996-23d2-11e8-a6a3-ec086b02610b.jpg;0
\vacia\SnampshotEnonkishu\ENO_S1_D06_R1_IMAG3639.JPG;0
\ave\ave_ave_WellingtonCameraTraps_SS\051116174224035c8233.JPG;1
\cervidae\ciervo_PNC_2014_ISAAC\c22708IM000018.JPG;1
\zorro\zorro_PNC_2013-O_RED_ISAAC\b362IM000141.JPG;1
\jabali\WILDBOAR_ZOO_1_4\12_20210116 (111).JPG;1
\lince\Lince_b_Linces2_Leo_JC\lince153 (56).JPG;1
\vaca\COW_ZOO_1_4\21_20201217 (4804).JPG;1
\ave\shearwater_IslandConservationCameraTraps\chile_vaqueria2013_01012013235446.jpg;1
\vacia\NOANIMAL_ZOO_1_4\2_20210115 (8446).JPG;0
\vacia\SnampshotEnonkishu\ENO_S1_D06_R1_IMAG2562.JPG;0
\humanovehiculo\car_CaltechCameraTrap_ME\vehiculo\58c7f1c3-23d2-11e8-a6a3-ec086b02610b.jpg;1
\jabali\WILDBOAR_ZOO_5_6_7_9\48_20210418 (231).JPG;1
\vacia\NOANIMAL_ZOO_1_4\6_20201812 (14105).JPG;0
\zorro\fox_CaltechCameraTrap_ME\59973ee9-23d2-11e8-a6a3-ec086b02610b.jpg;1
\cervidae\CERVIDREDORFALLOWDEER_ZOO_5_6_7_9\19_20210417 (2759).JPG;1
\jabali\WILDBOAR_ZOO_5_6_7_9\32J_20210404 (57).JPG;1
\jabali\WILDBOAR_ZOO_1_4\37_20201116 (2373).JPG;1
\lince\Lince_b_Linces2_Leo_JC\lince209 (37).JPG;1
\vacia\empty_SnapshotMountainZebra\MTZ_S1_D06_R1_IMAG2638.JPG;0
\vacia\vacias_1_de_2_PNC_2012_ISAAC\a36395IM000347.JPG;0
\ave\aves_ME_CASA\IMG_0843.JPG;1
\vacia\NOANIMAL_ZOO_5_6_7_9\9_20210418 (1027).JPG;0
\vacia\NOANIMAL_ZOO_5_6_7_9\19_20210618 (4548).JPG;0
\vacia\vacia_Paco_Carro_JC\PICT0123 (2).JPG;0
\cervidae\3_ciervo_alumno_2_TH\37_20201024 (9176).JPG;1
\vacia\NOANIMAL_ZOO_5_6_7_9\24_20210318 (15427).JPG;0
\tejon\EUROPEANBADGER_ZOO_5_6_7_9\42_20210218 (177) (2021_04_15 06_16_22 UTC).JPG;1
\vacia\NOANIMAL_ZOO_1_4\34_20210115 (6273).JPG;0
\vacia\empty_SnapshotMountainZebra\MTZ_S1_D05_R1_IMAG0222.JPG;0
\cervidae\CERVIDREDORFALLOWDEER_ZOO_1_4\4_20201220 (386).JPG;1
\leporido\rabbit_IslandConservationCameraTraps\chile_frances022013_17042013110557.jpg;1
\vacia\NOANIMAL_ZOO_1_4\15_20201024 (4390).JPG;0
\jabali\WILDBOAR_ZOO_5_6_7_9\20_20210219 (3507) (2021_04_15 06_16_22 UTC).JPG;1
\vacia\vacia_alumno_TH_3_TH_JC\42_20201026 (113).JPG;0
\zorro\Zorro_PNC_2014_JC\c16410IM000022.JPG;1
\jabali\WILDBOAR_ZOO_1_4\37_20201116 (16294).JPG;1
\zorro\zorro_PNC_2014_manuel\c3142IM000088.JPG;1
\cervidae\ciervo_Paco_Carro_JC\MDGC0120.JPG;1
\vacia\NOANIMAL_ZOO_1_4\6_20201812 (10907).JPG;0
\vacia\NOANIMAL_ZOO_5_6_7_9\2_20210417 (16304).JPG;0
\jabali\jabali_vacías_humanos_PNC_2012_ME\a30436IM000239.JPG;1
\vacia\NOANIMAL_ZOO_1_4\26_20201020 (18164).JPG;0
\vaca\vaca_diego_1_rev_donana\26_20201020 (9788).JPG;1
\jabali\jabali_Saul Martin_FRAMES_SIN_REPETIDOS_REVISADOS_DIEGO\IMAG0024_frame160.jpg;1
\cervidae\CERVIDREDORFALLOWDEER_ZOO_1_4\21_20201025 (4848).JPG;1
\zorro\zorro_Leo_Otra_fauna_PASADA_POR_LA_RED_JC\Otrafauna (1075).JPG;1
\leporido\Lagomorpha_ME_rev_2_donana\31_20201023 (432).JPG;1
\vacia\NOANIMAL_ZOO_5_6_7_9\25_20210417 (2360).JPG;0
\vacia\NOANIMAL_ZOO_5_6_7_9\11_20210615 (8215).JPG;0
\cervidae\CERVIDREDORFALLOWDEER_ZOO_5_6_7_9\50_20210408 (27361).JPG;1
\gato_domestico\cat_IslandConservationCameraTraps\puertorico_20_20150121_200653_img_0235.jpg;1
\jabali\WILDBOAR_ZOO_5_6_7_9\33_20210615 (621).JPG;1
\cervidae\CERVIDREDORFALLOWDEER_ZOO_5_6_7_9\39_20210218 (1173) (2021_04_15 06_16_22 UTC).JPG;1
\vacia\empty_caltechCameraTraps\5a17dd54-23d2-11e8-a6a3-ec086b02610b.jpg;0
\vacia\NOANIMAL_ZOO_5_6_7_9\25_20210319 (7659).JPG;0
\ave\ave_ave_WellingtonCameraTraps_SS\020116052520049a5953.JPG;1
\cervidae\ciervo_PNC_2012_ISAAC\a13870IM000079.JPG;1
\jabali\WILDBOAR_ZOO_1_4\11_20210114 (435).JPG;1
\vacia\NOANIMAL_ZOO_1_4\26_20201020 (11177).JPG;0
\vacia\vacia_alumno_AM_2\27_20201023 (3178).JPG;0
\zorro\Zorro_PNC_2014_JC\c28340FILE0044.JPG;1
\leporido\2_conejo_Paco_Carro_JC\PICT0888 (2).JPG;1
\vacia\SnampshotEnonkishu\ENO_S1_D03_R1_IMAG2387.JPG;0
\vacia\NOANIMAL_ZOO_1_4\6_20201116 (2530).JPG;0
\cervidae\CERVIDREDORFALLOWDEER_ZOO_5_6_7_9\15_20210219 (1940) (2021_04_15 06_16_22 UTC).JPG;1
\micromamiferos\rat_IslandConservationCameraTraps\micronesia_cam06_cam06june2019_pig_20190629235759_173.jpg;1
\humanovehiculo\humanovehiculo_Caltech\59f12b17-23d2-11e8-a6a3-ec086b02610b.jpg;1
\vacia\NOANIMAL_ZOO_1_4\34_20201116 (3416).JPG;0
\vacia\NOANIMAL_ZOO_5_6_7_9\24_20210418 (1743).JPG;0
\humanovehiculo\humanovehiculo_PNM_2013-I_ME\e140IM000013.JPG;1
\caballo\caballos_alumno_AM\caballos_alumno_AM\2_20201215 (2885).JPG;1
\ave\ave_ave_WellingtonCameraTraps_SS\170716134032014cl131.JPG;1
\lince\Lince_b_Linces2_Leo_JC\lince150 (2).JPG;1
\vacia\vacia_alumno_2_AM_JC\DSCF0036_frame270.jpg;0
\vaca\COW_ZOO_5_6_7_9\9_20210615 (2372).JPG;1
\vacia\NOANIMAL_ZOO_5_6_7_9\5_20210319 (2195).JPG;0
\jabali\jabali_revGinetasJC_REV1_4_donana\37_20201116 (15460).JPG;1
\vacia\vacias_PNC_2013-O_RED_ISAAC\b17634IM000174.JPG;0
\caballo\HORSE_ZOO_1_4\10_20201218 (3485).JPG;1
\zorro\zorro_PNC_2014_manuel\c13070IMAG0023.JPG;1
\cervidae\ciervo_vacías_humanos_PNC_2012_ME\a28036IM000032.JPG;1
\cervidae\cervidae_alumno_AM_2\26_20201020 (7199).JPG;1
\humanovehiculo\car_CaltechCameraTrap_ME\vehiculo\5976a1f1-23d2-11e8-a6a3-ec086b02610b.jpg;1
\cervidae\CERVIDREDORFALLOWDEER_ZOO_1_4\21_20201025 (5171).JPG;1
\vacia\NOANIMAL_ZOO_5_6_7_9\2_20210417 (14641).JPG;0
\cervidae\ciervo_simone_2\34_20201024 (6052).JPG;1
\cervidae\CERVIDREDORFALLOWDEER_ZOO_1_4\21_20201025 (1290).JPG;1
\cervidae\deer_CaltechCameraTrap\59d0e42d-23d2-11e8-a6a3-ec086b02610b.jpg;1
\leporido\conejo_Paco_Carro_JC\01060239.JPG;1
\ave\raven_IslandConservationCameraTraps\dominicanrepublic_cam0117abril2015_20130828_085215_sunp0079.jpg;1
\cervidae\CERVIDREDORFALLOWDEER_ZOO_5_6_7_9\15_20210219 (6564) (2021_04_15 06_16_22 UTC).JPG;1
\leporido\conejo_Paco_Carro_JC\PICT0739 (3).JPG;1
\ave\bird_CaltechCameraTrap\5883e71e-23d2-11e8-a6a3-ec086b02610b.jpg;1
\tejon\Tejon_PEPE_IREC_JC\IMAG0297_(4).JPG;1
\vacia\empty_IslandConservationCameraTraps\chile_piedra012013_04062013141954.jpg;0
\cervidae\CERVIDREDORFALLOWDEER_ZOO_1_4\21_20201025 (1057).JPG;1
\vacia\empty_IslandConservationCameraTraps\micronesia_cam16april2019_20190415_153500_rcnx0599.jpg;0
\micromamiferos\rodent_CaltechCameraTrap_JC\Roedor_ rodent_CaltechCameraTrap_JC\586ae18a-23d2-11e8-a6a3-ec086b02610b.jpg;1
\jabali\WILDBOAR_ZOO_1_4\43_20201118 (161).JPG;1
\cervidae\ciervo_PNC_2013-I_RED_ME\6334IM000223.JPG;1
\vacia\empty_IslandConservationCameraTraps\dominicanrepublic_cam0425abril2015_20130809_042938_sunp1639.jpg;0
\vacia\vacia_alumno_2_AM_JC\DSCF0092_frame250.jpg;0
\caballo\HORSE_ZOO_1_4\15_20210117 (1190).JPG;1
\cervidae\ciervo_PNM_2012_ME\d1467IM000144.JPG;1
\vacia\vacia_Soraya_Padilla_Alumno_1_TH\DSCF0092_frame130.jpg;0
\cervidae\deer_CaltechCameraTrap\5a1640fe-23d2-11e8-a6a3-ec086b02610b.jpg;1
\vacia\vacias_1_de_2_PNC_2012_ISAAC\a39321IMAG1070.JPG;0
\caballo\caballos_alumno_AM\caballos_alumno_AM\2_20201215 (6535).JPG;1
\humanovehiculo\humanovehiculo_PNC_2014_manuel\c11069FILE0045.JPG;1
\vacia\NOANIMAL_ZOO_1_4\34_20210115 (6014).JPG;0
\vacia\empty_IslandConservationCameraTraps\ecuador1_ic1611_20150101_000001_img_0665.jpg;0
\jabali\WILDBOAR_ZOO_1_4\37_20201116 (4817).JPG;1
\micromamiferos\micromamiferos_fotosManuelEmilio20200912\IMG_0689_x1.JPG;1
\cervidae\cervidae_ME_rev_1_donana\37_20201024 (9450).JPG;1
\vacia\NOANIMAL_ZOO_1_4\34_20210115 (7394).JPG;0
\zorro\zorro_PNM_2013-O_ME\f14732IM000046.JPG;1
\vacia\empty_caltechCameraTraps\5a14a48f-23d2-11e8-a6a3-ec086b02610b.jpg;0
\vaca\COW_ZOO_1_4\21_20201217 (36).JPG;1
\humanovehiculo\humanovehiculo_leo_donana\0008286.JPG;1
\cervidae\Ciervo_PNC_2012_JC\a17396IM000057.JPG;1
\caballo\HORSE_ZOO_1_4\2_20201117 (296).JPG;1
\micromamiferos\rodent_CaltechCameraTrap_JC\Roedor_ rodent_CaltechCameraTrap_JC\5919986e-23d2-11e8-a6a3-ec086b02610b.jpg;1
\vacia\vacias_1_de_2_PNC_2012_ISAAC\a38545IMAG0282.JPG;0
\ave\OTHERSPECIES_ZOO_1_4\15_20210117 (15199).JPG;1
\caballo\caballos_alumno_AM\caballos_alumno_AM\2_20201215 (5760).JPG;1
\vacia\NOANIMAL_ZOO_1_4\34_20210115 (2688).JPG;0
\zorro\REDFOX_ZOO_1_4\12_20201025 (212).JPG;1
\vacia\NOANIMAL_ZOO_5_6_7_9\24_20210615 (19724).JPG;0
\mapache\raccoon_CaltechCameraTrap_ME\5900a334-23d2-11e8-a6a3-ec086b02610b.jpg;1
\lince\Lince_a_Linces2_Leo_JC\lince101 (15).jpg;1
\zorro\zorro_PNC_2012_JC\a29152IM000065.JPG;1
\zorro\Zorro_PNM_2013-0_ME\f12898IM000309.JPG;1
\jabali\jabali_javi_JC\28_20201019 (1700).JPG;1
\zorro\Zorro_Pepe_IREC\Zorro_Pepe_Irec_ME\IMAG0022_(17).JPG;1
\vacia\vacia_Paco_Carro_JC\IMG_0635.JPG;0
\vacia\NOANIMAL_ZOO_5_6_7_9\9_20210418 (337).JPG;0
\vacia\NOANIMAL_ZOO_5_6_7_9\20_20210219 (1357) (2021_04_15 06_16_22 UTC).JPG;0
\lince\Lince_a_Linces2_Leo_JC\lince102 (133).JPG;1
\ave\ave_ave_WellingtonCameraTraps_SS\010216085218023b3301.JPG;1
\vacia\empty_IslandConservationCameraTraps\dominicanrepublic_cam0425abril2015_20130808_045955_sunp1231.jpg;0
\vacia\NOANIMAL_ZOO_1_4\7_20210115 (3481).JPG;0
\cervidae\ciervo_PNM_2013-O_ME\f22589IM000095.JPG;1
\tejon\Badger_mammalWeb\70998.jpg;1
\vaca\COW_ZOO_5_6_7_9\21_20210418 (2153).JPG;1
\zorro\Zorro_Pepe_IREC\Zorro_Pepe_Irec_ME\IMAG0375_(2).JPG;1
\vacia\NOANIMAL_ZOO_5_6_7_9\24_20210418 (8923).JPG;0
\vacia\NOANIMAL_ZOO_1_4\6_20201812 (9354).JPG;0
\cervidae\ciervo_vacías_humanos_PNC_2012_ME\a34219IM000452.JPG;1
\caballo\HORSE_ZOO_5_6_7_9\15_20210219 (8366) (2021_04_15 06_16_22 UTC).JPG;1
\vacia\NOANIMAL_ZOO_5_6_7_9\28_20210417 (6364).JPG;0
\cervidae\CERVIDREDORFALLOWDEER_ZOO_5_6_7_9\28_20210615 (1159).JPG;1
\vacia\empty_SnapshotMountainZebra\MTZ_S1_D06_R1_IMAG0137.JPG;0
\vaca\COW_ZOO_5_6_7_9\21_20210418 (2826).JPG;1
\vacia\NOANIMAL_ZOO_1_4\34_20210115 (1707).JPG;0
\zorro\zorro_PNM_2013-O_ISAAC\f1604IM000081.JPG;1
\vaca\COW_ZOO_1_4\24_20201019 (1299).JPG;1
\vacia\vacia_Paco_Carro_JC\01130491 (2).JPG;0
\vaca\COW_ZOO_5_6_7_9\17_20210418 (235).JPG;1
\cervidae\CERVIDREDORFALLOWDEER_ZOO_1_4\9_20201025 (367).JPG;1
\jabali\jabali_PNC_2014_manuel\c8771IM000075.JPG;1
\ave\ave_ave_WellingtonCameraTraps_SS\210716164210011a5902.JPG;1
\humanovehiculo\humanovehiculo_PNC_2014_manuel\c10200IM000088.JPG;1
\zorro\zorro_PNM_2013-O_ISAAC\f14217IMAG0121.JPG;1
\vacia\NOANIMAL_ZOO_5_6_7_9\25_20210319 (722).JPG;0
\humanovehiculo\humanos_Paco_Carro_JC\01020027.JPG;1
\vacia\empty_IslandConservationCameraTraps\dominicanrepublic_cam2015abril2015_20150318_163358_img_0471.jpg;0
\zorro\Zorro_Pepe_IREC\Zorro_Pepe_Irec_ME\IMAG0621_(2).JPG;1
\lince\Lince_a_Linces2_Leo_JC\lince70 (208).JPG;1
\cervidae\ciervo_PNM_2013-O_ISAAC\f27839IMAG0408.JPG;1
\vacia\NOANIMAL_ZOO_1_4\7_20210115 (3603).JPG;0
\humanovehiculo\humano_vehiculo_PNC_2013-I_ISAAC\2373IM000010.JPG;1
\humanovehiculo\humanovehiculo_PNC_2014_manuel\c3056IM000165.JPG;1
\cervidae\deer_CaltechCameraTrap\5892b5b6-23d2-11e8-a6a3-ec086b02610b.jpg;1
\zorro\Zorro_PNC_2014_JC\c15796IM000148.JPG;1
\jabali\WILDBOAR_ZOO_5_6_7_9\28_20210219 (2397) (2021_04_15 06_16_22 UTC).JPG;1
\leporido\conejo_PNM_2012_ME\d4543IM000822.JPG;1
\humanovehiculo\humanovehiculo_PNC_2013-O_RED_ISAAC\b173FILE0092.JPG;1
\leporido\Rabbit_mammalWeb\18511.jpg;1
\gato_domestico\gato_WellingtonCameraTraps_SS\2105151150300235S131.JPG;1
\vacia\NOANIMAL_ZOO_5_6_7_9\28_20210417 (720).JPG;0
\gato_domestico\gato_WellingtonCameraTraps_SS\06101507330202859193.JPG;1
\vaca\cow_CaltechCameraTrap\594081d1-23d2-11e8-a6a3-ec086b02610b.jpg;1
\vaca\COW_ZOO_5_6_7_9\21_20210615 (1793).JPG;1
\vacia\NOANIMAL_ZOO_1_4\6_20201812 (11471).JPG;0
\gato_domestico\gato_WellingtonCameraTraps_SS\30111510182403592543.JPG;1
\vacia\empty_IslandConservationCameraTraps\dominicanrepublic_cam0425abril2015_20130807_044007_sunp0526.jpg;0
\zorro\Zorro_Pepe_IREC\Zorro_Pepe_Irec_ME\CA_31-02.21-06_16.JPG;1
\ave\ave_Soraya_Padilla_Alumno_1_TH\DSCF0106_frame130.jpg;1
\leporido\rabbit_IslandConservationCameraTraps\chile_frances012013_1812201233951.jpg;1
\vacia\NOANIMAL_ZOO_5_6_7_9\39_20210615 (886).JPG;0
\vacia\empty_SnapshotMountainZebra\MTZ_S1_D06_R1_IMAG1627.JPG;0
\vacia\empty_SnapshotMountainZebra\MTZ_S1_D06_R1_IMAG1990.JPG;0
\vacia\vacias_PNM_2013-O_ISAAC\f3459IMAG0340.JPG;0
\vacia\NOANIMAL_ZOO_5_6_7_9\36_20210618 (8051).JPG;0
\humanovehiculo\humano_vehiculo_PNM_2013-O_ISAAC\f22709IM000019.JPG;1
\cervidae\CERVIDREDORFALLOWDEER_ZOO_5_6_7_9\38_20210618 (68).JPG;1
\vacia\empty_caltechCameraTraps\5989437c-23d2-11e8-a6a3-ec086b02610b.jpg;0
\vacia\NOANIMAL_ZOO_1_4\34_20210115 (8603).JPG;0
\vaca\COW_ZOO_1_4\10_20210115 (5143).JPG;1
\vacia\empty_IslandConservationCameraTraps\dominicanrepublic_cam0426julio2015_20130829_102120_sunp0012.jpg;0
\vacia\vacia_javi_2_JC\27_20201023 (6106).JPG;0
\cervidae\deer_CaltechCameraTrap\59500459-23d2-11e8-a6a3-ec086b02610b.jpg;1
\vacia\vacias_PNM_2013-O_ISAAC\f22182IM000594.JPG;0
\vacia\vacia_alumno_2_AM_JC\DSCF0063_frame221.jpg;0
\jabali\Jabali_PNC_2012_JC\a36076IM000029.JPG;1
\ave\brown_noddy_IslandConservationCameraTraps\palau_cam04a12132018_20180916_092057_rcnx1167.jpg;1
\vacia\NOANIMAL_ZOO_5_6_7_9\36_20210618 (6278).JPG;0
\vacia\empty_caltechCameraTraps\5979bb45-23d2-11e8-a6a3-ec086b02610b.jpg;0
\humanovehiculo\car_CaltechCameraTrap_ME\vehiculo\59e43f19-23d2-11e8-a6a3-ec086b02610b.jpg;1
\jabali\WILDBOAR_ZOO_1_4\43_20200101mal (38).JPG;1
\garduna\garduna_PNC_2013-I_RED_ME\9604IM000079.JPG;1
\vacia\NOANIMAL_ZOO_5_6_7_9\50_20210408 (7867).JPG;0
\cervidae\ciervo_PNC_2013-I_RED_ME\3386IM000068.JPG;1
\leporido\rabbit_IslandConservationCameraTraps\chile_frances012013_1501201360228.jpg;1
\vacia\NOANIMAL_ZOO_1_4\37_20201116 (10066).JPG;0
\jabali\jabali_PNC_2014_manuel\c30519IM000062.JPG;1
\cervidae\ciervo_PNC_2014_ISAAC\c13938IMAG0033.JPG;1
\jabali\jabali_vacías_humanos_PNC_2012_ME\a30278IM000085.JPG;1
\cervidae\CERVIDREDORFALLOWDEER_ZOO_1_4\15_20201117 (7053).JPG;1
\caballo\caballos_javier_JC\35_20201218 (162).JPG;1
\jabali\jabali_javi_JC\28_20201019 (1974).JPG;1
\vacia\empty_IslandConservationCameraTraps\dominicanrepublic_cam1826julio2015_20150709_103840_img_1809.jpg;0
\lince\Lince_a_Linces2_Leo_JC\lince126 (6).jpg;1
\cervidae\CERVIDREDORFALLOWDEER_ZOO_5_6_7_9\35_20210218 (2123) (2021_04_15 06_16_22 UTC).JPG;1
\gato_domestico\gato_WellingtonCameraTraps_SS\22091518201208305353.JPG;1
\leporido\conejo_Paco_Carro_JC\PICT1496.JPG;1
\vacia\vacias_1_de_2_PNC_2012_ISAAC\a36683IM000249.JPG;0
\vacia\NOANIMAL_ZOO_1_4\12_20201118 (189).JPG;0
\jabali\WILDBOAR_ZOO_5_6_7_9\2_20210417 (644).JPG;1
\lince\Lince_b_Linces2_Leo_JC\lince132 (28).JPG;1
\vacia\empty_IslandConservationCameraTraps\ecuador1_ic1611_20150101_000004_img_1111.jpg;0
\vacia\NOANIMAL_ZOO_1_4\6_20201116 (2558).JPG;0
\jabali\WILDBOAR_ZOO_1_4\43_20201118 (185).JPG;1
\leporido\rabbit_IslandConservationCameraTraps\chile_frances012013_15012013164334.jpg;1
\leporido\rabbit_IslandConservationCameraTraps\chile_frances012013_2312201275201.jpg;1
\cervidae\CERVIDREDORFALLOWDEER_ZOO_1_4\21_20201025 (3134).JPG;1
\cervidae\CERVIDREDORFALLOWDEER_ZOO_5_6_7_9\28_20210615 (2609).JPG;1
\vacia\vacias_2_de_2_PNC_2012_ISAAC\a3825IM000182.JPG;0
\ave\2_ave_Soraya_Padilla_Alumno_1_TH\IMAG0083_frame100.jpg;1
\vacia\empty_caltechCameraTraps\5968c0ab-23d2-11e8-a6a3-ec086b02610b.jpg;0
\cervidae\deer_CaltechCameraTrap\59d0e371-23d2-11e8-a6a3-ec086b02610b.jpg;1
\cervidae\CERVIDREDORFALLOWDEER_ZOO_5_6_7_9\44_20210618 (82).JPG;1
\cervidae\CERVIDREDORFALLOWDEER_ZOO_5_6_7_9\5_20210319 (2116).JPG;1
\ave\ave_ave_WellingtonCameraTraps_SS\020716153202017as383.JPG;1
\cervidae\CERVIDREDORFALLOWDEER_ZOO_1_4\21_20201119 (4364).JPG;1
\vacia\vacia_Paco_Carro_JC\01110753.JPG;0
\cervidae\ciervo_vacías_humanos_PNC_2012_ME\a19439IM000091.JPG;1
\vacia\empty_IslandConservationCameraTraps\dominicanrepublic_cam1826junio2015_20150505_092323_img_1855.jpg;0
\cervidae\ciervo_simone_2\37_20201024 (660).JPG;1
\jabali\WILDBOAR_ZOO_1_4\31_20210115 (422).JPG;1
\gato_domestico\gato_WellingtonCameraTraps_SS\12101517402602375955.JPG;1
\tejon\Badger_mammalWeb\20908.jpg;1
\mapache\raccoon_CaltechCameraTrap_ME\599be7b8-23d2-11e8-a6a3-ec086b02610b.jpg;1
\vacia\NOANIMAL_ZOO_1_4\28_20201019 (2475).JPG;0
\mapache\raccoon_CaltechCameraTrap_ME\5a0c9b2d-23d2-11e8-a6a3-ec086b02610b.jpg;1
\vacia\empty_IslandConservationCameraTraps\dominicanrepublic_cam1826junio2015_20150505_090659_img_1759.jpg;0
\cervidae\deer_CaltechCameraTrap\598f7626-23d2-11e8-a6a3-ec086b02610b.jpg;1
\jabali\WILDBOAR_ZOO_1_4\4_20210117 (4443).JPG;1
\vaca\COW_ZOO_1_4\17_20201026 (474).JPG;1
\vaca\cow_CaltechCameraTrap\592c4f7a-23d2-11e8-a6a3-ec086b02610b.jpg;1
\caballo\HORSE_ZOO_5_6_7_9\46_20210618 (1669).JPG;1
\cervidae\ciervo_vacías_humanos_PNC_2012_ME\a6354IM000055.JPG;1
\caballo\HORSE_ZOO_5_6_7_9\15_20210219 (8447) (2021_04_15 06_16_22 UTC).JPG;1
\meloncillo\Meloncillo_PEPE_IREC_JC\IMAG0829.JPG;1
\vacia\NOANIMAL_ZOO_5_6_7_9\50_20210417 (23417).JPG;0
\vacia\NOANIMAL_ZOO_1_4\6_20201116 (4518).JPG;0
\ave\OTHERSPECIES_ZOO_5_6_7_9\35_20210318 (524).JPG;1
\vacia\empty_SnapshotMountainZebra\MTZ_S1_E06_R3_IMAG0427.JPG;0
\zorro\zorro_PNM_2013-I_ISAAC\e1539IM000039.JPG;1
\gineta\gineta_vacías_humanos_PNC_2012_ME\a37350IM000470.JPG;1
\humanovehiculo\humano_vehiculo_PNM_2012_ISAAC\d2810IMAG0005.JPG;1
\micromamiferos\rodent_CaltechCameraTrap_JC\Roedor_ rodent_CaltechCameraTrap_JC\596736f4-23d2-11e8-a6a3-ec086b02610b.jpg;1
\vacia\vacias_PNM_2013-O_ISAAC\f3450IMAG0331.JPG;0
\vacia\NOANIMAL_ZOO_5_6_7_9\46_20210618 (1756).JPG;0
\jabali\WILDBOAR_ZOO_5_6_7_9\48_20210418 (754).JPG;1
\zorro\zorro_vacías_humanos_PNC_2012_ME\a38181IMAG0036.JPG;1
\lince\Lince_a_Linces2_Leo_JC\Lince54 (20).jpg;1
\vaca\COW_ZOO_5_6_7_9\21_20210318 (15322).JPG;1
\gato_domestico\cat_CaltechCameraTrap\59aadca1-23d2-11e8-a6a3-ec086b02610b.jpg;1
\humanovehiculo\humanos_Paco_Carro_JC\PICT0009.JPG;1
\vacia\empty_IslandConservationCameraTraps\dominicanrepublic_cam1825abril2015_20150408_115701_img_0055.jpg;0
\vacia\empty_IslandConservationCameraTraps\dominicanrepublic_cam1425abril2015_20150415_124321_img_1489.jpg;0
\ave\bird_CaltechCameraTrap\58c34d45-23d2-11e8-a6a3-ec086b02610b.jpg;1
\zorro\zorro_PNC_2013-I_ME\7908IM000015.JPG;1
\vacia\NOANIMAL_ZOO_5_6_7_9\2_20210417 (21012).JPG;0
\cervidae\ciervo_PNM_2012_ME\d11882IM000061.JPG;1
\lince\linces_fecha_Linces2_Leo_JC\3_Lince_flecha_Linces2_Leo_JC\lince164 (26).JPG;1
\lince\Lince_a_Linces2_Leo_JC\lince123 (96).JPG;1
\vacia\NOANIMAL_ZOO_5_6_7_9\28_20210219 (1104) (2021_04_15 06_16_22 UTC).JPG;0
\jabali\WILDBOAR_ZOO_1_4\37_20201116 (4804).JPG;1
\vacia\vacias_PNC_2014_ISAAC\c3745IMAG0018.JPG;0
\vacia\empty_SnapshotMountainZebra\MTZ_S1_D06_R1_IMAG2138.JPG;0
\leporido\conejo_Paco_Carro_JC\PICT2043.JPG;1
\caballo\caballos_simone\4_20201220 (737).JPG;1
\vacia\NOANIMAL_ZOO_5_6_7_9\1_20210319 (789).JPG;0
\jabali\jabali_PNC_2013-O_RED_ISAAC\b5624IM000073.JPG;1
\mapache\raccoon_CaltechCameraTrap_ME\5a2af55a-23d2-11e8-a6a3-ec086b02610b.jpg;1
\vacia\empty_caltechCameraTraps\59ccd227-23d2-11e8-a6a3-ec086b02610b.jpg;0
\vacia\NOANIMAL_ZOO_5_6_7_9\24_20210615 (7263).JPG;0
\lince\Lince_b_Linces2_Leo_JC\lince168 (136).JPG;1
\vacia\Nothing_mammalWeb\117447.jpg;0
\vacia\vacia_alumno_1_TH\Nada (8)_frame040.jpg;0
\leporido\rabbit_IslandConservationCameraTraps\chile_frances012013_3012201290153.jpg;1
\vacia\vacia_PNM_2013-O_ME\f3231IMAG0099.JPG;0
\cervidae\cervidae_alumno_1_AM_2\32_20201022 (366).JPG;1
\lince\Lince_a_Linces2_Leo_JC\Lince51 (139).JPG;1
\gato_domestico\cat_IslandConservationCameraTraps\puertorico_18_20150526_150155_img_0525.jpg;1
\vacia\vacia_alumno_1_AM\6_20201023 (666).JPG;0
\lince\Lince_a_Linces2_Leo_JC\lince90 (161).JPG;1
\cervidae\CERVIDREDORFALLOWDEER_ZOO_1_4\5_20210115 (887).JPG;1
\cervidae\CERVIDREDORFALLOWDEER_ZOO_5_6_7_9\5_20210219 (1209) (2021_04_15 06_16_22 UTC).JPG;1
\jabali\JABALI_PNM_2013-I_ISAAC\e2610IM000482.JPG;1
\humanovehiculo\humanovehiculo_PNC_2014_manuel\c18670IMAG0004.JPG;1
\vacia\empty_SnapshotMountainZebra\MTZ_S1_D07_R1_IMAG0333.JPG;0
\mapache\raccoon_CaltechCameraTrap_ME\59af9730-23d2-11e8-a6a3-ec086b02610b.jpg;1
\ave\ave_Soraya_Padilla_Alumno_1_TH\STC_0052_frame050.jpg;1
\vacia\NOANIMAL_ZOO_5_6_7_9\24_20210615 (15483).JPG;0
\vacia\vacias_IslandConservationCameraTraps_IslandConservationCameraTraps\palau_cam09a12132018_20181124_131639_rcnx1180.jpg;0
\ave\American Crow_ena24\8323.jpg;1
\lince\Lince_b_Linces2_Leo_JC\lince165 (22).JPG;1
\jabali\jabali_PNM_2013-O_ISAAC\f14860IM000068.JPG;1
\gineta\Gineta_ME\f5471IM000097.JPG;1
\zorro\REDFOX_ZOO_1_4\5_20210115 (1793).JPG;1
\humanovehiculo\HUMANORVEHICLE_ZOO_1_4\13_20201219 (769).JPG;1
\jabali\WILDBOAR_ZOO_5_6_7_9\28_20210219 (2164) (2021_04_15 06_16_22 UTC).JPG;1
\vacia\NOANIMAL_ZOO_5_6_7_9\2_20210417 (16579).JPG;0
\cervidae\CERVIDREDORFALLOWDEER_ZOO_5_6_7_9\38_20210417 (685).JPG;1
\cervidae\CERVIDREDORFALLOWDEER_ZOO_1_4\21_20201025 (4134).JPG;1
\leporido\Rabbit_mammalWeb\34140.jpg;1
\cervidae\CERVIDREDORFALLOWDEER_ZOO_5_6_7_9\25_20210615 (13822).JPG;1
\vacia\empty_IslandConservationCameraTraps\dominicanrepublic_cam0425abril2015_20130807_050827_sunp0665.jpg;0
\zorro\zorro_PNM_2013-O_ME\f4707IM000030.JPG;1
\garduna\garduna_PNC_2014_manuel\c13327IMAG0033.JPG;1
\cervidae\CERVIDREDORFALLOWDEER_ZOO_5_6_7_9\10_20210319 (5008).JPG;1
\cervidae\ciervo_PNC_2014_ISAAC\c12231IMAG0163.JPG;1
\vaca\COW_ZOO_1_4\24_20201019 (1317).JPG;1
\cervidae\deer_CaltechCameraTrap\59f60064-23d2-11e8-a6a3-ec086b02610b.jpg;1
\vacia\empty_caltechCameraTraps\5976a5ab-23d2-11e8-a6a3-ec086b02610b.jpg;0
\jabali\WILDBOAR_ZOO_1_4\37_20210115 (2296).JPG;1
\vaca\vaca_alumno_1_AM_2\15_20201024 (7362).JPG;1
\vacia\vacia_alumno_1_TH\Nada (17)_frame070.jpg;0
\micromamiferos\rat_IslandConservationCameraTraps\micronesia_cam06_cam06june2019_pig_20190629202455_1651.jpg;1
\zorro\zorro_vacías_humanos_PNC_2012_ME\a40416IMAG0073.JPG;1
\ave\bird_CaltechCameraTrap\58ddd85b-23d2-11e8-a6a3-ec086b02610b.jpg;1
\vacia\NOANIMAL_ZOO_1_4\2_20210115 (14).JPG;0
\humanovehiculo\humano_vehiculo_PNM_2012_ISAAC\d14738IMAG0001.JPG;1
\ave\Ave_Leo_Otra_fauna_PASADA_POR_LA_RED_JC\Otrafauna (399).JPG;1
\vaca\COW_ZOO_5_6_7_9\17_20210318 (132).JPG;1
\caballo\HORSE_ZOO_1_4\10_20201117 (1277).JPG;1
\ave\ave_Soraya_Padilla_Alumno_1_TH\DSCF0113_frame100.jpg;1
\cervidae\ciervo_simone_2\37_20201024 (505).JPG;1
\vacia\NOANIMAL_ZOO_5_6_7_9\24_20210615 (874).JPG;0
\vacia\vacia_Paco_Carro_JC\PICT0057 (2).JPG;0
\vacia\vacias_PNM_2013-O_ISAAC\f10274IM000055.JPG;0
\humanovehiculo\humano_vehiculo_PNM_2013-O_ISAAC\f11367IM000009.JPG;1
\zorro\zorro_PNC_2014_manuel\c6376IM000017.JPG;1
\lince\Lince_b_Linces2_Leo_JC\lince228 (45).jpg;1
\leporido\Rabbit_mammalWeb\24049.jpg;1
\cervidae\2_ciervo_Javi_3_JC\21_20201025 (5098).JPG;1
\vacia\empty_IslandConservationCameraTraps\ecuador2_ic1607_20150122_063005_img_0687.jpg;0
\jabali\WILDBOAR_ZOO_1_4\37_20201116 (11006).JPG;1
\vacia\vacia_Paco_Carro_JC\IMG_1154.JPG;0
\vacia\empty_IslandConservationCameraTraps\micronesia_cam04_cam04june2019_20190701060503_rcnx2362.jpg;0
\vaca\COW_ZOO_1_4\15_20201024 (7660).JPG;1
\ave\ave_ave_WellingtonCameraTraps_SS\140516104502023as222.JPG;1
\vacia\empty_caltechCameraTraps\5a16411b-23d2-11e8-a6a3-ec086b02610b.jpg;0
\leporido\rabbit_CaltechCameraTrap_ME\5998cc72-23d2-11e8-a6a3-ec086b02610b.jpg;1
\vacia\NOANIMAL_ZOO_5_6_7_9\32_20210615 (7635).JPG;0
\jabali\jabali_javi_JC\31_20201023 (41).JPG;1
\leporido\conejo_WellingtonCameraTraps_SS\100516113804011bl232.JPG;1
\vacia\empty_IslandConservationCameraTraps\palau_cam13a12132018_20181110_163840_rcnx1314.jpg;0
\caballo\caballos_alumno_AM\caballos_alumno_AM\2_20201215 (3988).JPG;1
\zorro\Zorro_PNC_2014_JC\c23072IM000116.JPG;1
\vacia\NOANIMAL_ZOO_1_4\6_20201812 (10968).JPG;0
\caballo\caballos_alumno_AM\caballos_alumno_AM\9_20201712 (842).JPG;1
\vacia\NOANIMAL_ZOO_1_4\40_20201215 (3700).JPG;0
\leporido\conejo_Paco_Carro_JC\PICT0627.JPG;1
\cervidae\cervidae_buscar_cab_isaac_sin_contar\17_20201225 (456).JPG;1
\lince\linces_fecha_Linces2_Leo_JC\2_Lince_flecha_Linces2_Leo_JC\lince91 (281).JPG;1
\vacia\NOANIMAL_ZOO_5_6_7_9\36_20210618 (3006).JPG;0
\vacia\empty_SnapshotMountainZebra\MTZ_S1_E06_R3_IMAG0007.JPG;0
\cervidae\CERVIDREDORFALLOWDEER_ZOO_1_4\38_20210117 (1263).JPG;1
\vacia\SnampshotEnonkishu\ENO_S1_D06_R1_IMAG1478.JPG;0
\lince\Lince_a_Linces2_Leo_JC\lince77 (254).JPG;1
\cervidae\ciervo_PNC_2012_ISAAC\a15373IM000417.JPG;1
\vacia\NOANIMAL_ZOO_5_6_7_9\13_20210218 (426) (2021_04_15 06_16_22 UTC).JPG;0
\vacia\Nothing_mammalWeb\53470.jpg;0
\micromamiferos\rat_IslandConservationCameraTraps\micronesia_cam09_cam09june2019_20190619162753_rcnx0433.jpg;1
\leporido\rabbit_CaltechCameraTrap_ME\598307d5-23d2-11e8-a6a3-ec086b02610b.jpg;1
\lince\linces_fecha_Linces2_Leo_JC\2_Lince_flecha_Linces2_Leo_JC\lince77 (55).JPG;1
\tejon\Tejon_PNC_2012_JC\a29096IM000006.JPG;1
\caballo\HORSE_ZOO_5_6_7_9\15_20210219 (8938) (2021_04_15 06_16_22 UTC).JPG;1
\leporido\rabbit_IslandConservationCameraTraps\chile_frances022013_06052013102249.jpg;1
\vacia\empty_IslandConservationCameraTraps\palau_cam13a12132018_20181104_120000_rcnx1262.jpg;0
\vacia\NOANIMAL_ZOO_1_4\6_20201812 (11199).JPG;0
\zorro\zorro_Leo_Otra_fauna_PASADA_POR_LA_RED_JC\Otrafauna (1070).JPG;1
\cervidae\Ciervo_PNC_2013-O_ME\b11422IMAG0158.JPG;1
\jabali\WILDBOAR_ZOO_1_4\22_20210115 (801).JPG;1
\tejon\EUROPEANBADGER_ZOO_1_4\42_20201026 (78).JPG;1
\caballo\HORSE_ZOO_5_6_7_9\15_20210219 (4583) (2021_04_15 06_16_22 UTC).JPG;1
\cervidae\CERVIDREDORFALLOWDEER_ZOO_5_6_7_9\10_20210417 (1249).JPG;1
\vacia\NOANIMAL_ZOO_1_4\11_20210114 (51).JPG;0
\vacia\empty_caltechCameraTraps\59b7a838-23d2-11e8-a6a3-ec086b02610b.jpg;0
\zorro\zorro_PNM_2013-O_ISAAC\f8967IM000102.JPG;1
\cervidae\CERVIDREDORFALLOWDEER_ZOO_1_4\15_20210117 (9177).JPG;1
\gato_domestico\gato_WellingtonCameraTraps_SS\12091512270802245752.JPG;1
\cervidae\ciervo_alumno_2_TH\26_20201020 (1078).JPG;1
\leporido\conejo_Paco_Carro_JC\PICT0600.JPG;1
\jabali\jabali_alumno_1_AM_2\41_20201025 (60).JPG;1
\vacia\NOANIMAL_ZOO_1_4\7_20210115 (3039).JPG;0
\cervidae\CERVIDREDORFALLOWDEER_ZOO_1_4\21_20201025 (463).JPG;1
\humanovehiculo\car_CaltechCameraTrap_ME\vehiculo\59d27bb7-23d2-11e8-a6a3-ec086b02610b.jpg;1
\jabali\WILDBOAR_ZOO_1_4\37_20201116 (7096).JPG;1
\vacia\NOANIMAL_ZOO_5_6_7_9\2_20210219 (2310) (2021_04_15 06_16_22 UTC).JPG;0
\vacia\NOANIMAL_ZOO_1_4\6_20201812 (9798).JPG;0
\cervidae\CERVIDREDORFALLOWDEER_ZOO_5_6_7_9\22_20210318 (6034).JPG;1
\vacia\NOANIMAL_ZOO_1_4\35_20210114 (2662).JPG;0
\zorro\zorro_PNC_2013-O_RED_ISAAC\b14631IM000086.JPG;1
\leporido\liebre_alumno_2_2_TH_JC\21_20201025 (1404).JPG;1
\humanovehiculo\humanovehiculo_vacías_humanos_PNC_2012_ME\a52676IM000042.JPG;1
\gato_domestico\gato_WellingtonCameraTraps_SS\301016014806021cs143.JPG;1
\vacia\NOANIMAL_ZOO_5_6_7_9\2_20210618 (23291).JPG;0
\vacia\empty_IslandConservationCameraTraps\dominicanrepublic_cam1826junio2015_20150505_084817_img_1648.jpg;0
\vacia\empty_SnapshotKaroo\KAR_S1_C02_R1_IMAG0737.JPG;0
\tejon\Tejon_PNC_2014_JC\c5300IM000037.JPG;1
\cervidae\CERVIDREDORFALLOWDEER_ZOO_5_6_7_9\39_20210318 (1270).JPG;1
\cervidae\deer_CaltechCameraTrap\59b614f4-23d2-11e8-a6a3-ec086b02610b.jpg;1
\gato_domestico\cat_IslandConservationCameraTraps\puertorico_18_20141128_060730_img_0115.jpg;1
\humanovehiculo\humano_vehiculo_PNM_2012_ISAAC\d11431IM000009.JPG;1
\cervidae\ciervo_PNC_2014_ISAAC\c21868IM000034.JPG;1
\cervidae\CIERVO_PNM_2012_ISAAC\d14142IMAG0011.JPG;1
\zorro\zorro_PNC_2014_manuel\c30611IM000020.JPG;1
\jabali\WILDBOAR_ZOO_5_6_7_9\37_20210220 (192) (2021_04_15 06_16_22 UTC).JPG;1
\vacia\empty_SnapshotMountainZebra\MTZ_S1_D05_R1_IMAG0946.JPG;0
\vacia\empty_caltechCameraTraps\59c66a6e-23d2-11e8-a6a3-ec086b02610b.jpg;0
\vacia\NOANIMAL_ZOO_1_4\40_20201117 (1101).JPG;0
\gineta\gineta_PNM_2012_ISAAC\d3067IM000035.JPG;1
\cervidae\ciervo_simone_2\40_20201024 (2732).JPG;1
\lince\Lince_b_Linces2_Leo_JC\lince146 (160).JPG;1
\vacia\empty_IslandConservationCameraTraps\dominicanrepublic_cam0526julio2015_20150625_152529_sunp0800.jpg;0
\cervidae\CERVIDREDORFALLOWDEER_ZOO_5_6_7_9\10_20210417 (155).JPG;1
\vacia\empty_IslandConservationCameraTraps\chile_frances012013_0401201372816.jpg;0
\jabali\WILDBOAR_ZOO_1_4\28_20201019 (1499).JPG;1
\vacia\NOANIMAL_ZOO_5_6_7_9\25_20210615 (11205).JPG;0
\cervidae\deer_CaltechCameraTrap\59e2a4f1-23d2-11e8-a6a3-ec086b02610b.jpg;1
\vacia\NOANIMAL_ZOO_1_4\15_20201117 (4586).JPG;0
\humanovehiculo\humano_vehiculo_PNM_2012_ISAAC\d6475IMAG0004.JPG;1
\vacia\empty_caltechCameraTraps\5957c252-23d2-11e8-a6a3-ec086b02610b.jpg;0
\cervidae\CERVIDREDORFALLOWDEER_ZOO_5_6_7_9\1_20210618 (3565).JPG;1
\humanovehiculo\car_CaltechCameraTrap_ME\vehiculo\59a30b1f-23d2-11e8-a6a3-ec086b02610b.jpg;1
\vacia\vacia_alumno_2_AM\Orycun (15)_frame110.jpg;0
\lince\Lince_a_Linces2_Leo_JC\lince122 (148).JPG;1
\leporido\rabbit_CaltechCameraTrap_ME\5938c2fe-23d2-11e8-a6a3-ec086b02610b.jpg;1
\vaca\COW_ZOO_1_4\24_20201019 (1386).JPG;1
\gineta\gineta_Saul Martin_FRAMES_SIN_REPETIDOS_REVISADOS_DIEGO\IMAG0013_frame380.jpg;1
\zorro\zorro_PNM_2013-O_ISAAC\f790IM000691.JPG;1
\cervidae\ciervo_simone_2\34_20201024 (2824).JPG;1
\cervidae\Ciervo_PNM_2013-0_ME\f28719IMAG0302.JPG;1
\vacia\empty_IslandConservationCameraTraps\dominicanrepublic_cam1826junio2015_20150505_113528_img_2599.jpg;0
\gato_domestico\cat_IslandConservationCameraTraps\palau_cam02a12132018_20180914_135715_rcnx0479.jpg;1
\vacia\vacia_Paco_Carro_JC\01130450.JPG;0
\vacia\empty_caltechCameraTraps\59817990-23d2-11e8-a6a3-ec086b02610b.jpg;0
\zorro\Zorro_PNM_2013-0_ME\f20322IM000090.JPG;1
\vacia\empty_caltechCameraTraps\59af991b-23d2-11e8-a6a3-ec086b02610b.jpg;0
\humanovehiculo\HUMANORVEHICLE_ZOO_5_6_7_9\17_20210218 (904) (2021_04_15 06_16_22 UTC).JPG;1
\humanovehiculo\car_CaltechCameraTrap_ME\vehiculo\5976a3d9-23d2-11e8-a6a3-ec086b02610b.jpg;1
\cervidae\cervidae_buscar_cab_isaac_sin_contar\28_20201218 (74).JPG;1
\vacia\empty_IslandConservationCameraTraps\dominicanrepublic_cam0425abril2015_20130823_045618_sunp4758.jpg;0
\cervidae\ciervo_PNC_2014_ISAAC\c29285IM000063.JPG;1
\cervidae\CERVIDREDORFALLOWDEER_ZOO_1_4\15_20210117 (15552).JPG;1
\cervidae\CERVIDREDORFALLOWDEER_ZOO_1_4\28_20210115 (2169).JPG;1
\vacia\empty_SnapshotMountainZebra\MTZ_S1_C06_R3_IMAG2501.JPG;0
\vacia\NOANIMAL_ZOO_1_4\7_20210115 (2912).JPG;0
\vacia\NOANIMAL_ZOO_1_4\37_20201215 (1124).JPG;0
\vacia\empty_IslandConservationCameraTraps\dominicanrepublic_cam1826julio2015_20150628_102316_img_0572.jpg;0
\cervidae\ciervo_PNC_2013-I_ME\6253IM000137.JPG;1
\jabali\WILDBOAR_ZOO_5_6_7_9\28_20210417 (1192).JPG;1
\vacia\NOANIMAL_ZOO_1_4\11_20210114 (370).JPG;0
\cervidae\3_ciervo_simone_2\34_20201024 (3935).JPG;1
\zorro\zorro_PNC_2012_JC\a17743IM000017.JPG;1
\gato_domestico\gato_WellingtonCameraTraps_SS\140616020732046a7353.JPG;1
\leporido\conejo_Paco_Carro_JC\PICT0034 (5).JPG;1
\lince\linces_fecha_Linces2_Leo_JC\2_Lince_flecha_Linces2_Leo_JC\lince160 (10).JPG;1
\vacia\vacias_PNC_2014_ISAAC\c25960IM000013.JPG;0
\cervidae\ciervo_Javi_3_JC\15_20201024 (2240).JPG;1
\zorro\zorro_vacías_humanos_PNC_2012_ME\a278IM000137.JPG;1
\jabali\WILDBOAR_ZOO_1_4\7_20201118 (62).JPG;1
\jabali\WILDBOAR_ZOO_1_4\28_20201019 (1712).JPG;1
\vacia\vacia_Paco_Carro_JC\IMG_1552.JPG;0
\vacia\vacia_Soraya_Padilla_Alumno_1_TH\STC_0041_frame340.jpg;0
\vacia\vacias_2_de_2_PNC_2012_ISAAC\a43982IM000790.JPG;0
\leporido\rabbit_CaltechCameraTrap_ME\58f42537-23d2-11e8-a6a3-ec086b02610b.jpg;1
\vacia\NOANIMAL_ZOO_5_6_7_9\39_20210218 (1304) (2021_04_15 06_16_22 UTC).JPG;0
\zorro\REDFOX_ZOO_1_4\32_20201218 (193).JPG;1
\cervidae\deer_CaltechCameraTrap\59518e71-23d2-11e8-a6a3-ec086b02610b.jpg;1
\lince\Lince_a_Linces2_Leo_JC\lince77 (157).JPG;1
\vacia\NOANIMAL_ZOO_5_6_7_9\13_20210218 (1055) (2021_04_15 06_16_22 UTC).JPG;0
\cervidae\ciervo_PNC_2013-I_RED_ME\7488IM000066.JPG;1
\vacia\vacias_PNC_2013-O_RED_ISAAC\b11396IMAG0131_copy_1.JPG;0
\cervidae\CERVIDREDORFALLOWDEER_ZOO_1_4\15_20201215 (3629).JPG;1
\vacia\vacias_1_de_2_PNC_2012_ISAAC\a37122IM000228.JPG;0
\cervidae\2_cervido_simone_2\34_20201024 (4886).JPG;1
\cervidae\ciervo_PNC_2013-O_RED_ISAAC\b15898IM000131.JPG;1
\cervidae\cervidae_alumno_1_AM_2\37_20201024 (2325).JPG;1
\vacia\vacia_alumno_1_AM\40_20201024 (5611).JPG;0
\zorro\zorro_PNC_2012_JC\a19335IM000011.JPG;1
\zorro\zorro_PNC_2012_JC\a23125IM000060.JPG;1
\gato_domestico\Gato_domestico_alumno_2_AM_JC\Felcat 02_frame260.jpg;1
\caballo\caballos_javier_JC\35_20201218 (331).JPG;1
\cervidae\Ciervo_PNC_2012_JC\a3615IM000047.JPG;1
\leporido\2_conejo_Paco_Carro_JC\PICT0905 (2).JPG;1
\humanovehiculo\humanovehiculo_PNC_2013-O_RED_ISAAC\b2262IMAG0329.JPG;1
\cervidae\ciervo_PNC_2014_ISAAC\c11162FILE0040.JPG;1
\leporido\rabbit_CaltechCameraTrap_ME\58e93b26-23d2-11e8-a6a3-ec086b02610b.jpg;1
\cervidae\deer_CaltechCameraTrap\593289f4-23d2-11e8-a6a3-ec086b02610b.jpg;1
\vacia\empty_SnapshotMountainZebra\MTZ_S1_G04_R3_IMAG2492.JPG;0
\cervidae\ciervo_PNM_2013-O_ME\f5166IM000216.JPG;1
\vacia\NOANIMAL_ZOO_1_4\6_20201812 (15494).JPG;0
\humanovehiculo\HUMANORVEHICLE_ZOO_5_6_7_9\9_20210418 (34).JPG;1
\vacia\empty_IslandConservationCameraTraps\dominicanrepublic_cam11618mayo2017_20170320_081204_img_0030.jpg;0
\caballo\HORSE_ZOO_5_6_7_9\15_20210219 (8726) (2021_04_15 06_16_22 UTC).JPG;1
\caballo\caballos_alumno_AM\caballos_alumno_AM\2_20201215 (7746).JPG;1
\cervidae\CERVIDREDORFALLOWDEER_ZOO_5_6_7_9\21_20210615 (172).JPG;1
\leporido\rabbit_CaltechCameraTrap_ME\58a6e889-23d2-11e8-a6a3-ec086b02610b.jpg;1
\zorro\zorro_PNM_2013-O_ISAAC\f1480IM000048.JPG;1
\cervidae\CERVIDREDORFALLOWDEER_ZOO_5_6_7_9\5_20210219 (109) (2021_04_15 06_16_22 UTC).JPG;1
\caballo\HORSE_ZOO_1_4\38_20201117 (2007).JPG;1
\vacia\NOANIMAL_ZOO_1_4\26_20201020 (3725).JPG;0
\humanovehiculo\humanovehiculo_PNC_2013-O_RED_ISAAC\b16634IM000239.JPG;1
\cervidae\ciervo_simone_2\37_20201024 (9451).JPG;1
\caballo\HORSE_ZOO_1_4\2_20201117 (5117).JPG;1
\vacia\SnampshotEnonkishu\ENO_S1_B03_R1_IMAG0148.JPG;0
\cervidae\CERVIDREDORFALLOWDEER_ZOO_1_4\17_20210114 (2041).JPG;1
\tejon\tejon_PNC_2014_manuel\c5228IM000071.JPG;1
\vacia\empty_SnapshotCamdeboo\CDB_S1_F03_R2_IMAG0293.JPG;0
\vacia\empty_IslandConservationCameraTraps\micronesia_cam04_cam04june2019_20190614182003_rcnx1864.jpg;0
\vacia\vacias_2_de_2_PNC_2012_ISAAC\a6124IM000792.JPG;0
\zorro\REDFOX_ZOO_1_4\9_20201712 (219).JPG;1
\zorro\Zorro_Pepe_IREC\Zorro_Pepe_Irec_ME\IMAG2025.JPG;1
\vacia\NOANIMAL_ZOO_5_6_7_9\2_20210618 (18028).JPG;0
\vacia\NOANIMAL_ZOO_1_4\7_20210115 (1938).JPG;0
\jabali\WILDBOAR_ZOO_1_4\10_20201117 (5155).JPG;1
\vacia\NOANIMAL_ZOO_5_6_7_9\49_20210418 (1002).JPG;0
\cervidae\corzo_alumno_2_AM_JC\STC_0286_frame060.jpg;1
\zorro\zorro_PNM_2013-O_ISAAC\f12929IM000341.JPG;1
\vacia\NOANIMAL_ZOO_1_4\21_20201119 (1673).JPG;0
\gato_domestico\cat_CaltechCameraTrap\5a197c53-23d2-11e8-a6a3-ec086b02610b.jpg;1
\vacia\NOANIMAL_ZOO_1_4\34_20210115 (7679).JPG;0
\leporido\conejo_Paco_Carro_JC\PICT2324.JPG;1
\cervidae\CIERVO_PNM_2013-I_ISAAC\e1657IM000129.JPG;1
\gato_domestico\cat_CaltechCameraTrap\58bb8af0-23d2-11e8-a6a3-ec086b02610b.jpg;1
\cervidae\CERVIDREDORFALLOWDEER_ZOO_1_4\10_20201218 (2653).JPG;1
\zorro\zorro_PNC_2012_JC\a29027IM000148.JPG;1
\cervidae\Ciervo_PNC_2012_JC\a40085IM000072.JPG;1
\vacia\NOANIMAL_ZOO_1_4\2_20210115 (8464).JPG;0
\leporido\rabbit_IslandConservationCameraTraps\chile_frances012013_31122012200326.jpg;1
\mapache\raccoon_CaltechCameraTrap_ME\596ef030-23d2-11e8-a6a3-ec086b02610b.jpg;1
\gato_domestico\gato_WellingtonCameraTraps_SS\11101503470002359701.JPG;1
\vacia\NOANIMAL_ZOO_1_4\26_20201020 (15390).JPG;0
\cervidae\ciervo_PNC_2013-I_RED_ME\4778IM000060.JPG;1
\lince\Lince_a_Linces2_Leo_JC\lince125 (53).JPG;1
\humanovehiculo\humano_vehiculo_PNM_2013-O_ISAAC\f10858IM000008.JPG;1
\jabali\WILDBOAR_ZOO_1_4\37_20201116 (4809).JPG;1
\zorro\Zorro_PNC_2014_JC\c5315IM000052.JPG;1
\humanovehiculo\humanovehiculo_PNC_2014_manuel\c10214IM000003.JPG;1
\gato_domestico\cat_CaltechCameraTrap\59fae62d-23d2-11e8-a6a3-ec086b02610b.jpg;1
\vacia\empty_IslandConservationCameraTraps\dominicanrepublic_cam0425abril2015_20130825_050353_sunp5703.jpg;0
\cervidae\CERVIDREDORFALLOWDEER_ZOO_1_4\26_20201020 (9552).JPG;1
\gineta\Gineta_alumno_2_AM_JC\Gengen 25_frame280.jpg;1
\vacia\NOANIMAL_ZOO_1_4\6_20201116 (4152).JPG;0
\humanovehiculo\humanovehiculo_PNM_2013-I_ME\e3209IM000005.JPG;1
\vaca\vaca_alumno_1_AM_2\21_20201025 (5435).JPG;1
\leporido\conejo_WellingtonCameraTraps_SS\1804151122320889S042.JPG;1
\humanovehiculo\humanovehiculo_PNC_2014_manuel\c25274IM000106.JPG;1
\mapache\raccoon_CaltechCameraTrap_ME\58c033d2-23d2-11e8-a6a3-ec086b02610b.jpg;1
\jabali\WILDBOAR_ZOO_5_6_7_9\28_20210417 (7553).JPG;1
\zorro\zorro_PNC_2013-I_RED_ME\683IM000103.JPG;1
\ave\bird_CaltechCameraTrap\59d27dc3-23d2-11e8-a6a3-ec086b02610b.jpg;1
\vacia\NOANIMAL_ZOO_1_4\34_20210115 (1258).JPG;0
\vacia\vacias_1_de_2_PNC_2012_ISAAC\a39299IMAG1047.JPG;0
\ave\short-eared_owl_IslandConservationCameraTraps\ecuador2_ic1605_20181024_050224_img_0168.jpg;1
\cervidae\3_ciervo_Javi_3_JC\34_20201024 (2284).JPG;1
\ave\white-winged_dove_IslandConservationCameraTraps\dominicanrepublic_cam23agosto2015_20150730_165711_img_0009.jpg;1
\cervidae\CERVIDREDORFALLOWDEER_ZOO_1_4\33_20201217 (334).JPG;1
\vacia\vacia_alumno_1_AM\40_20201024 (488).JPG;0
\cervidae\CERVIDREDORFALLOWDEER_ZOO_1_4\22_20201022 (748).JPG;1
\ave\bird_CaltechCameraTrap\594cebbf-23d2-11e8-a6a3-ec086b02610b.jpg;1
\cervidae\CERVIDREDORFALLOWDEER_ZOO_1_4\39_20201019 (251).JPG;1
\ave\birdother_SnapshotKgalagai\KGA_S1_A04_R1_IMAG0062.JPG;1
\jabali\WILDBOAR_ZOO_5_6_7_9\11_20210318 (678).JPG;1
\lince\Lince_a_Linces2_Leo_JC\lince120 (120).JPG;1
\cervidae\ciervo_PNC_2014_ISAAC\c11390IMAG0152.JPG;1
\vacia\empty_IslandConservationCameraTraps\palau_cam09a12132018_20181129_120000_rcnx1232.jpg;0
\vaca\COW_ZOO_5_6_7_9\39_20210417 (1986).JPG;1
\jabali\WILDBOAR_ZOO_5_6_7_9\33_20210418 (431).JPG;1
\zorro\Zorro_PNC_2014_JC\c25606IM000018.JPG;1
\gato_domestico\cat_CaltechCameraTrap\593bdcb5-23d2-11e8-a6a3-ec086b02610b.jpg;1
\vacia\NOANIMAL_ZOO_1_4\2_20210115 (11398).JPG;0
\jabali\WILDBOAR_ZOO_1_4\37_20210115 (456).JPG;1
\cervidae\ciervo_simone_2\34_20201024 (4697).JPG;1
\cervidae\CERVIDREDORFALLOWDEER_ZOO_1_4\13_20210120 (50).JPG;1
\vacia\NOANIMAL_ZOO_5_6_7_9\49_20210418 (897).JPG;0
\ave\ave_PNC_2013-O_RED_ISAAC\b4490IMAG0367.JPG;1
\lince\linces_fecha_Linces2_Leo_JC\3_Lince_flecha_Linces2_Leo_JC\lince130 (552).JPG;1
\cervidae\ciervo_simone_2\37_20201024 (12922).JPG;1
\cervidae\CERVIDREDORFALLOWDEER_ZOO_5_6_7_9\19_20210319 (2098).JPG;1
\vacia\vacia_alumno_1_AM\40_20201024 (8369).JPG;0
\cervidae\ciervo_PNC_2013-O_RED_ISAAC\b17493IM000038.JPG;1
\ave\shearwater_IslandConservationCameraTraps\chile_vaqueria2013_1201201345215.jpg;1
\humanovehiculo\humanovehiculo_PNC_2014_manuel\c13750IMAG0218.JPG;1
\vacia\NOANIMAL_ZOO_1_4\4_20201220 (2045).JPG;0
\vacia\empty_IslandConservationCameraTraps\micronesia_cam16april2019_20190415_104000_rcnx0479.jpg;0
\caballo\caballos_alumno_AM\caballos_alumno_AM\2_20201215 (4629).JPG;1
\vacia\NOANIMAL_ZOO_5_6_7_9\19_20210219 (64) (2021_04_15 06_16_22 UTC).JPG;0
\jabali\WILDBOAR_ZOO_1_4\37_20201116 (7865).JPG;1
\vacia\empty_SnapshotMountainZebra\MTZ_S1_D05_R1_IMAG0233.JPG;0
\leporido\rabbit_IslandConservationCameraTraps\chile_frances022013_1405201383400.jpg;1
\cervidae\ciervo_PNC_2014_ISAAC\c22776IM000068.JPG;1
\zorro\zorro_PNC_2013-I_RED_ME\1432IM000049.JPG;1
\vacia\empty_SnapshotMountainZebra\MTZ_S1_D07_R1_IMAG2288.JPG;0
\zorro\zorro_PNC_2014_manuel\c26324IM000077.JPG;1
\cervidae\CERVIDREDORFALLOWDEER_ZOO_1_4\21_20201025 (331).JPG;1
\cervidae\CERVIDREDORFALLOWDEER_ZOO_1_4\24_20201218 (1624).JPG;1
\vacia\empty_IslandConservationCameraTraps\dominicanrepublic_cam1725abril2015_20150420_094514_img_0737.jpg;0
\cervidae\cervidae_alumno_1_AM_2\30_20201021 (12163).JPG;1
\zorro\ZORRO_PNM_2012_ISAAC\d10202IM000249.JPG;1
\vacia\NOANIMAL_ZOO_1_4\26_20201020 (15576).JPG;0
\humanovehiculo\car_CaltechCameraTrap_ME\vehiculo\59ddc074-23d2-11e8-a6a3-ec086b02610b.jpg;1
\jabali\WILDBOAR_ZOO_5_6_7_9\33_20210218 (198) (2021_04_15 06_16_22 UTC).JPG;1
\humanovehiculo\humanos_fotosManuelEmilio20200912\IMG_0716.JPG;1
\vacia\vacias_2_de_2_PNC_2012_ISAAC\a43654IM000475.JPG;0
\caballo\HORSE_ZOO_1_4\10_20201218 (3481).JPG;1
\vacia\NOANIMAL_ZOO_5_6_7_9\13_20210218 (80) (2021_04_15 06_16_22 UTC).JPG;0
\vacia\empty_SnapshotKruger\KRU_S1_8_R1_IMAG0433.JPG;0
\leporido\Conejo_PNC_2014_JC\c8891IM000191.JPG;1
\jabali\jabali_revGinetasJC_REV1_4_donana\37_20201116 (5199).JPG;1
\vacia\empty_SnapshotKaroo\KAR_S1_A01_R1_IMAG00298.JPG;0
\vacia\NOANIMAL_ZOO_1_4\1_20210115 (454).JPG;0
\vacia\NOANIMAL_ZOO_1_4\6_20201116 (6422).JPG;0
\vacia\empty_SnapshotMountainZebra\MTZ_S1_D06_R1_IMAG2452.JPG;0
\caballo\HORSE_ZOO_5_6_7_9\46_20210618 (360).JPG;1
\cervidae\CERVIDREDORFALLOWDEER_ZOO_5_6_7_9\28_20210615 (346).JPG;1
\vacia\NOANIMAL_ZOO_5_6_7_9\22_20210417 (9423).JPG;0
\cervidae\Ciervo_PNM_2013-0_ME\f4990IM000087.JPG;1
\vacia\NOANIMAL_ZOO_1_4\7_20210115 (3776).JPG;0
\gato_domestico\cat_IslandConservationCameraTraps\palau_cam02a12132018_20180924_224508_rcnx0642.jpg;1
\cervidae\CERVIDREDORFALLOWDEER_ZOO_1_4\21_20201025 (4909).JPG;1
\ave\ave_PNM_2013-O_ISAAC\f27143IMAG0131.JPG;1
\ave\ave_ave_WellingtonCameraTraps_SS\050716123944007bs092.JPG;1
\vacia\NOANIMAL_ZOO_1_4\6_20201116 (4188).JPG;0
\vacia\NOANIMAL_ZOO_5_6_7_9\22_20210615 (9542).JPG;0
\tejon\Tejon_PEPE_IREC_JC\IMAG0354.JPG;1
\jabali\jabali_PNC_2013-O_RED_ISAAC\b5661IM000112.JPG;1
\vacia\empty_IslandConservationCameraTraps\dominicanrepublic_cam1826junio2015_20150505_110012_img_2397.jpg;0
\gineta\gineta_PNM_2013-O_ISAAC\f8199IM000072.JPG;1
\humanovehiculo\car_CaltechCameraTrap_ME\vehiculo\58f5af96-23d2-11e8-a6a3-ec086b02610b.jpg;1
\meloncillo\EGYPTIANMONGOOSE_ZOO_1_4\36_20201019 (2569).JPG;1
\meloncillo\Meloncillo_PEPE_IREC_JC\IMAG0106_(7).JPG;1
\leporido\rabbit_CaltechCameraTrap_ME\58a1cc89-23d2-11e8-a6a3-ec086b02610b.jpg;1
\humanovehiculo\car_CaltechCameraTrap_ME\vehiculo\59ccd206-23d2-11e8-a6a3-ec086b02610b.jpg;1
\cervidae\CERVIDREDORFALLOWDEER_ZOO_5_6_7_9\19_20210319 (863).JPG;1
\cervidae\deer_CaltechCameraTrap\591367dd-23d2-11e8-a6a3-ec086b02610b.jpg;1
\vacia\vacia_ss\38_20201019 (227).JPG;0
\cervidae\ciervo_simone_2\34_20201024 (4341).JPG;1
\ave\petrel_chick_IslandConservationCameraTraps\chile_filipiananbek2013_2712201324325.jpg;1
\vacia\empty_caltechCameraTraps\59b7a82d-23d2-11e8-a6a3-ec086b02610b.jpg;0
\ave\white-winged_dove_IslandConservationCameraTraps\dominicanrepublic_cam11101agosto2017_20170617_075711_img_0209.jpg;1
\cervidae\ciervo_PNC_2014_ISAAC\c12271IMAG0023.JPG;1
\vacia\NOANIMAL_ZOO_1_4\34_20210115 (4568).JPG;0
\humanovehiculo\car_CaltechCameraTrap_ME\vehiculo\5987b4a6-23d2-11e8-a6a3-ec086b02610b.jpg;1
\zorro\Zorro_PNC_2014_JC\c26329IM000082.JPG;1
\vacia\empty_caltechCameraTraps\59783144-23d2-11e8-a6a3-ec086b02610b.jpg;0
\caballo\HORSE_ZOO_1_4\17_20201225 (8).JPG;1
\vacia\vacias_2_de_2_PNC_2012_ISAAC\a6004IM000819.JPG;0
\cervidae\CERVIDREDORFALLOWDEER_ZOO_1_4\39_20201218 (172).JPG;1
\vaca\COW_ZOO_5_6_7_9\2_20210219 (2496) (2021_04_15 06_16_22 UTC).JPG;1
\vacia\empty_SnapshotMountainZebra\MTZ_S1_G04_R3_IMAG3511.JPG;0
\vaca\COW_ZOO_5_6_7_9\49_20210418 (2337).JPG;1
\ave\Ave_Indeterminada_PNC_2013-O_ME\b4248IMAG0111.JPG;1
\vacia\vacias_PNM_2013-O_ISAAC\f5021IM000120.JPG;0
\leporido\rabbit_IslandConservationCameraTraps\chile_piedra012013_01042013131335.jpg;1
\vacia\Nothing_mammalWeb\122456.jpg;0
\cervidae\ciervo_PNC_2013-O_RED_ISAAC\b16599IM000203.JPG;1
\vacia\empty_IslandConservationCameraTraps\dominicanrepublic_cam10517mayo2017_20170418_104814_img_0471.jpg;0
\jabali\WILDBOAR_ZOO_1_4\22_20210115 (789).JPG;1
\cervidae\CERVIDREDORFALLOWDEER_ZOO_1_4\40_20201024 (2753).JPG;1
\jabali\WILDBOAR_ZOO_1_4\37_20201116 (14704).JPG;1
\cervidae\CERVIDREDORFALLOWDEER_ZOO_1_4\26_20201020 (3253).JPG;1
\caballo\HORSE_ZOO_5_6_7_9\15_20210219 (8154) (2021_04_15 06_16_22 UTC).JPG;1
\lince\Lince_b_Linces2_Leo_JC\lince230 (76).jpg;1
\vacia\empty_IslandConservationCameraTraps\ecuador1_ic1611_20150101_000003_img_2989.jpg;0
\humanovehiculo\humanovehiculo_PNC_2014_manuel\c6646IM000089.JPG;1
\caballo\HORSE_ZOO_1_4\15_20210117 (11461).JPG;1
\jabali\WILDBOAR_ZOO_1_4\2_20201215 (8317).JPG;1
\vacia\vacia_Paco_Carro_JC\01140039.JPG;0
\vacia\Nothing_mammalWeb\17146.jpg;0
\jabali\jabali_PNM_2013-O_ISAAC\f14558IMAG0482.JPG;1
\vacia\empty_caltechCameraTraps\59e43f80-23d2-11e8-a6a3-ec086b02610b.jpg;0
\vacia\NOANIMAL_ZOO_1_4\40_20201024 (3083).JPG;0
\cervidae\deer_CaltechCameraTrap\59a94d8b-23d2-11e8-a6a3-ec086b02610b.jpg;1
\vacia\NOANIMAL_ZOO_5_6_7_9\20_20210618 (14191).JPG;0
\lince\linces_fecha_Linces2_Leo_JC\2_Lince_flecha_Linces2_Leo_JC\lince185 (101).JPG;1
\vacia\NOANIMAL_ZOO_1_4\37_20201116 (11846).JPG;0
\cervidae\CERVIDREDORFALLOWDEER_ZOO_1_4\37_20201024 (4607).JPG;1
\ave\ave_ave_WellingtonCameraTraps_SS\051016165402005a5753.JPG;1
\vacia\empty_caltechCameraTraps\59c1779a-23d2-11e8-a6a3-ec086b02610b.jpg;0
\cervidae\CERVIDREDORFALLOWDEER_ZOO_5_6_7_9\49_20210408 (615).JPG;1
\vacia\empty_IslandConservationCameraTraps\dominicanrepublic_cam0525abril2015_20130905_065503_sunp0379.jpg;0
\jabali\jabali_vacías_humanos_PNC_2012_ME\a13536IM000151.JPG;1
\vacia\NOANIMAL_ZOO_5_6_7_9\20_20210319 (15276).JPG;0
\cervidae\CERVIDREDORFALLOWDEER_ZOO_5_6_7_9\19_20210417 (2282).JPG;1
\vacia\NOANIMAL_ZOO_1_4\10_20210115 (5805).JPG;0
\vacia\NOANIMAL_ZOO_5_6_7_9\3_20210218 (51) (2021_04_15 06_16_22 UTC).JPG;0
\cervidae\ciervo_PNC_2013-O_RED_ISAAC\b15948IM000184.JPG;1
\cervidae\ciervo_PNC_2013-I_RED_ME\7400IM000069.JPG;1
\garduna\garduna_PNM_2013-O_ME\f5075IM000177.JPG;1
\vacia\empty_SnapshotKruger\KRU_S1_21_R1_IMAG0048.JPG;0
\humanovehiculo\HUMANORVEHICLE_ZOO_5_6_7_9\17_20210318 (26).JPG;1
\vacia\NOANIMAL_ZOO_5_6_7_9\24_20210615 (16550).JPG;0
\vacia\NOANIMAL_ZOO_1_4\6_20201812 (13265).JPG;0
\vacia\empty_SnapshotMountainZebra\MTZ_S1_G04_R1_IMAG3016.JPG;0
\vacia\NOANIMAL_ZOO_5_6_7_9\50_20210417 (22888).JPG;0
\jabali\jabali_alumno_1_AM_2\28_20201019 (1704).JPG;1
\jabali\Jabali_PNC_2014_JC\c13412IMAG0112.JPG;1
\perro\perro_Paco_Carro_camarasliron_4_2_PASADAS_POR_LA_RED_JC\PICT0064.JPG;1
\vacia\empty_IslandConservationCameraTraps\dominicanrepublic_cam0425abril2015_20130822_073456_sunp4495.jpg;0
\mapache\raccoon_CaltechCameraTrap_ME\59f799f1-23d2-11e8-a6a3-ec086b02610b.jpg;1
\cervidae\CERVIDREDORFALLOWDEER_ZOO_5_6_7_9\15_20210219 (6037) (2021_04_15 06_16_22 UTC).JPG;1
\cervidae\deer_CaltechCameraTrap\59f2c4f3-23d2-11e8-a6a3-ec086b02610b.jpg;1
\humanovehiculo\humano_vehiculo_PNM_2013-O_ISAAC\f8128IM000001.JPG;1
\humanovehiculo\HUMANORVEHICLE_ZOO_5_6_7_9\39_20210318 (3).JPG;1
\zorro\zorro_PNC_2013-I_ME\830IM000258.JPG;1
\gato_domestico\cat_IslandConservationCameraTraps\puertorico_18_20150226_200945_img_0307.jpg;1
\lince\Lince_a_Linces2_Leo_JC\lince75 (48).JPG;1
\cervidae\CERVIDREDORFALLOWDEER_ZOO_5_6_7_9\28_20210615 (1250).JPG;1
\ave\petrel_IslandConservationCameraTraps\chile_filipianalamatris2013_2809201392723.jpg;1
\gato_domestico\gato_WellingtonCameraTraps_SS\20101508563606997491.JPG;1
\meloncillo\Meloncillo_PEPE_IREC_JC\IMAG0040_(4).JPG;1
\cervidae\ciervo_simone_2\37_20201024 (1022).JPG;1
\zorro\Zorro_Pepe_IREC\Zorro_Pepe_Irec_ME\IMAG2073_(2).JPG;1
\vacia\NOANIMAL_ZOO_1_4\4_20210117 (4046).JPG;0
\lince\Lince_a_Linces2_Leo_JC\lince77 (74).JPG;1
\cervidae\CERVIDREDORFALLOWDEER_ZOO_1_4\21_20201025 (46).JPG;1
\vacia\NOANIMAL_ZOO_1_4\34_20210115 (2180).JPG;0
\garduna\garduna_PNC_2013-I_ME\1219IMAG0045.JPG;1
\vacia\empty_SnapshotMountainZebra\MTZ_S1_E06_R3_IMAG0974.JPG;0
\zorro\zorro_PNC_2014_manuel\c28822IM000090.JPG;1
\leporido\Eastern Cottontail_ena24\796.jpg;1
\vacia\empty_IslandConservationCameraTraps\dominicanrepublic_cam1826julio2015_20150715_112731_img_2388.jpg;0
\cervidae\ciervo_4_ME_rev_1_donana\21_20201025 (1171).JPG;1
\cervidae\ciervo_PNC_2013-I_ME\7116IM000103.JPG;1
\zorro\Zorro_PNC_2013-O_ME\b16520IM000119.JPG;1
\zorro\Zorro_Pepe_IREC\Zorro_Pepe_Irec_ME\IMAG0708_(3).JPG;1
\vacia\empty_SnapshotMountainZebra\MTZ_S1_D06_R1_IMAG0550.JPG;0
\vacia\empty_SnapshotKaroo\KAR_S1_C03_R1_IMAG0006.JPG;0
\ave\ave_ave_WellingtonCameraTraps_SS\230316102222043cs373.JPG;1
\lince\Lince_b_Linces2_Leo_JC\lince161 (41).JPG;1
\jabali\WILDBOAR_ZOO_1_4\4_20210117 (2562).JPG;1
\humanovehiculo\car_CaltechCameraTrap_ME\vehiculo\58910f83-23d2-11e8-a6a3-ec086b02610b.jpg;1
\cervidae\CERVIDREDORFALLOWDEER_ZOO_1_4\26_20201117 (1310).JPG;1
\vacia\vacia_alumno_1_TH\Nada (37)_frame040.jpg;0
\ave\ave_PNC_2014_ISAAC\c4048IMAG0029.JPG;1
\gato_domestico\gato_WellingtonCameraTraps_SS\1904150846200106S473.JPG;1
\vacia\NOANIMAL_ZOO_5_6_7_9\39_20210417 (3569).JPG;0
\caballo\HORSE_ZOO_1_4\15_20210117 (2052).JPG;1
\vacia\NOANIMAL_ZOO_1_4\4_20201220 (1162).JPG;0
\leporido\conejo_PNM_2012_ISAAC\d11076IM000469.JPG;1
\vacia\NOANIMAL_ZOO_5_6_7_9\24_20210318 (5983).JPG;0
\cervidae\Ciervo_PNC_2012_JC\a12657IM001079.JPG;1
\vacia\empty_SnapshotMountainZebra\MTZ_S1_D05_R1_IMAG0410.JPG;0
\vacia\vacias_1_de_2_PNC_2012_ISAAC\a50648IM000671.JPG;0
\cervidae\CERVIDREDORFALLOWDEER_ZOO_5_6_7_9\19_20210319 (110).JPG;1
\vacia\vacia_alumno_2_AM\Neovis 10_frame280.jpg;0
\cervidae\Ciervo_PNC_2014_JC\c27955IM000202.JPG;1
\cervidae\CERVIDREDORFALLOWDEER_ZOO_5_6_7_9\10_20210319 (4878).JPG;1
\ave\white-winged_dove_IslandConservationCameraTraps\dominicanrepublic_cam11801agosto2017_20170716_153537_img_0176.jpg;1
\ave\bird_CaltechCameraTrap\59531b9d-23d2-11e8-a6a3-ec086b02610b.jpg;1
\jabali\WILDBOAR_ZOO_1_4\11_20210114 (922).JPG;1
\humanovehiculo\HUMANORVEHICLE_ZOO_1_4\24_20201117 (18).JPG;1
\cervidae\deer_CaltechCameraTrap\59da8cd0-23d2-11e8-a6a3-ec086b02610b.jpg;1
\vacia\vacias_2_de_2_PNC_2012_ISAAC\a28592IM000087.JPG;0
\vacia\NOANIMAL_ZOO_5_6_7_9\42_20210618 (2031).JPG;0
\leporido\rabbit_CaltechCameraTrap_ME\59df5e46-23d2-11e8-a6a3-ec086b02610b.jpg;1
\perro\dog_caltechCameraTraps\5a1fe731-23d2-11e8-a6a3-ec086b02610b.jpg;1
\vacia\empty_SnapshotMountainZebra\MTZ_S1_D05_R1_IMAG1158.JPG;0
\vacia\NOANIMAL_ZOO_1_4\40_20201024 (6514).JPG;0
\leporido\conejo_Paco_Carro_JC\PICT1948.JPG;1
\jabali\Jabalí_PNC_2013-O_ME\b8471FILE0300.JPG;1
\vacia\empty_SnapshotMountainZebra\MTZ_S1_D05_R1_IMAG0386.JPG;0
\cervidae\CERVIDREDORFALLOWDEER_ZOO_1_4\34_20201024 (839).JPG;1
\cervidae\CERVIDREDORFALLOWDEER_ZOO_1_4\21_20201025 (3066).JPG;1
\zorro\zorro_PNC_2013-I_RED_ME\686IM000106.JPG;1
\ave\ave_PNC_2013-O_RED_ISAAC\b4848IMAG0729.JPG;1
\vacia\NOANIMAL_ZOO_1_4\6_20201812 (11438).JPG;0
\cervidae\ciervo_alumno_2_TH\30_20201021 (12064).JPG;1
\vacia\vacia_alumno_2_2_TH_JC\27_20201023 (8159).JPG;0
\zorro\zorro_vacías_humanos_PNC_2012_ME\a18014IM000040.JPG;1
\cervidae\CERVIDREDORFALLOWDEER_ZOO_1_4\39_20210115 (558).JPG;1
\vacia\NOANIMAL_ZOO_5_6_7_9\25_20210417 (5642).JPG;0
\vacia\NOANIMAL_ZOO_1_4\26_20201020 (8814).JPG;0
\leporido\rabbit_IslandConservationCameraTraps\chile_piedra012013_2403201363356.jpg;1
\cervidae\cervidae_buscar_cab_isaac_sin_contar\9_20201118 (1397).JPG;1
\vacia\vacias_1_de_2_PNC_2012_ISAAC\a43975IM000783.JPG;0
\ave\Ave_Leo_Otra_fauna_PASADA_POR_LA_RED_JC\Otrafauna (1644).JPG;1
\vacia\vacias_1_de_2_PNC_2012_ISAAC\a38849IMAG0604.JPG;0
\humanovehiculo\humanovehiculo_PNM_2013-I_ME\e3031IM000142.JPG;1
\caballo\caballos_alumno_AM\caballos_alumno_AM\2_20201215 (5685).JPG;1
\vacia\empty_SnapshotMountainZebra\MTZ_S1_C04_R3_IMAG1238.JPG;0
\cervidae\CERVIDREDORFALLOWDEER_ZOO_1_4\10_20201019 (692).JPG;1
\jabali\Jabali_PNC_2014_JC\c16468IM000083.JPG;1
\vacia\empty_SnapshotKaroo\KAR_S1_C02_R1_IMAG1199.JPG;0
\vacia\empty_IslandConservationCameraTraps\dominicanrepublic_cam1725abril2015_20150407_063805_img_0143.jpg;0
\cervidae\CERVIDREDORFALLOWDEER_ZOO_5_6_7_9\19_20210319 (861).JPG;1
\vacia\vacias_1_de_2_PNC_2012_ISAAC\a37281IM000397.JPG;0
\vacia\empty_caltechCameraTraps\5a116c8e-23d2-11e8-a6a3-ec086b02610b.jpg;0
\jabali\WILDBOAR_ZOO_5_6_7_9\37_20210220 (176) (2021_04_15 06_16_22 UTC).JPG;1
\vacia\vacias_1_de_2_PNC_2012_ISAAC\a47572IM000066.JPG;0
\cervidae\CERVIDREDORFALLOWDEER_ZOO_1_4\15_20210117 (884).JPG;1
\caballo\caballos_simone\4_20201220 (2299).JPG;1
\vacia\NOANIMAL_ZOO_5_6_7_9\5_20210417 (4102).JPG;0
\cervidae\ciervo_PNM_2012_ME\d10680IM000081.JPG;1
\micromamiferos\rodent_CaltechCameraTrap_JC\Roedor_ rodent_CaltechCameraTrap_JC\5a1cb087-23d2-11e8-a6a3-ec086b02610b.jpg;1
\jabali\WILDBOAR_ZOO_5_6_7_9\35_20210218 (1680) (2021_04_15 06_16_22 UTC).JPG;1
\caballo\HORSE_ZOO_1_4\15_20201215 (28).JPG;1
\zorro\Zorro_PNC_2014_JC\c10853IM000041.JPG;1
\jabali\WILDBOAR_ZOO_5_6_7_9\11_20210318 (519).JPG;1
\leporido\rabbit_CaltechCameraTrap_ME\59c4bf0f-23d2-11e8-a6a3-ec086b02610b.jpg;1
\vacia\SnampshotEnonkishu\ENO_S1_D06_R1_IMAG0361.JPG;0
\vacia\SnampshotEnonkishu\ENO_S1_D03_R1_IMAG2396.JPG;0
\cervidae\CERVIDREDORFALLOWDEER_ZOO_1_4\38_20210117 (531).JPG;1
\leporido\rabbit_IslandConservationCameraTraps\chile_frances012013_1812201271337.jpg;1
\cervidae\CIERVO_PNM_2012_ISAAC\d13118IM000037.JPG;1
\jabali\WILDBOAR_ZOO_1_4\31_20201023 (264).JPG;1
\vacia\empty_SnapshotMountainZebra\MTZ_S1_E06_R3_IMAG0993.JPG;0
\vacia\empty_SnapshotMountainZebra\MTZ_S1_D05_R1_IMAG1136.JPG;0
\ave\raven_IslandConservationCameraTraps\dominicanrepublic_cam0617abril2015_20130727_044332_sunp0047.jpg;1
\vacia\empty_caltechCameraTraps\5a29651d-23d2-11e8-a6a3-ec086b02610b.jpg;0
\cervidae\CERVIDREDORFALLOWDEER_ZOO_5_6_7_9\22_20210219 (2324) (2021_04_15 06_16_22 UTC).JPG;1
\lince\linces_fecha_Linces2_Leo_JC\4_Lince_flecha_Linces2_Leo_JC\lince228 (306).jpg;1
\gineta\gineta_vacías_humanos_PNC_2012_ME\a2289IM000086.JPG;1
\micromamiferos\micromamifero_WellingtonCameraTraps_SS\020716213358038cs523.JPG;1
\humanovehiculo\car_CaltechCameraTrap_ME\vehiculo\59fe207f-23d2-11e8-a6a3-ec086b02610b.jpg;1
\vacia\vacia_alumno_1_TH\Nada (11)_frame050.jpg;0
\cervidae\ciervo_Javi_3_JC\7_20201025 (293).JPG;1
\ave\OTHERSPECIES_ZOO_5_6_7_9\38_20210618 (922).JPG;1
\zorro\zorro_PNC_2013-O_RED_ISAAC\b17717IM000022.JPG;1
\zorro\zorro_PNC_2013-O_RED_ISAAC\b736IM000019.JPG;1
\vacia\empty_IslandConservationCameraTraps\dominicanrepublic_cam0725abril2015a_20130812_075923_sunp1744.jpg;0
\vacia\NOANIMAL_ZOO_5_6_7_9\1_20210219 (70) (2021_04_15 06_16_22 UTC).JPG;0
\vaca\COW_ZOO_5_6_7_9\2_20210319 (7732).JPG;1
\caballo\caballos_alumno_AM\caballos_alumno_AM\2_20201215 (7166).JPG;1
\vacia\NOANIMAL_ZOO_5_6_7_9\50_20210417 (25215).JPG;0
\vacia\NOANIMAL_ZOO_5_6_7_9\50_20210408 (15021).JPG;0
\vacia\empty_caltechCameraTraps\59d0e151-23d2-11e8-a6a3-ec086b02610b.jpg;0
\jabali\WILDBOAR_ZOO_1_4\37_20201116 (9503).JPG;1
\zorro\REDFOX_ZOO_1_4\11_20201217 (387).JPG;1
\cervidae\CERVIDREDORFALLOWDEER_ZOO_5_6_7_9\49_20210408 (51).JPG;1
\vacia\SnampshotEnonkishu\ENO_S1_D06_R1_IMAG3276.JPG;0
\gato_domestico\gato_WellingtonCameraTraps_SS\2904152237000237S061.JPG;1
\vacia\NOANIMAL_ZOO_1_4\26_20201020 (17350).JPG;0
\cervidae\5_ciervo_simone_2\34_20201024 (5675).JPG;1
\vacia\NOANIMAL_ZOO_5_6_7_9\25_20210417 (2279).JPG;0
\vacia\empty_IslandConservationCameraTraps\dominicanrepublic_cam1826julio2015_20150715_113923_img_2399.jpg;0
\leporido\conejo_Paco_Carro_JC\PICT0215.JPG;1
\garduna\garduna_PNM_2013-O_ME\f21380IM000080.JPG;1
\vacia\vacias_2_de_2_PNC_2012_ISAAC\a4707IM000565.JPG;0
\humanovehiculo\car_CaltechCameraTrap_ME\vehiculo\58f73e19-23d2-11e8-a6a3-ec086b02610b.jpg;1
\leporido\rabbit_IslandConservationCameraTraps\chile_frances012013_09012013185031.jpg;1
\ave\ave_Paco_Carro_JC\IMG_0138.JPG;1
\vacia\NOANIMAL_ZOO_1_4\17_20210114 (2165).JPG;0
\cervidae\CERVIDREDORFALLOWDEER_ZOO_5_6_7_9\5_20210219 (559) (2021_04_15 06_16_22 UTC).JPG;1
\gato_domestico\gato_WellingtonCameraTraps_SS\010216203510039a1161.JPG;1
\zorro\Zorro_Pepe_IREC\Zorro_Pepe_Irec_ME\IMAG0159_(8).JPG;1
\vaca\COW_ZOO_5_6_7_9\39_20210417 (1887).JPG;1
\vacia\NOANIMAL_ZOO_5_6_7_9\24_20210418 (6848).JPG;0
\vacia\empty_IslandConservationCameraTraps\ecuador1_ic1611_20150101_000005_img_0936.jpg;0
\cervidae\deer_CaltechCameraTrap\5965a9ca-23d2-11e8-a6a3-ec086b02610b.jpg;1
\zorro\zorro_PNC_2013-O_RED_ISAAC\b15739IM000084.JPG;1
\vacia\NOANIMAL_ZOO_1_4\10_20201019 (956).JPG;0
\cervidae\CERVIDREDORFALLOWDEER_ZOO_1_4\18_20210115 (2165).JPG;1
\jabali\WILDBOAR_ZOO_1_4\15_20210117 (7584).JPG;1
\vacia\NOANIMAL_ZOO_5_6_7_9\11_20210418 (2743).JPG;0
\vacia\NOANIMAL_ZOO_5_6_7_9\32_20210615 (4864).JPG;0
\vacia\empty_IslandConservationCameraTraps\micronesia_cam16april2019_20190413_080003_rcnx0297.jpg;0
\humanovehiculo\car_CaltechCameraTrap_ME\vehiculo\5a0b036a-23d2-11e8-a6a3-ec086b02610b.jpg;1
\cervidae\CERVIDREDORFALLOWDEER_ZOO_1_4\35_20201218 (1706).JPG;1
\cervidae\CERVIDREDORFALLOWDEER_ZOO_5_6_7_9\10_20210618 (3201).JPG;1
\caballo\HORSE_ZOO_5_6_7_9\44_20210618 (331).JPG;1
\cervidae\2_Ciervo_Paco_Carro_camarasliron_4_2_PASADAS_POR_LA_RED_JC\MDGC0158.JPG;1
\cervidae\CERVIDREDORFALLOWDEER_ZOO_1_4\10_20201117 (137).JPG;1
\cervidae\CERVIDREDORFALLOWDEER_ZOO_1_4\2_20201117 (1711).JPG;1
\gato_domestico\cat_CaltechCameraTrap\5987b247-23d2-11e8-a6a3-ec086b02610b.jpg;1
\vaca\COW_ZOO_5_6_7_9\21_20210418 (1677).JPG;1
\vacia\NOANIMAL_ZOO_1_4\15_20210117 (8713).JPG;0
\vacia\vacia_Paco_Carro_JC\IMG_1961.JPG;0
\ave\ave_ave_WellingtonCameraTraps_SS\040416094122043b9702.JPG;1
\vacia\empty_IslandConservationCameraTraps\dominicanrepublic_cam0425abril2015_20130808_032216_sunp0945.jpg;0
\vacia\empty_IslandConservationCameraTraps\ecuador1_ic1611_20150101_000001_img_1443.jpg;0
\vacia\empty_IslandConservationCameraTraps\micronesia_cam19april2019_20190412_173756_rcnx0011.jpg;0
\lince\Lince_b_Linces2_Leo_JC\lince224 (79).JPG;1
\cervidae\Ciervo_PNC_2013-O_ME\b16383IM000396.JPG;1
\cervidae\2_ciervo_Javi_3_JC\21_20201025 (1119).JPG;1
\vacia\NOANIMAL_ZOO_1_4\26_20201020 (15672).JPG;0
\zorro\Zorro_PNC_2014_JC\c4962IM000223.JPG;1
\cervidae\ciervo_PNC_2014_ISAAC\c29806IM000030.JPG;1
\cervidae\ciervo_PNC_2014_ISAAC\c12134IMAG0069.JPG;1
\vacia\NOANIMAL_ZOO_5_6_7_9\25_20210417 (11648).JPG;0
\cervidae\cervidae_PNM_2013-I_ISAAC\e4055IM000024.JPG;1
\humanovehiculo\car_CaltechCameraTrap_ME\vehiculo\5a2af37e-23d2-11e8-a6a3-ec086b02610b.jpg;1
\jabali\Jabali_PNC_2012_JC\a13567IM000183.JPG;1
\vacia\NOANIMAL_ZOO_5_6_7_9\2_20210618 (16022).JPG;0
\zorro\zorro_PNC_2013-I_RED_ME\5472IMAG0011.JPG;1
\humanovehiculo\humanovehiculo_vacías_humanos_PNC_2012_ME\a6720IM000001.JPG;1
\vacia\NOANIMAL_ZOO_1_4\26_20201020 (10527).JPG;0
\leporido\rabbit_IslandConservationCameraTraps\chile_piedra012013_07042013143116.jpg;1
\caballo\HORSE_ZOO_1_4\10_20201117 (1175).JPG;1
\ave\ave_PNC_2013-O_RED_ISAAC\b4964IMAG0852.JPG;1
\cervidae\ciervo_vacías_humanos_PNC_2012_ME\a34157IM000386.JPG;1
\cervidae\deer_CaltechCameraTrap\596d6308-23d2-11e8-a6a3-ec086b02610b.jpg;1
\ave\ave_ave_WellingtonCameraTraps_SS\040216105340003c9352.JPG;1
\caballo\HORSE_ZOO_1_4\15_20201117 (2657).JPG;1
\leporido\rabbit_CaltechCameraTrap_ME\58945f8f-23d2-11e8-a6a3-ec086b02610b.jpg;1
\vacia\NOANIMAL_ZOO_1_4\34_20210115 (7878).JPG;0
\vacia\vacias_2_de_2_PNC_2012_ISAAC\a6851IM000021.JPG;0
\vacia\vacia_Paco_Carro_JC\IMG_1590.JPG;0
\vacia\NOANIMAL_ZOO_1_4\24_20210115 (2118).JPG;0
\leporido\rabbit_IslandConservationCameraTraps\chile_frances022013_17042013155526.jpg;1
\ave\petrel_chick_IslandConservationCameraTraps\ecuador2_ic1618_20181111_030915_img_0197.jpg;1
\zorro\ZORRO_PNM_2012_ISAAC\d2759IM000017.JPG;1
\vacia\vacias_PNC_2013-O_RED_ISAAC\b6337FILE0026.JPG;0
\vacia\vacias_2_de_2_PNC_2012_ISAAC\a4775IM000432.JPG;0
\tejon\Tejon_PEPE_IREC_JC\IMAG0438_(2).JPG;1
\vacia\NOANIMAL_ZOO_5_6_7_9\18_20210417 (5564).JPG;0
\vacia\empty_SnapshotMountainZebra\MTZ_S1_D05_R1_IMAG2834.JPG;0
\cervidae\ciervo_PNC_2014_ISAAC\c173IM000017.JPG;1
\cervidae\deer_CaltechCameraTrap\595004f3-23d2-11e8-a6a3-ec086b02610b.jpg;1
\cervidae\ciervo_PNC_2013-O_RED_ISAAC\b18453IM000127.JPG;1
\vacia\NOANIMAL_ZOO_5_6_7_9\49_20210418 (3202).JPG;0
\cervidae\CERVIDREDORFALLOWDEER_ZOO_1_4\8_20210115 (296).JPG;1
\vacia\NOANIMAL_ZOO_1_4\6_20201812 (13045).JPG;0
\tejon\Tejon_PEPE_IREC_JC\IMAG0740.JPG;1
\zorro\zorro_PNC_2013-O_RED_ISAAC\b18011IM000057.JPG;1
\vacia\empty_caltechCameraTraps\5965a8d7-23d2-11e8-a6a3-ec086b02610b.jpg;0
\leporido\conejo_Paco_Carro_JC\PICT0596 (3).JPG;1
\vacia\NOANIMAL_ZOO_5_6_7_9\35_20210218 (2727) (2021_04_15 06_16_22 UTC).JPG;0
\leporido\conejo_PNC_2014_manuel\c10036IM000133.JPG;1
\vacia\empty_SnapshotMountainZebra\MTZ_S1_F04_R3_IMAG7014.JPG;0
\leporido\rabbit_IslandConservationCameraTraps\chile_frances012013_20122012212846.jpg;1
\ave\ave_Soraya_Padilla_Alumno_1_TH\IMAG0041_frame220.jpg;1
\cervidae\ciervo_PNC_2014_ISAAC\c22881IM000061.JPG;1
\cervidae\Ciervo_PNC_2014_JC\c25135IM000109.JPG;1
\cervidae\CERVIDREDORFALLOWDEER_ZOO_5_6_7_9\19_20210319 (667).JPG;1
\cervidae\CERVIDREDORFALLOWDEER_ZOO_5_6_7_9\35_20210318 (449).JPG;1
\lince\linces_fecha_Linces2_Leo_JC\2_Lince_flecha_Linces2_Leo_JC\lince144 (291).JPG;1
\caballo\HORSE_ZOO_5_6_7_9\15_20210219 (917) (2021_04_15 06_16_22 UTC).JPG;1
\vaca\cow_CaltechCameraTrap\58857b79-23d2-11e8-a6a3-ec086b02610b.jpg;1
\vacia\NOANIMAL_ZOO_5_6_7_9\2_20210618 (21413).JPG;0
\leporido\lagomorpha_alumno_TH_3_TH_JC\6_20201023 (3050).JPG;1
\cervidae\CERVIDREDORFALLOWDEER_ZOO_5_6_7_9\5_20210219 (323) (2021_04_15 06_16_22 UTC).JPG;1
\humanovehiculo\HUMANORVEHICLE_ZOO_1_4\24_20201019 (40).JPG;1
\leporido\conejo_Paco_Carro_JC\PICT1394.JPG;1
\humanovehiculo\HUMANORVEHICLE_ZOO_5_6_7_9\31_20210318 (3).JPG;1
\leporido\rabbit_IslandConservationCameraTraps\chile_piedra012013_14032013164841.jpg;1
\vacia\empty_IslandConservationCameraTraps\dominicanrepublic_cam1826junio2015_20150505_091421_img_1803.jpg;0
\micromamiferos\micromamiferos_Paco_Carro_JC\IMG_0566.JPG;1
\humanovehiculo\car_CaltechCameraTrap_ME\vehiculo\58dabe76-23d2-11e8-a6a3-ec086b02610b.jpg;1
\ave\OTHERSPECIES_ZOO_5_6_7_9\38_20210618 (757).JPG;1
\vacia\NOANIMAL_ZOO_1_4\26_20201020 (5024).JPG;0
\vacia\NOANIMAL_ZOO_1_4\6_20201812 (13749).JPG;0
\caballo\HORSE_ZOO_1_4\15_20201117 (6499).JPG;1
\cervidae\deer_CaltechCameraTrap\5a1b13aa-23d2-11e8-a6a3-ec086b02610b.jpg;1
\caballo\HORSE_ZOO_1_4\15_20210117 (14855).JPG;1
\zorro\zorro_PNM_2013-I_ISAAC\e265IM000045.JPG;1
\cervidae\CERVIDREDORFALLOWDEER_ZOO_5_6_7_9\39_20210218 (192) (2021_04_15 06_16_22 UTC).JPG;1
\vacia\empty_IslandConservationCameraTraps\dominicanrepublic_cam1826julio2015_20150624_112832_img_0072.jpg;0
\ave\OTHERSPECIES_ZOO_1_4\15_20210117 (7162).JPG;1
\lince\linces_fecha_Linces2_Leo_JC\2_Lince_flecha_Linces2_Leo_JC\lince130 (566).JPG;1
\leporido\LEPORIDRABBITORHARE_ZOO_1_4\6_20201023 (2725).JPG;1
\vacia\NOANIMAL_ZOO_1_4\26_20201020 (5023).JPG;0
\gato_domestico\gato_WellingtonCameraTraps_SS\031016171624016b8832.JPG;1
\vacia\empty_IslandConservationCameraTraps\ecuador1_ic1611_20150101_000003_img_0645.jpg;0
\vaca\COW_ZOO_5_6_7_9\2_20210319 (8607).JPG;1
\cervidae\4_ciervo_simone_2\34_20201024 (4149).JPG;1
\zorro\Zorro_Pepe_IREC\Zorro_Pepe_Irec_ME\CA_29-02.28-20_04.JPG;1
\jabali\WILDBOAR_ZOO_5_6_7_9\31_20210318 (112).JPG;1
\micromamiferos\rat_IslandConservationCameraTraps\micronesia_cam06_cam06june2019_pig_20190629210519_1310.jpg;1
\leporido\Lagomorpha1__diego_2_rev_donana\17_20201026 (25).JPG;1
\zorro\zorro_PNM_2012_ISAAC\d14614FILE0002.JPG;1
\zorro\Zorro_Pepe_IREC\Zorro_Pepe_Irec_ME\IMAG1717_(3).JPG;1
\cervidae\CERVIDREDORFALLOWDEER_ZOO_1_4\18_20200130 (1907).JPG;1
\vacia\empty_caltechCameraTraps\5a27d82e-23d2-11e8-a6a3-ec086b02610b.jpg;0
\ave\OTHERSPECIES_ZOO_5_6_7_9\19_20210417 (1180).JPG;1
\zorro\zorro_PNC_2014_manuel\c11696IMAG0476.JPG;1
\vacia\NOANIMAL_ZOO_5_6_7_9\8_20210417 (97).JPG;0
\vacia\NOANIMAL_ZOO_1_4\37_20201116 (15392).JPG;0
\cervidae\ciervo_PNC_2014_ISAAC\c11909IMAG0142.JPG;1
\zorro\zorro_PNC_2014_manuel\c27470IM000099.JPG;1
\vacia\vacias_1_de_2_PNC_2012_ISAAC\a38357IMAG0180.JPG;0
\vacia\empty_IslandConservationCameraTraps\dominicanrepublic_cam0425abril2015_20130823_050840_sunp4764.jpg;0
\ave\Magpie_mammalWeb\9520.jpg;1
\cervidae\Ciervo_PNC_2013-O_ME\b7655IM000235.JPG;1
\gato_domestico\cat_CaltechCameraTrap\58e59a0b-23d2-11e8-a6a3-ec086b02610b.jpg;1
\lince\Lince_b_Linces2_Leo_JC\lince172 (21).JPG;1
\zorro\Zorro_PNC_2013-O_ME\b748IM000031.JPG;1
\meloncillo\Meloncillo_PEPE_IREC_JC\IMAG2104_(2).JPG;1
\vacia\Nothing_mammalWeb\75781.jpg;0
\vacia\empty_IslandConservationCameraTraps\dominicanrepublic_cam2015abril2015_20150326_160828_img_1311.jpg;0
\micromamiferos\micromamiferos_fotosManuelEmilio20200912\IMG_0203.JPG;1
\vacia\NOANIMAL_ZOO_5_6_7_9\50_20210408 (7664).JPG;0
\vacia\NOANIMAL_ZOO_5_6_7_9\32_20210615 (14096).JPG;0
\vacia\empty_SnapshotKaroo\KAR_S1_F02_R1_IMAG1840.JPG;0
\gato_domestico\cat_CaltechCameraTrap\59cf46e1-23d2-11e8-a6a3-ec086b02610b.jpg;1
\ave\bird_CaltechCameraTrap\58f2954e-23d2-11e8-a6a3-ec086b02610b.jpg;1
\gato_domestico\cat_IslandConservationCameraTraps\palau_cam13a12132018_20181024_195820_rcnx0969.jpg;1
\tejon\EUROPEANBADGER_ZOO_5_6_7_9\47_20210615 (654).JPG;1
\leporido\rabbit_IslandConservationCameraTraps\chile_frances012013_19122012173213.jpg;1
\ave\ave_ave_WellingtonCameraTraps_SS\090116162236047bs133.JPG;1
\humanovehiculo\humano_buscar_cab_isaac_sin_contar\9_20201118 (1).JPG;1
\vacia\vacia_Paco_Carro_JC\IMG_0729.JPG;0
\cervidae\deer_CaltechCameraTrap\58a52ecd-23d2-11e8-a6a3-ec086b02610b.jpg;1
\gato_domestico\cat_IslandConservationCameraTraps\palau_cam02a12132018_20181103_202033_rcnx1179.jpg;1
\cervidae\CERVIDREDORFALLOWDEER_ZOO_5_6_7_9\22_20210219 (347) (2021_04_15 06_16_22 UTC).JPG;1
\vacia\NOANIMAL_ZOO_1_4\7_20210115 (829).JPG;0
\micromamiferos\micromamifero_WellingtonCameraTraps_SS\311215034904030bs101.JPG;1
\jabali\jabali_PNC_2014_manuel\c6161IM000100.JPG;1
\ave\ave_PNC_2014_manuel\c14500IMAG0213.JPG;1
\ave\shearwater_IslandConservationCameraTraps\chile_vaqueria2013_1612201201132.jpg;1
\zorro\Zorro_Pepe_IREC\Zorro_Pepe_Irec_ME\CA_35-03.23-20_38.JPG;1
\gato_domestico\cat_IslandConservationCameraTraps\dominicanrepublic_cam102junio2015b_20150530_192643_img_0221.jpg;1
\vacia\vacia_Paco_Carro_JC\PICT0656.JPG;0
\ave\ave_ave_WellingtonCameraTraps_SS\120516081810039cs233.JPG;1
\lince\linces_fecha_Linces2_Leo_JC\2_Lince_flecha_Linces2_Leo_JC\lince204 (16).JPG;1
\jabali\JABALI_PNM_2012_ISAAC\d10789IM000165.JPG;1
\cervidae\CERVIDREDORFALLOWDEER_ZOO_5_6_7_9\36_20210219 (1672) (2021_04_15 06_16_22 UTC).JPG;1
\zorro\ZORRO_PNM_2012_ISAAC\d418IM000048.JPG;1
\vacia\NOANIMAL_ZOO_1_4\7_20210115 (2988).JPG;0
\humanovehiculo\HUMANORVEHICLE_ZOO_1_4\8_20201029 (409).JPG;1
\vacia\NOANIMAL_ZOO_5_6_7_9\19_20210219 (328) (2021_04_15 06_16_22 UTC).JPG;0
\vacia\empty_caltechCameraTraps\598acd5d-23d2-11e8-a6a3-ec086b02610b.jpg;0
\zorro\zorro_PNM_2012_ME\d14930IMAG0033.JPG;1
\vacia\NOANIMAL_ZOO_1_4\6_20201812 (10930).JPG;0
\leporido\rabbit_CaltechCameraTrap_ME\59fe2161-23d2-11e8-a6a3-ec086b02610b.jpg;1
\mapache\raccoon_CaltechCameraTrap_ME\595adb0a-23d2-11e8-a6a3-ec086b02610b.jpg;1
\cervidae\ciervo_vacías_humanos_PNC_2012_ME\a30823IM000128.JPG;1
\vacia\empty_IslandConservationCameraTraps\dominicanrepublic_cam0425abril2015_20130827_032841_sunp6448.jpg;0
\vaca\cow_CaltechCameraTrap\5937351f-23d2-11e8-a6a3-ec086b02610b.jpg;1
\cervidae\CERVIDREDORFALLOWDEER_ZOO_5_6_7_9\10_20210219 (1783) (2021_04_15 06_16_22 UTC).JPG;1
\vacia\NOANIMAL_ZOO_1_4\6_20201116 (4694).JPG;0
\vacia\NOANIMAL_ZOO_1_4\7_20210115 (1575).JPG;0
\vacia\empty_IslandConservationCameraTraps\dominicanrepublic_cam0828octubre2015_20130926_103815_sunp0015.jpg;0
\caballo\caballos_javier_JC\35_20201218 (170).JPG;1
\vacia\vacia_alumno_1_TH\Nada (5)_frame010.jpg;0
\garduna\garduna_PNC_2013-I_RED_ME\257IM000031.JPG;1
\lince\Lince_b_Linces2_Leo_JC\lince228 (619).JPG;1
\gineta\gineta_PNC_2013-I_ME\5157IM000085.JPG;1
\vacia\empty_SnapshotMountainZebra\MTZ_S1_E06_R3_IMAG0140.JPG;0
\zorro\zorro_PNC_2013-I_RED_ME\2385IM000023.JPG;1
\vacia\empty_IslandConservationCameraTraps\ecuador2_ic1607_20150122_064019_img_1039.jpg;0
\vacia\NOANIMAL_ZOO_5_6_7_9\5_20210417 (5451).JPG;0
\mapache\raccoon_CaltechCameraTrap_ME\59641e70-23d2-11e8-a6a3-ec086b02610b.jpg;1
\cervidae\deer_CaltechCameraTrap\5954a9de-23d2-11e8-a6a3-ec086b02610b.jpg;1
\jabali\WILDBOAR_ZOO_1_4\15_20210117 (6935).JPG;1
\cervidae\CERVIDREDORFALLOWDEER_ZOO_1_4\18_20210115 (6551).JPG;1
\vacia\vacias_2_de_2_PNC_2012_ISAAC\a5751IM000568.JPG;0
\gato_domestico\gato_WellingtonCameraTraps_SS\1106150057500359L103.JPG;1
\vacia\empty_caltechCameraTraps\598f774d-23d2-11e8-a6a3-ec086b02610b.jpg;0
\cervidae\CERVIDREDORFALLOWDEER_ZOO_5_6_7_9\19_20210219 (1478) (2021_04_15 06_16_22 UTC).JPG;1
\cervidae\cervidae_ME_rev_3_donana\34_20201024 (6602).JPG;1
\leporido\rabbit_IslandConservationCameraTraps\chile_frances022013_19052013102210.jpg;1
\jabali\WILDBOAR_ZOO_1_4\43_20201118 (359).JPG;1
\ave\American Crow_ena24\8316.jpg;1
\caballo\HORSE_ZOO_1_4\2_20210115 (7021).JPG;1
\cervidae\CERVIDREDORFALLOWDEER_ZOO_5_6_7_9\28_20210615 (344).JPG;1
\zorro\Zorro_PNC_2014_JC\c18153IMAG0021.JPG;1
\vacia\NOANIMAL_ZOO_1_4\7_20210115 (2792).JPG;0
\vacia\NOANIMAL_ZOO_1_4\6_20201812 (9099).JPG;0
\jabali\3_jabali_Leo_Otra_fauna_PASADA_POR_LA_RED_JC\Otrafauna (1464).JPG;1
\cervidae\ciervo_PNC_2013-O_RED_ISAAC\b17858IM000157.JPG;1
\vacia\empty_IslandConservationCameraTraps\ecuador1_ic1611_20150101_000006_img_2944.jpg;0
\cervidae\gamo_buscar_cab_isaac_sin_contar\9_20201118 (171).JPG;1
\vacia\empty_SnapshotMountainZebra\MTZ_S1_G04_R3_IMAG0158.JPG;0
\vacia\NOANIMAL_ZOO_5_6_7_9\2_20210618 (7663).JPG;0
\cervidae\CERVIDREDORFALLOWDEER_ZOO_5_6_7_9\9_20210418 (595).JPG;1
\tejon\tejon_alumno_2_AM_JC\STC_0384_frame020.jpg;1
\lince\linces_fecha_Linces2_Leo_JC\2_Lince_flecha_Linces2_Leo_JC\lince147 (36).JPG;1
\vaca\COW_ZOO_5_6_7_9\21_20210418 (2432).JPG;1
\gato_domestico\cat_IslandConservationCameraTraps\palau_cam13a12132018_20180913_175641_rcnx0390.jpg;1
\gato_domestico\gato_WellingtonCameraTraps_SS\2604150252000379L131.JPG;1
\jabali\Jabali_PNC_2014_JC\c29217IM000035.JPG;1
\zorro\Red fox_mammalWeb\50145.jpg;1
\ave\bird_IslandConservationCameraTraps\chile_filipianalamatris2013_2810201390539.jpg;1
\vacia\NOANIMAL_ZOO_1_4\31_20201117 (609).JPG;0
\caballo\HORSE_ZOO_5_6_7_9\15_20210219 (8948) (2021_04_15 06_16_22 UTC).JPG;1
\vacia\NOANIMAL_ZOO_1_4\37_20201116 (11861).JPG;0
\zorro\REDFOX_ZOO_5_6_7_9\48_20210418 (394).JPG;1
\vacia\empty_SnapshotMountainZebra\MTZ_S1_D06_R1_IMAG1991.JPG;0
\tejon\TEJON_PNM_2012_ISAAC\d3162IM000020.JPG;1
\micromamiferos\micromamifero_WellingtonCameraTraps_SS\090416035432013bs382.JPG;1
\vacia\vacia_alumno_1_AM\10_20201019 (93).JPG;0
\cervidae\CERVIDREDORFALLOWDEER_ZOO_1_4\10_20201117 (5953).JPG;1
\cervidae\deer_CaltechCameraTrap\5a0494e1-23d2-11e8-a6a3-ec086b02610b.jpg;1
\vacia\NOANIMAL_ZOO_1_4\37_20201116 (8589).JPG;0
\vacia\vacia_Paco_Carro_JC\01110784.JPG;0
\cervidae\Ciervo_PNC_2013-O_ME\b6729FILE0029.JPG;1
\micromamiferos\micromamifero_WellingtonCameraTraps_SS\171016225204004bs131.JPG;1
\leporido\rabbit_IslandConservationCameraTraps\chile_frances022013_25042013225154.jpg;1
\leporido\rabbit_CaltechCameraTrap_ME\58adc2ad-23d2-11e8-a6a3-ec086b02610b.jpg;1
\zorro\Zorro_Pepe_IREC\Zorro_Pepe_Irec_ME\IMAG1458.JPG;1
\cervidae\ciervo_Javi_3_JC\26_20201020 (1776).JPG;1
\garduna\garduna_PNC_2013-I_RED_ME\1048IMAG0162.JPG;1
\ave\bird_CaltechCameraTrap\59055dd3-23d2-11e8-a6a3-ec086b02610b.jpg;1
\gato_domestico\cat_IslandConservationCameraTraps\palau_cam04a12132018_20180824_193017_rcnx0141.jpg;1
\zorro\Zorro_PNC_2014_JC\c4427IM000029.JPG;1
\vaca\COW_ZOO_5_6_7_9\21_20210615 (1650).JPG;1
\vacia\NOANIMAL_ZOO_5_6_7_9\50_20210408 (6621).JPG;0
\leporido\rabbit_CaltechCameraTrap_ME\597830d7-23d2-11e8-a6a3-ec086b02610b.jpg;1
\vacia\NOANIMAL_ZOO_1_4\20_20201024 (1093).JPG;0
\cervidae\CERVIDREDORFALLOWDEER_ZOO_1_4\15_20201117 (4248).JPG;1
\cervidae\CERVIDREDORFALLOWDEER_ZOO_5_6_7_9\38_20210618 (503).JPG;1
\vacia\vacia_Paco_Carro_JC\IMG_1136.JPG;0
\cervidae\deer_CaltechCameraTrap\59a49ad9-23d2-11e8-a6a3-ec086b02610b.jpg;1
\leporido\LEPORIDRABBITORHARE_ZOO_1_4\26_20201117 (2273).JPG;1
\cervidae\CERVIDREDORFALLOWDEER_ZOO_5_6_7_9\19_20210618 (636).JPG;1
\caballo\caballos_simone\9_20201118 (1089).JPG;1
\cervidae\ciervo_Javi_3_JC\21_20201025 (5866).JPG;1
\vacia\vacia_Paco_Carro_JC\IMG_0098.JPG;0
\humanovehiculo\humano_vehiculo_PNC_2013-I_ISAAC\3323IM000002.JPG;1
\ave\ave_ave_WellingtonCameraTraps_SS\060216083756050c7393.JPG;1
\zorro\zorro_PNC_2014_manuel\c27800IM000051.JPG;1
\vacia\NOANIMAL_ZOO_5_6_7_9\25_20210615 (10542).JPG;0
\vacia\NOANIMAL_ZOO_1_4\28_20201117 (1370).JPG;0
\cervidae\corzo_alumno_2_AM_JC\DSCF0181_frame204.jpg;1
\lince\Lince_a_Linces2_Leo_JC\lince110 (8).jpg;1
\vacia\empty_SnapshotMountainZebra\MTZ_S1_D07_R1_IMAG1636.JPG;0
\vacia\vacias_PNC_2013-I_ME\5455IMAG0030.JPG;0
\caballo\HORSE_ZOO_5_6_7_9\46_20210618 (177).JPG;1
\vacia\vacia_alumno_1_AM\40_20201024 (3532).JPG;0
\cervidae\ciervo_ss\26_20201020 (2303).JPG;1
\vacia\NOANIMAL_ZOO_5_6_7_9\5_20210417 (4942).JPG;0
\jabali\WILDBOAR_ZOO_1_4\28_20201019 (1802).JPG;1
\vacia\empty_SnapshotMountainZebra\MTZ_S1_D06_R1_IMAG2820.JPG;0
\gato_domestico\gato_WellingtonCameraTraps_SS\2306151937440359L101.JPG;1
\cervidae\ciervo_PNC_2014_ISAAC\c10021IM000117.JPG;1
\cervidae\corzo_alumno_2_AM_JC\STC_0004 (2)_frame410.jpg;1
\ave\raven_IslandConservationCameraTraps\dominicanrepublic_cam11618mayo2017b_20170112_101148_img_0043.jpg;1
\vacia\NOANIMAL_ZOO_1_4\34_20210115 (8063).JPG;0
\jabali\2JABALI_PNM_2012_ISAAC\d10456IM000518.JPG;1
\cervidae\CERVIDREDORFALLOWDEER_ZOO_5_6_7_9\10_20210319 (5012).JPG;1
\cervidae\CERVIDREDORFALLOWDEER_ZOO_5_6_7_9\24_20210318 (3999).JPG;1
\vacia\vacia_alumno_1_AM\22_20201022 (256).JPG;0
\ave\Ave_Leo_Otra_fauna_PASADA_POR_LA_RED_JC\Otrafauna (1896).JPG;1
\ave\petrel_chick_IslandConservationCameraTraps\ecuador2_ic1618_20181108_024548_img_0161.jpg;1
\mapache\raccoon_CaltechCameraTrap_ME\59328c9e-23d2-11e8-a6a3-ec086b02610b.jpg;1
\vacia\NOANIMAL_ZOO_1_4\26_20201117 (1996).JPG;0
\ave\ave_Soraya_Padilla_Alumno_1_TH\IMAG0069_frame260.jpg;1
\vacia\NOANIMAL_ZOO_1_4\37_20201116 (3777).JPG;0
\zorro\zorro_PNC_2013-I_RED_ME\591IM000020.JPG;1
\zorro\zorro_vacías_humanos_PNC_2012_ME\a455IM000123.JPG;1
\jabali\jabali_javi_JC\7_20201025 (108).JPG;1
\ave\ave_ave_WellingtonCameraTraps_SS\010216093612003c9353.JPG;1
\jabali\WILDBOAR_ZOO_5_6_7_9\12_20210219 (237) (2021_04_15 06_16_22 UTC).JPG;1
\leporido\liebre\Liebre_PNC_2014_JC\c19186IMAG0058.JPG;1
\vacia\SnampshotEnonkishu\ENO_S1_D05_R1_IMAG0753.JPG;0
\vacia\vacias_PNC_2014_ISAAC\c28926IM000196.JPG;0
\jabali\WILDBOAR_ZOO_1_4\7_20201118 (1277).JPG;1
\cervidae\deer_CaltechCameraTrap\59e5e11f-23d2-11e8-a6a3-ec086b02610b.jpg;1
\vacia\empty_SnapshotKaroo\KAR_S1_F02_R1_IMAG1094.JPG;0
\zorro\Zorro_PNC_2014_JC\c30601IM000009.JPG;1
\cervidae\CERVIDREDORFALLOWDEER_ZOO_5_6_7_9\10_20210618 (4473).JPG;1
\vacia\empty_IslandConservationCameraTraps\dominicanrepublic_cam0518junio2016_20160617_212246_sunp0018.jpg;0
\cervidae\CERVIDREDORFALLOWDEER_ZOO_5_6_7_9\15_20210219 (6971) (2021_04_15 06_16_22 UTC).JPG;1
\vaca\COW_ZOO_5_6_7_9\46_20210618 (838).JPG;1
\cervidae\deer_CaltechCameraTrap\5a17dcd0-23d2-11e8-a6a3-ec086b02610b.jpg;1
\zorro\zorro_PNC_2013-I_RED_ME\687IM000107.JPG;1
\humanovehiculo\car_CaltechCameraTrap_ME\vehiculo\5a263b50-23d2-11e8-a6a3-ec086b02610b.jpg;1
\vacia\empty_IslandConservationCameraTraps\dominicanrepublic_cam1826julio2015_20150628_103449_img_0586.jpg;0
\ave\ave_ave_WellingtonCameraTraps_SS\020416091016007c1603.JPG;1
\vacia\empty_SnapshotMountainZebra\MTZ_S1_E06_R3_IMAG0626.JPG;0
\ave\OTHERSPECIES_ZOO_1_4\15_20210117 (16999).JPG;1
\humanovehiculo\humanovehiculo_PNC_2013-O_RED_ISAAC\b15061IMAG0358.JPG;1
\vacia\vacia_Paco_Carro_JC\01130706.JPG;0
\zorro\zorro_PNM_2013-I_ISAAC\e602IM000030.JPG;1
\vacia\NOANIMAL_ZOO_5_6_7_9\24_20210615 (22058).JPG;0
\vacia\NOANIMAL_ZOO_5_6_7_9\50_20210408 (23670).JPG;0
\humanovehiculo\HUMANORVEHICLE_ZOO_5_6_7_9\17_20210318 (1423).JPG;1
\vacia\empty_SnapshotMountainZebra\MTZ_S1_D05_R1_IMAG1260.JPG;0
\vacia\NOANIMAL_ZOO_5_6_7_9\25_20210417 (4777).JPG;0
\cervidae\CERVIDREDORFALLOWDEER_ZOO_5_6_7_9\28_20210615 (2615).JPG;1
\vacia\Vacia_ME_rev_3_donana\37_20201024 (2100).JPG;0
\vacia\Vacia_Paco_Carro_camarasliron_4_2_PASADAS_POR_LA_RED_JC\MDGC0544.JPG;0
\vacia\NOANIMAL_ZOO_5_6_7_9\24_20210418 (7313).JPG;0
\lince\Lince_a_Linces2_Leo_JC\lince94 (145).JPG;1
\vacia\empty_IslandConservationCameraTraps\dominicanrepublic_cam0425abril2015_20130807_050101_sunp0633.jpg;0
\humanovehiculo\humanovehiculo_ss\38_20201019 (4).JPG;1
\jabali\WILDBOAR_ZOO_1_4\15_20210117 (15948).JPG;1
\leporido\rabbit_IslandConservationCameraTraps\chile_frances012013_29122012124415.jpg;1
\cervidae\Ciervo_PNC_2014_JC\c22220IM000016.JPG;1
\cervidae\3_ciervo_simone_2\34_20201024 (3864).JPG;1
\jabali\Jabali_ME_rev_1_donana\33_20201025 (288).JPG;1
\vaca\Vaca3_diego_1_rev_donana\15_20201024 (3655).JPG;1
\cervidae\deer_CaltechCameraTrap\599a5cff-23d2-11e8-a6a3-ec086b02610b.jpg;1
\cervidae\CERVIDREDORFALLOWDEER_ZOO_5_6_7_9\28_20210615 (728).JPG;1
\humanovehiculo\humano_vehiculo_PNM_2013-O_ISAAC\f10998IM000015.JPG;1
\zorro\Zorro_PNC_2014_JC\c16926IM000204.JPG;1
\zorro\Red fox_mammalWeb\109744.jpg;1
\cervidae\ciervo_PNC_2014_ISAAC\c23358IM000091.JPG;1
\perro\Domestic dog_mammalWeb\30259.jpg;1
\lince\Lince_a_Linces2_Leo_JC\lince130 (434).JPG;1
\jabali\WILDBOAR_ZOO_1_4\29_20201023 (511).JPG;1
\vacia\vacias_ME_CASA\IMG_0498.JPG;0
\jabali\WILDBOAR_ZOO_1_4\33_20201025 (213).JPG;1
\leporido\Rabbit_mammalWeb\7322.jpg;1
\jabali\WILDBOAR_ZOO_1_4\29_20201023 (848).JPG;1
\vacia\empty_SnapshotMountainZebra\MTZ_S1_D05_R1_IMAG0519.JPG;0
\vacia\NOANIMAL_ZOO_5_6_7_9\18_20210219 (1731) (2021_04_15 06_16_22 UTC).JPG;0
\jabali\jabali_alumno_2_2_TH_JC\28_20201019 (1939).JPG;1
\lince\Lince_b_Linces2_Leo_JC\lince157 (36).JPG;1
\cervidae\CERVIDREDORFALLOWDEER_ZOO_1_4\26_20201020 (13017).JPG;1
\vacia\Vacia_Paco_Carro_camarasliron_4_2_PASADAS_POR_LA_RED_JC\MDGC0075.JPG;0
\cervidae\cervidae_buscar_cab_isaac_sin_contar\2_20201117 (4236).JPG;1
\vaca\COW_ZOO_5_6_7_9\2_20210319 (2226).JPG;1
\cervidae\ciervo_Paco_Carro_JC\MDGC0396.JPG;1
\leporido\rabbit_CaltechCameraTrap_ME\593a4f79-23d2-11e8-a6a3-ec086b02610b.jpg;1
\vacia\NOANIMAL_ZOO_5_6_7_9\2_20210417 (5152).JPG;0
\zorro\zorro_vacías_humanos_PNC_2012_ME\a38128IMAG0035.JPG;1
\vacia\empty_IslandConservationCameraTraps\dominicanrepublic_cam10517mayo2017_20170417_150142_img_0456.jpg;0
\lince\Lince_a_Linces2_Leo_JC\lince120 (85).JPG;1
\vacia\NOANIMAL_ZOO_5_6_7_9\49_20210418 (5187).JPG;0
\caballo\HORSE_ZOO_5_6_7_9\44_20210618 (124).JPG;1
\cervidae\CERVIDREDORFALLOWDEER_ZOO_1_4\21_20201025 (791).JPG;1
\humanovehiculo\humanovehiculo_vacías_humanos_PNC_2012_ME\a17600IM000105.JPG;1
\garduna\garduna_PNC_2013-I_RED_ME\9574IM000052.JPG;1
\vacia\vacias_2_de_2_PNC_2012_ISAAC\a5232IM000035.JPG;0
\vacia\NOANIMAL_ZOO_1_4\26_20201020 (5178).JPG;0
\cervidae\cervidae_alumno_AM_2\37_20201024 (2880).JPG;1
\leporido\rabbit_CaltechCameraTrap_ME\59973d95-23d2-11e8-a6a3-ec086b02610b.jpg;1
\humanovehiculo\humanovehiculo_PNC_2014_manuel\c4738IM000153.JPG;1
\ave\Woodpigeon_mammalWeb\6496.jpg;1
\humanovehiculo\humano_vehiculo_PNC_2013-I_ISAAC\6682IM000068.JPG;1
\vacia\NOANIMAL_ZOO_1_4\34_20210115 (1633).JPG;0
\cervidae\ciervo_ME_rev_3_donana\40_20201024 (8754).JPG;1
\vacia\NOANIMAL_ZOO_1_4\26_20201020 (2276).JPG;0
\vacia\NOANIMAL_ZOO_5_6_7_9\18_20210417 (9943).JPG;0
\cervidae\CERVIDREDORFALLOWDEER_ZOO_5_6_7_9\35_20210218 (2559) (2021_04_15 06_16_22 UTC).JPG;1
\vacia\NOANIMAL_ZOO_1_4\37_20201116 (9514).JPG;0
\cervidae\ciervo_PNC_2013-O_RED_ISAAC\b5927IM000393.JPG;1
\ave\bird_CaltechCameraTrap\5962928d-23d2-11e8-a6a3-ec086b02610b.jpg;1
\caballo\HORSE_ZOO_1_4\15_20210117 (2099).JPG;1
\cervidae\ciervo_PNC_2014_ISAAC\c12564IMAG0396.JPG;1
\cervidae\CIERVO_PNM_2012_ISAAC\d10794IM000170.JPG;1
\zorro\zorro_PNM_2013-O_ISAAC\f10093IM000379.JPG;1
\vacia\NOANIMAL_ZOO_5_6_7_9\25_20210417 (13159).JPG;0
\vacia\NOANIMAL_ZOO_1_4\34_20210115 (3832).JPG;0
\vacia\vacia_alumno_TH_3_TH_JC\26_20201020 (18784).JPG;0
\cervidae\deer_CaltechCameraTrap\5a0fd209-23d2-11e8-a6a3-ec086b02610b.jpg;1
\leporido\LEPORIDRABBITORHARE_ZOO_5_6_7_9\2_20210219 (40) (2021_04_15 06_16_22 UTC).JPG;1
\humanovehiculo\humanovehiculo_vacías_humanos_PNC_2012_ME\a6307IM000005.JPG;1
\cervidae\CERVIDREDORFALLOWDEER_ZOO_1_4\2_20210115 (7353).JPG;1
\leporido\conejo_PNM_2012_ISAAC\d1271IM000014.JPG;1
\caballo\HORSE_ZOO_1_4\35_20201123 (105).JPG;1
\vacia\empty_IslandConservationCameraTraps\dominicanrepublic_cam2015abril2015_20150326_172432_img_1449.jpg;0
\ave\ave_ave_WellingtonCameraTraps_SS\011116060406031a1601.JPG;1
\ave\ave_Soraya_Padilla_Alumno_1_TH\STC_0162_frame000.jpg;1
\vacia\NOANIMAL_ZOO_1_4\34_20210115 (8750).JPG;0
\vacia\empty_IslandConservationCameraTraps\dominicanrepublic_cam1826julio2015_20150627_114120_img_0412.jpg;0
\caballo\HORSE_ZOO_1_4\15_20210117 (12649).JPG;1
\leporido\conejo_alumno_1_TH\Conejo_alumno_2_AM_JC\Orycun (10)_frame060.jpg;1
\cervidae\CERVIDREDORFALLOWDEER_ZOO_1_4\21_20210114 (2530).JPG;1
\vacia\empty_IslandConservationCameraTraps\dominicanrepublic_cam0425abril2015_20130826_044003_sunp6112.jpg;0
\vacia\NOANIMAL_ZOO_5_6_7_9\49_20210418 (13082).JPG;0
\vacia\NOANIMAL_ZOO_5_6_7_9\24_20210418 (7962).JPG;0
\vaca\COW_ZOO_5_6_7_9\21_20200113 (2375) (2021_04_15 06_16_22 UTC).JPG;1
\humanovehiculo\humano_vehiculo_PNM_2012_ISAAC\d3415IM000003.JPG;1
\cervidae\CERVIDREDORFALLOWDEER_ZOO_1_4\34_20201024 (6724).JPG;1
\leporido\Rabbit_mammalWeb\37910.jpg;1
\cervidae\CERVIDREDORFALLOWDEER_ZOO_1_4\21_20201025 (739).JPG;1
\gato_domestico\gato_WellingtonCameraTraps_SS\070416133738025c7201.JPG;1
\jabali\WILDBOAR_ZOO_1_4\7_20201118 (2615).JPG;1
\vacia\NOANIMAL_ZOO_5_6_7_9\39_20210615 (4154).JPG;0
\cervidae\CERVIDREDORFALLOWDEER_ZOO_5_6_7_9\9_20210218 (24) (2021_04_15 06_16_22 UTC).JPG;1
\jabali\WILDBOAR_ZOO_1_4\37_20201116 (13303).JPG;1
\micromamiferos\rodent_CaltechCameraTrap_JC\Roedor_ rodent_CaltechCameraTrap_JC\59641cdd-23d2-11e8-a6a3-ec086b02610b.jpg;1
\vacia\NOANIMAL_ZOO_1_4\6_20201812 (11057).JPG;0
\jabali\jabali_PNC_2012_ISAAC\a35862IMAG0139.JPG;1
\vacia\empty_IslandConservationCameraTraps\dominicanrepublic_cam1826junio2015_20150505_081728_img_1471.jpg;0
\leporido\lagomorpha_alumno_AM_2\31_20201023 (448).JPG;1
\vacia\NOANIMAL_ZOO_5_6_7_9\50_20210417 (25936).JPG;0
\jabali\Jabali_PNM_2013-0_ME\f15219IM000235.JPG;1
\vacia\NOANIMAL_ZOO_5_6_7_9\36_20210319 (7099).JPG;0
\jabali\jabali_Leo_Otra_fauna_PASADA_POR_LA_RED_JC\Otrafauna (1130).JPG;1
\micromamiferos\micromamiferos_Paco_Carro_JC\IMG_0350.JPG;1
\jabali\jabali_javi_JC\24_20201019 (1181).JPG;1
\vaca\cow_CaltechCameraTrap\58f4242d-23d2-11e8-a6a3-ec086b02610b.jpg;1
\mapache\raccoon_CaltechCameraTrap_ME\5979bb8e-23d2-11e8-a6a3-ec086b02610b.jpg;1
\ave\ave_ave_WellingtonCameraTraps_SS\020116131516018bs023.JPG;1
\vacia\vacia_alumno_1_AM_2\37_20201024 (2017).JPG;0
\vacia\empty_IslandConservationCameraTraps\micronesia_cam04april2019_20190415_050503_rcnx0350.jpg;0
\vacia\NOANIMAL_ZOO_5_6_7_9\24_20210318 (4301).JPG;0
\vacia\NOANIMAL_ZOO_5_6_7_9\13_20210218 (185) (2021_04_15 06_16_22 UTC).JPG;0
\jabali\jabali_vacías_humanos_PNC_2012_ME\a14021IM000224.JPG;1
\caballo\HORSE_ZOO_1_4\15_20201117 (2757).JPG;1
\cervidae\CERVIDREDORFALLOWDEER_ZOO_5_6_7_9\28_20210417 (5767).JPG;1
\lince\Lince_b_Linces2_Leo_JC\lince135 (8).JPG;1
\ave\ave_ave_WellingtonCameraTraps_SS\040816072742040bs391.JPG;1
\zorro\zorro_PNC_2013-O_RED_ISAAC\b15146IMAG0234.JPG;1
\vacia\NOANIMAL_ZOO_5_6_7_9\50_20210408 (17315).JPG;0
\vacia\NOANIMAL_ZOO_5_6_7_9\36_20210618 (334).JPG;0
\ave\ave_ave_WellingtonCameraTraps_SS\070816140032031a5953.JPG;1
\lince\Lince_a_Linces2_Leo_JC\lince86 (105).JPG;1
\cervidae\ciervo_PNC_2013-O_RED_ISAAC\b7085FILE0231.JPG;1
\jabali\JABALI_PNM_2012_ISAAC\d11323IM000090.JPG;1
\ave\arrendajo_PNC_2013-I_ME\7084IM000180.JPG;1
\meloncillo\3_Meloncillo_PEPE_IREC_JC\IMAG0462_(2).JPG;1
\vacia\NOANIMAL_ZOO_1_4\4_20201220 (2618).JPG;0
\vaca\COW_ZOO_5_6_7_9\9_20210615 (2234).JPG;1
\vacia\Nothing_mammalWeb\46230.jpg;0
\caballo\caballos_javier_JC\2_20201117 (3578).JPG;1
\cervidae\CERVIDREDORFALLOWDEER_ZOO_1_4\40_20201024 (2773).JPG;1
\gato_domestico\cat_IslandConservationCameraTraps\palau_cam04a12132018_20180824_193046_rcnx0169.jpg;1
\cervidae\4_ciervo_simone_2\34_20201024 (5614).JPG;1
\cervidae\CERVIDREDORFALLOWDEER_ZOO_1_4\18_20201024 (510).JPG;1
\vacia\NOANIMAL_ZOO_1_4\6_20201116 (4180).JPG;0
\ave\ave_ave_WellingtonCameraTraps_SS\100416083830008b5102.JPG;1
\zorro\zorro_vacías_humanos_PNC_2012_ME\a27IM000027.JPG;1
\lince\Lince_a_Linces2_Leo_JC\lince122 (133).JPG;1
\ave\brown_noddy_IslandConservationCameraTraps\palau_cam04a12132018_20180916_091212_rcnx1148.jpg;1
\humanovehiculo\humanovehiculo_PNC_2014_manuel\c23667IMAG0004.JPG;1
\vacia\NOANIMAL_ZOO_5_6_7_9\24_20210318 (16429).JPG;0
\cervidae\ciervo_PNC_2014_ISAAC\c12258IMAG0009.JPG;1
\perro\dog_IslandConservationCameraTraps\ecuador1_ic1619_20180811_141921_img_0106.jpg;1
\jabali\2_jabali_Leo_Otra_fauna_PASADA_POR_LA_RED_JC\Otrafauna (858).JPG;1
\gato_domestico\cat_CaltechCameraTrap\5a263a4e-23d2-11e8-a6a3-ec086b02610b.jpg;1
\ave\OTHERSPECIES_ZOO_5_6_7_9\50_20210417 (77).JPG;1
\zorro\zorro_vacías_humanos_PNC_2012_ME\a49616IM000069.JPG;1
\zorro\zorro_PNC_2014_manuel\c20011IM000016.JPG;1
\cervidae\CERVIDREDORFALLOWDEER_ZOO_5_6_7_9\19_20210319 (30).JPG;1
\cervidae\CERVIDREDORFALLOWDEER_ZOO_1_4\10_20201117 (6643).JPG;1
\vacia\empty_SnapshotMountainZebra\MTZ_S1_D06_R1_IMAG2738.JPG;0
\vacia\SnampshotEnonkishu\ENO_S1_D06_R1_IMAG1061.JPG;0
\jabali\WILDBOAR_ZOO_1_4\40_20201215 (2699).JPG;1
\caballo\HORSE_ZOO_1_4\10_20201117 (2146).JPG;1
\vacia\NOANIMAL_ZOO_1_4\6_20210115 (13773).JPG;0
\vacia\vacias_2_de_2_PNC_2012_ISAAC\a1832IM000803.JPG;0
\caballo\HORSE_ZOO_1_4\2_20201117 (472).JPG;1
\garduna\garduna_PNM_2013-O_ME\f2046IM000248.JPG;1
\zorro\Zorro_Pepe_IREC\Zorro_Pepe_Irec_ME\CA_16-04.09-19_39.JPG;1
\cervidae\Ciervo_PNC_2012_JC\a27726IM000069.JPG;1
\gato_domestico\cat_IslandConservationCameraTraps\palau_cam02a12132018_20180829_161006_rcnx0229.jpg;1
\vacia\NOANIMAL_ZOO_1_4\9_20201712 (181).JPG;0
\vacia\empty_IslandConservationCameraTraps\ecuador1_ic1611_20150101_000001_img_1138.jpg;0
\vacia\NOANIMAL_ZOO_5_6_7_9\2_20210618 (18916).JPG;0
\vaca\Vaca_Paco_Carro_camarasliron_4_2_PASADAS_POR_LA_RED_JC\MDGC0548.JPG;1
\vacia\NOANIMAL_ZOO_1_4\37_20201215 (3315).JPG;0
\humanovehiculo\humanovehiculo_ss\25_20201024 (1241).JPG;1
\cervidae\ciervo_PNC_2013-I_RED_ME\9994IM000177.JPG;1
\cervidae\deer_CaltechCameraTrap\59cb3773-23d2-11e8-a6a3-ec086b02610b.jpg;1
\caballo\caballos_javier_JC\2_20201117 (5092).JPG;1
\vacia\NOANIMAL_ZOO_5_6_7_9\24_20210418 (18550).JPG;0
\vacia\NOANIMAL_ZOO_5_6_7_9\39_20210615 (7773).JPG;0
\cervidae\deer_CaltechCameraTrap\595c6a99-23d2-11e8-a6a3-ec086b02610b.jpg;1
\leporido\conejo_Paco_Carro_JC\PICT0986 (2).JPG;1
\jabali\WILDBOAR_ZOO_1_4\37_20201116 (10737).JPG;1
\humanovehiculo\car_CaltechCameraTrap_ME\vehiculo\58b4a998-23d2-11e8-a6a3-ec086b02610b.jpg;1
\vacia\NOANIMAL_ZOO_5_6_7_9\2_20210417 (19541).JPG;0
\cervidae\ciervo_vacías_humanos_PNC_2012_ME\a20004IM000130.JPG;1
\jabali\WILDBOAR_ZOO_1_4\37_20201116 (8025).JPG;1
\vacia\NOANIMAL_ZOO_5_6_7_9\49_20210418 (16845).JPG;0
\gato_domestico\cat_IslandConservationCameraTraps\dominicanrepublic_cam1426julio2015_20150704_053713_img_0010.jpg;1
\ave\bird_CaltechCameraTrap\599a5a77-23d2-11e8-a6a3-ec086b02610b.jpg;1
\leporido\conejo_Paco_Carro_JC\PICT0527.JPG;1
\cervidae\CERVIDREDORFALLOWDEER_ZOO_5_6_7_9\10_20210319 (11945).JPG;1
\cervidae\ciervo_PNC_2014_ISAAC\c4657IM000076.JPG;1
\humanovehiculo\humanovehiculo_Caltech\59c805d0-23d2-11e8-a6a3-ec086b02610b.jpg;1
\vaca\COW_ZOO_5_6_7_9\9_20210615 (2286).JPG;1
\zorro\zorro_PNM_2013-O_ISAAC\f27812IMAG0380.JPG;1
\leporido\conejo_Paco_Carro_JC\PICT1539.JPG;1
\vacia\NOANIMAL_ZOO_5_6_7_9\39_20210615 (2826).JPG;0
\cervidae\CERVIDREDORFALLOWDEER_ZOO_5_6_7_9\15_20210219 (6216) (2021_04_15 06_16_22 UTC).JPG;1
\vacia\NOANIMAL_ZOO_1_4\37_20201116 (8174).JPG;0
\vacia\NOANIMAL_ZOO_5_6_7_9\39_20210615 (2677).JPG;0
\ave\ave_ave_WellingtonCameraTraps_SS\100116134704014b5023.JPG;1
\cervidae\CERVIDREDORFALLOWDEER_ZOO_1_4\24_20201218 (1611).JPG;1
\humanovehiculo\humanovehiculo_PNC_2014_manuel\c5155IM000065.JPG;1
\ave\brown_noddy_IslandConservationCameraTraps\palau_cam04a12132018_20180916_092650_rcnx1184.jpg;1
\mapache\raccoon_CaltechCameraTrap_ME\588a6646-23d2-11e8-a6a3-ec086b02610b.jpg;1
\vacia\Nothing_mammalWeb\73163.jpg;0
\jabali\jabali_PNC_2014_manuel\c6528IM000168.JPG;1
\vacia\vacias_2_de_2_PNC_2012_ISAAC\a53081IM000441.JPG;0
\cervidae\CERVIDREDORFALLOWDEER_ZOO_5_6_7_9\39_20210318 (1275).JPG;1
\humanovehiculo\humano_vehiculo_PNM_2013-O_ISAAC\f109IM000004.JPG;1
\leporido\rabbit_IslandConservationCameraTraps\chile_frances012013_31122012154309.jpg;1
\vacia\NOANIMAL_ZOO_5_6_7_9\28_20210318 (11436).JPG;0
\humanovehiculo\HUMANORVEHICLE_ZOO_5_6_7_9\41_20210318 (19).JPG;1
\humanovehiculo\humano_vehiculo_PNC_2013-I_ISAAC\460IM000014.JPG;1
\vacia\empty_IslandConservationCameraTraps\ecuador1_ic1619_20181203_165250_img_3332.jpg;0
\vaca\COW_ZOO_1_4\6_20201116 (1424).JPG;1
\lince\Lince_a_Linces2_Leo_JC\lince122 (76).JPG;1
\cervidae\CERVIDREDORFALLOWDEER_ZOO_5_6_7_9\17_20210218 (721) (2021_04_15 06_16_22 UTC).JPG;1
\vacia\empty_caltechCameraTraps\59d5b69f-23d2-11e8-a6a3-ec086b02610b.jpg;0
\leporido\rabbit_CaltechCameraTrap_ME\5a0fd0c1-23d2-11e8-a6a3-ec086b02610b.jpg;1
\caballo\HORSE_ZOO_1_4\38_20210117 (1123).JPG;1
\micromamiferos\rat_IslandConservationCameraTraps\dominicanrepublic_cam11618mayo2017b_20170127_204103_img_0096.jpg;1
\humanovehiculo\humanovehiculo_Caltech\594cec4e-23d2-11e8-a6a3-ec086b02610b.jpg;1
\vacia\NOANIMAL_ZOO_5_6_7_9\25_20210417 (12642).JPG;0
\zorro\Red fox_mammalWeb\8871.jpg;1
\humanovehiculo\car_CaltechCameraTrap_ME\vehiculo\58ff0d20-23d2-11e8-a6a3-ec086b02610b.jpg;1
\zorro\Zorro_PNC_2014_JC\c21200IM000021.JPG;1
\vacia\NOANIMAL_ZOO_5_6_7_9\49_20210615 (369).JPG;0
\zorro\ZORRO_PNM_2013-I_ISAAC\e4890IM000009.JPG;1
\vacia\NOANIMAL_ZOO_1_4\34_20210115 (1533).JPG;0
\vacia\vacia_ss\27_20201023 (17).JPG;0
\jabali\WILDBOAR_ZOO_5_6_7_9\19_20210417 (337).JPG;1
\cervidae\CERVIDREDORFALLOWDEER_ZOO_1_4\21_20201025 (3978).JPG;1
\vacia\NOANIMAL_ZOO_1_4\6_20201116 (5110).JPG;0
\vacia\NOANIMAL_ZOO_5_6_7_9\49_20210418 (38).JPG;0
\cervidae\ciervo_simone_2\34_20201024 (2800).JPG;1
\vacia\empty_SnapshotMountainZebra\MTZ_S1_E06_R3_IMAG0110.JPG;0
\jabali\WILDBOAR_ZOO_1_4\34_20210115 (517).JPG;1
\cervidae\ciervo_PNC_2014_ISAAC\c23755IMAG0126.JPG;1
\vacia\Vacias_PNC_2012_JC\a6734IM000015.JPG;0
\vacia\NOANIMAL_ZOO_5_6_7_9\11_20210418 (1867).JPG;0
\cervidae\CERVIDREDORFALLOWDEER_ZOO_1_4\8_20201029 (34).JPG;1
\vaca\COW_ZOO_5_6_7_9\21_20210318 (14425).JPG;1
\jabali\WILDBOAR_ZOO_1_4\34_20201215 (172).JPG;1
\vaca\COW_ZOO_1_4\6_20201116 (2888).JPG;1
\gato_domestico\gato_WellingtonCameraTraps_SS\110116193028034b9963.JPG;1
\vacia\NOANIMAL_ZOO_5_6_7_9\19_20210417 (2180).JPG;0
\vacia\empty_IslandConservationCameraTraps\dominicanrepublic_cam1725septiembre2015_20150915_095943_img_0057.jpg;0
\vacia\NOANIMAL_ZOO_5_6_7_9\24_20210418 (14387).JPG;0
\vacia\NOANIMAL_ZOO_5_6_7_9\5_20210417 (2541).JPG;0
\humanovehiculo\humanovehiculo_ss\24_20201019 (3).JPG;1
\caballo\HORSE_ZOO_1_4\2_20201117 (5152).JPG;1
\vaca\cow_CaltechCameraTrap\5888bc78-23d2-11e8-a6a3-ec086b02610b.jpg;1
\cervidae\ciervo_PNC_2013-I_ME\8005IM000039.JPG;1
\lince\Lince_b_Linces2_Leo_JC\lince228 (125).jpg;1
\vacia\NOANIMAL_ZOO_1_4\37_20201116 (522).JPG;0
\vacia\empty_IslandConservationCameraTraps\micronesia_cam04_cam04june2019_20190620031503_rcnx3674.jpg;0
\lince\Lince_a_Linces2_Leo_JC\lince50 (108).JPG;1
\cervidae\CERVIDREDORFALLOWDEER_ZOO_1_4\21_20201025 (2312).JPG;1
\zorro\zorro_PNM_2013-I_ME\e2668IM000008.JPG;1
\cervidae\CERVIDREDORFALLOWDEER_ZOO_1_4\10_20201218 (888).JPG;1
\vacia\NOANIMAL_ZOO_1_4\7_20210115 (1969).JPG;0
\vacia\empty_SnapshotMountainZebra\MTZ_S1_E06_R3_IMAG1143.JPG;0
\vacia\empty_IslandConservationCameraTraps\dominicanrepublic_cam1826junio2015_20150505_073508_img_1228.jpg;0
\cervidae\2_cervidae_alumno_1_AM_2\37_20201024 (2156).JPG;1
\gato_domestico\gato_WellingtonCameraTraps_SS\160716141856031bl232.JPG;1
\ave\shearwater_IslandConservationCameraTraps\chile_vaqueria2013_0201201322158.jpg;1
\vacia\NOANIMAL_ZOO_5_6_7_9\36_20210319 (9786).JPG;0
\cervidae\CERVIDREDORFALLOWDEER_ZOO_1_4\18_20210115 (4549).JPG;1
\micromamiferos\rat_IslandConservationCameraTraps\micronesia_cam09_cam09june2019_20190622160106_rcnx0650.jpg;1
\ave\ave_ave_WellingtonCameraTraps_SS\050916164838043as433.JPG;1
\leporido\conejo_WellingtonCameraTraps_SS\270116080320003c9356.JPG;1
\vacia\vacia_alumno_AM_2\24_20201019 (1168).JPG;0
\leporido\rabbit_CaltechCameraTrap_ME\592f7045-23d2-11e8-a6a3-ec086b02610b.jpg;1
\cervidae\CERVIDREDORFALLOWDEER_ZOO_5_6_7_9\18_20210417 (8531).JPG;1
\vacia\NOANIMAL_ZOO_5_6_7_9\1_20210219 (136) (2021_04_15 06_16_22 UTC).JPG;0
\vacia\NOANIMAL_ZOO_5_6_7_9\36_20210618 (8255).JPG;0
\lince\Lince_b_Linces2_Leo_JC\lince146 (110).JPG;1
\vacia\NOANIMAL_ZOO_5_6_7_9\24_20210318 (6647).JPG;0
\ave\ave_PNC_2013-O_RED_ME\b11287IMAG0032.JPG;1
\caballo\caballos_alumno_AM\caballos_alumno_AM\9_20201712 (2247).JPG;1
\cervidae\CERVIDREDORFALLOWDEER_ZOO_5_6_7_9\46_20210618 (705).JPG;1
\vacia\vacia_buscar_cab_isaac_sin_contar\35_20201218 (2153).JPG;0
\cervidae\ciervo_PNC_2013-I_RED_ME\6317IM000205.JPG;1
\vacia\vacia_alumno_TH_3_TH_JC\10_20201019 (1886).JPG;0
\cervidae\CERVIDREDORFALLOWDEER_ZOO_1_4\37_20210115 (1130).JPG;1
\ave\ave_Soraya_Padilla_Alumno_1_TH\DSCF0112_frame060.jpg;1
\jabali\jabali_javi_JC\37_20201024 (1404).JPG;1
\cervidae\deer_CaltechCameraTrap\59ffbaa0-23d2-11e8-a6a3-ec086b02610b.jpg;1
\ave\Chicken_ena24\6607.jpg;1
\cervidae\ciervo_PNC_2013-I_RED_ME\3141IMAG0047.JPG;1
\humanovehiculo\humanovehiculo_PNC_2014_manuel\c15827IM000007.JPG;1
\gato_domestico\gato_WellingtonCameraTraps_SS\010416213644012bs151.JPG;1
\perro\dog_IslandConservationCameraTraps\dominicanrepublic_cam228noviembre2015_20151105_071332_img_0141.jpg;1
\leporido\LEPORIDRABBITORHARE_ZOO_1_4\6_20201023 (2582).JPG;1
\ave\ave_ave_WellingtonCameraTraps_SS\030516160712031c5021.JPG;1
\jabali\jabali_alumno_2_2_TH_JC\28_20201019 (1688).JPG;1
\cervidae\corzo_alumno_1_TH\Capcap 09_frame200.jpg;1
\vacia\NOANIMAL_ZOO_1_4\7_20210115 (4266).JPG;0
\cervidae\CERVIDREDORFALLOWDEER_ZOO_5_6_7_9\17_20210218 (167) (2021_04_15 06_16_22 UTC).JPG;1
\vacia\NOANIMAL_ZOO_1_4\21_20201119 (2086).JPG;0
\ave\bird_CaltechCameraTrap\595df064-23d2-11e8-a6a3-ec086b02610b.jpg;1
\humanovehiculo\humano_vehiculo_PNM_2013-O_ISAAC\f1803IM000015.JPG;1
\ave\ave_ave_WellingtonCameraTraps_SS\160116150058003c9351.JPG;1
\humanovehiculo\humanovehiculo_PNC_2014_manuel\c23208IM000013.JPG;1
\jabali\jabali_javi_JC\41_20201025 (19).JPG;1
\humanovehiculo\humanovehiculo_Caltech\5a096b64-23d2-11e8-a6a3-ec086b02610b.jpg;1
\caballo\HORSE_ZOO_1_4\2_20201215 (888).JPG;1
\cervidae\corzo_alumno_2_AM_JC\STC_0297_frame370.jpg;1
\humanovehiculo\humano_vehiculo_PNM_2013-O_ISAAC\f53IM000013.JPG;1
\gato_domestico\Gato_domestico_alumno_2_AM_JC\Gato (2)_frame070.jpg;1
\vacia\NOANIMAL_ZOO_5_6_7_9\25_20210417 (5317).JPG;0
\cervidae\CERVIDREDORFALLOWDEER_ZOO_1_4\29_20201117 (548).JPG;1
\leporido\conejo_Paco_Carro_JC\PICT1360.JPG;1
\gato_domestico\gato_WellingtonCameraTraps_SS\2906151354300888S481.JPG;1
\vacia\NOANIMAL_ZOO_5_6_7_9\36_20210319 (9029).JPG;0
\vacia\empty_SnapshotMountainZebra\MTZ_S1_D07_R1_IMAG0957.JPG;0
\jabali\WILDBOAR_ZOO_1_4\37_20201116 (13324).JPG;1
\vacia\NOANIMAL_ZOO_1_4\21_20201119 (3209).JPG;0
\cervidae\CERVIDREDORFALLOWDEER_ZOO_5_6_7_9\5_20210417 (5448).JPG;1
\cervidae\CERVIDREDORFALLOWDEER_ZOO_1_4\28_20201019 (273).JPG;1
\vacia\empty_SnapshotMountainZebra\MTZ_S1_E06_R3_IMAG0148.JPG;0
\vacia\NOANIMAL_ZOO_1_4\25_20201218 (975).JPG;0
\cervidae\CERVIDREDORFALLOWDEER_ZOO_5_6_7_9\38_20210417 (453).JPG;1
\ave\bird_CaltechCameraTrap\59247af4-23d2-11e8-a6a3-ec086b02610b.jpg;1
\vaca\COW_ZOO_1_4\21_20201119 (154).JPG;1
\mapache\raccoon_CaltechCameraTrap_ME\5a197b10-23d2-11e8-a6a3-ec086b02610b.jpg;1
\vacia\empty_SnapshotMountainZebra\MTZ_S1_D06_R1_IMAG1722.JPG;0
\ave\ave_Soraya_Padilla_Alumno_1_TH\STC_0050_frame020.jpg;1
\caballo\HORSE_ZOO_5_6_7_9\44_20210618 (323).JPG;1
\zorro\zorro_PNC_2014_manuel\c13084IMAG0038.JPG;1
\vacia\NOANIMAL_ZOO_1_4\12_20201025 (143).JPG;0
\cervidae\corzo_alumno_1_TH\Capcap 30_frame020.jpg;1
\jabali\WILDBOAR_ZOO_1_4\11_20210114 (598).JPG;1
\vacia\vacia_Paco_Carro_JC\IMG_0412.JPG;0
\lince\Lince_a_Linces2_Leo_JC\lince77 (89).JPG;1
\vacia\NOANIMAL_ZOO_1_4\37_20201116 (10802).JPG;0
\lince\Lince_b_Linces2_Leo_JC\lince228 (240).JPG;1
\cervidae\ciervo_simone_2\34_20201024 (6088).JPG;1
\cervidae\CERVIDREDORFALLOWDEER_ZOO_1_4\40_20201117 (1586).JPG;1
\ave\ave_ave_WellingtonCameraTraps_SS\010216182836031c9193.JPG;1
\cervidae\CERVIDREDORFALLOWDEER_ZOO_5_6_7_9\19_20210219 (1399) (2021_04_15 06_16_22 UTC).JPG;1
\vacia\empty_SnapshotCamdeboo\CDB_S1_A05_R2_IMAG0399.JPG;0
\vacia\NOANIMAL_ZOO_5_6_7_9\2_20210417 (17863).JPG;0
\vaca\cow_CaltechCameraTrap\590a0e10-23d2-11e8-a6a3-ec086b02610b.jpg;1
\lince\Lince_b_Linces2_Leo_JC\lince228 (21).jpg;1
\humanovehiculo\humanovehiculo_PNM_2013-I_ME\e4961IMAG0003.JPG;1
\caballo\caballos_alumno_AM\caballos_alumno_AM\2_20201215 (10139).JPG;1
\vacia\empty_IslandConservationCameraTraps\ecuador1_cam1612_20150326_213521_img_0292.jpg;0
\cervidae\Ciervo_PNC_2012_JC\a49538IM000085.JPG;1
\leporido\Eastern Cottontail_ena24\784.jpg;1
\jabali\WILDBOAR_ZOO_5_6_7_9\28_20210417 (1815).JPG;1
\cervidae\Ciervo_PNC_2014_JC\c10727IM000036.JPG;1
\jabali\jabali_javi_JC\11_20201027 (193).JPG;1
\ave\ave_PNC_2013-O_RED_ISAAC\b4507IMAG0385.JPG;1
\vacia\NOANIMAL_ZOO_5_6_7_9\20_20210219 (295) (2021_04_15 06_16_22 UTC).JPG;0
\zorro\Zorro_PNC_2014_JC\c17629IM000008.JPG;1
\humanovehiculo\car_CaltechCameraTrap_ME\vehiculo\586936c3-23d2-11e8-a6a3-ec086b02610b.jpg;1
\mapache\raccoon_CaltechCameraTrap_ME\591678c2-23d2-11e8-a6a3-ec086b02610b.jpg;1
\zorro\zorro_Leo_Otra_fauna_PASADA_POR_LA_RED_JC\Otrafauna (602).JPG;1
\humanovehiculo\humano_vehiculo_PNM_2013-O_ISAAC\f8784IM000015.JPG;1
\cervidae\deer_CaltechCameraTrap\599a5964-23d2-11e8-a6a3-ec086b02610b.jpg;1
\humanovehiculo\humano_vehiculo_PNM_2012_ISAAC\d67IM000007.JPG;1
\ave\OTHERSPECIES_ZOO_1_4\15_20210117 (17003).JPG;1
\vacia\NOANIMAL_ZOO_5_6_7_9\50_20210417 (22310).JPG;0
\vacia\empty_SnapshotMountainZebra\MTZ_S1_C06_R3_IMAG2205.JPG;0
\cervidae\Ciervo_PNC_2012_JC\a7258IM000302.JPG;1
\cervidae\deer_CaltechCameraTrap\59cf44ff-23d2-11e8-a6a3-ec086b02610b.jpg;1
\cervidae\deer_CaltechCameraTrap\59cb397a-23d2-11e8-a6a3-ec086b02610b.jpg;1
\jabali\WILDBOAR_ZOO_1_4\15_20210117 (2955).JPG;1
\ave\OTHERSPECIES_ZOO_5_6_7_9\38_20210618 (1306).JPG;1
\cervidae\CERVIDREDORFALLOWDEER_ZOO_5_6_7_9\31_20210615 (4139).JPG;1
\perro\dog_caltechCameraTraps\5a217637-23d2-11e8-a6a3-ec086b02610b.jpg;1
\leporido\rabbit_CaltechCameraTrap_ME\5a0b0101-23d2-11e8-a6a3-ec086b02610b.jpg;1
\vacia\NOANIMAL_ZOO_1_4\17_20201611 (238).JPG;0
\vacia\empty_SnapshotMountainZebra\MTZ_S1_D06_R1_IMAG2869.JPG;0
\lince\linces_fecha_Linces2_Leo_JC\3_Lince_flecha_Linces2_Leo_JC\lince74 (37).JPG;1
\vacia\NOANIMAL_ZOO_5_6_7_9\38_20210219 (1323) (2021_04_15 06_16_22 UTC).JPG;0
\gato_domestico\cat_IslandConservationCameraTraps\palau_cam10a12122018_20181105_095004_rcnx0965.jpg;1
\vacia\empty_SnapshotMountainZebra\MTZ_S1_D07_R1_IMAG0237.JPG;0
\vacia\NOANIMAL_ZOO_5_6_7_9\2_20210417 (19030).JPG;0
\vacia\NOANIMAL_ZOO_5_6_7_9\36_20210319 (2005).JPG;0
\vacia\empty_SnapshotMountainZebra\MTZ_S1_F04_R1_IMAG1088.JPG;0
\vacia\NOANIMAL_ZOO_1_4\4_20201220 (1580).JPG;0
\vacia\empty_SnapshotMountainZebra\MTZ_S1_E06_R1_IMAG2247.JPG;0
\gineta\COMMONGENET_ZOO_5_6_7_9\11_20210318 (1166).JPG;1
\cervidae\CERVIDREDORFALLOWDEER_ZOO_1_4\21_20201025 (2001).JPG;1
\leporido\conejo_alumno_1_TH\Conejo_alumno_2_AM_JC\Orycun (13)_frame140.jpg;1
\vacia\NOANIMAL_ZOO_5_6_7_9\37_20210220 (1215) (2021_04_15 06_16_22 UTC).JPG;0
\zorro\zorro_PNC_2014_manuel\c272IM000116.JPG;1
\vaca\COW_ZOO_1_4\34_20201215 (2502).JPG;1
\vacia\NOANIMAL_ZOO_5_6_7_9\28_20210318 (11568).JPG;0
\lince\Lince_b_Linces2_Leo_JC\lince136 (4).JPG;1
\zorro\Red Fox_ena24\3559.jpg;1
\vacia\empty_IslandConservationCameraTraps\dominicanrepublic_cam1826julio2015_20150626_121207_img_0265.jpg;0
\zorro\zorro_PNC_2013-O_RED_ISAAC\b12383IM000013.JPG;1
\humanovehiculo\humanos_Paco_Carro_JC\01020024.JPG;1
\humanovehiculo\humanovehiculo_PNM_2013-I_ME\e3905IM000027.JPG;1
\leporido\conejo_leo_donana\0003001.JPG;1
\vacia\NOANIMAL_ZOO_1_4\26_20201020 (18296).JPG;0
\gato_domestico\cat_CaltechCameraTrap\59738940-23d2-11e8-a6a3-ec086b02610b.jpg;1
\vaca\cow_CaltechCameraTrap\58ff0c5c-23d2-11e8-a6a3-ec086b02610b.jpg;1
\vacia\empty_SnapshotMountainZebra\MTZ_S1_D05_R1_IMAG2927.JPG;0
\vacia\empty_caltechCameraTraps\59aadad5-23d2-11e8-a6a3-ec086b02610b.jpg;0
\vacia\empty_SnapshotKaroo\KAR_S1_C02_R1_IMAG2086.JPG;0
\vacia\NOANIMAL_ZOO_5_6_7_9\24_20210418 (16501).JPG;0
\vacia\NOANIMAL_ZOO_5_6_7_9\39_20210417 (3701).JPG;0
\jabali\WILDBOAR_ZOO_5_6_7_9\47_20210418 (1654).JPG;1
\vacia\NOANIMAL_ZOO_5_6_7_9\11_20210318 (114).JPG;0
\vacia\empty_IslandConservationCameraTraps\dominicanrepublic_cam1125abril2015_20150409_133938_img_0653.jpg;0
\micromamiferos\rat_IslandConservationCameraTraps\micronesia_cam03april2019_20190411_203741_rcnx0157.jpg;1
\vacia\empty_IslandConservationCameraTraps\ecuador1_ic1611_20150101_000001_img_0642.jpg;0
\vacia\NOANIMAL_ZOO_1_4\26_20201020 (6036).JPG;0
\ave\ave_IslandConservationCameraTraps\ecuador2_ic1605_20181024_051730_img_0218.jpg;1
\ave\rooster_IslandConservationCameraTraps\palau_cam09a12132018_20181016_072005_rcnx0666.jpg;1
\gato_domestico\cat_IslandConservationCameraTraps\puertorico_26_20150516_051029_ek002233.jpg;1
\cervidae\Ciervo_PNC_2013-O_ME\b8507FILE0338.JPG;1
\jabali\jabali_javi_JC\31_20201023 (289).JPG;1
\cervidae\CERVIDREDORFALLOWDEER_ZOO_1_4\21_20201025 (4313).JPG;1
\vacia\empty_SnapshotMountainZebra\MTZ_S1_D07_R1_IMAG0874.JPG;0
\meloncillo\Meloncillo_PNM_2013-0_ME\f10918IM000037.JPG;1
\vacia\empty_IslandConservationCameraTraps\dominicanrepublic_cam1826julio2015_20150717_091539_img_2647.jpg;0
\gato_domestico\gato_WellingtonCameraTraps_SS\100916002920046bs521.JPG;1
\micromamiferos\Small rodent_mammalWeb\22990.jpg;1
\cervidae\CERVIDREDORFALLOWDEER_ZOO_5_6_7_9\28_20210615 (3789).JPG;1
\ave\2_ave_ave_WellingtonCameraTraps_SS\2405151636180745L092.JPG;1
\cervidae\CERVIDREDORFALLOWDEER_ZOO_5_6_7_9\28_20210318 (15938).JPG;1
\leporido\conejo_alumno_2_2_TH_JC\6_20201023 (3012).JPG;1
\cervidae\ciervo_vacías_humanos_PNC_2012_ME\a14291IM000214.JPG;1
\vaca\COW_ZOO_1_4\21_20201217 (2080).JPG;1
\vacia\vacias_2_de_2_PNC_2012_ISAAC\a20562IM000165.JPG;0
\vacia\NOANIMAL_ZOO_5_6_7_9\20_20210618 (3448).JPG;0
\vacia\empty_SnapshotMountainZebra\MTZ_S1_D07_R1_IMAG1316.JPG;0
\leporido\rabbit_IslandConservationCameraTraps\chile_frances012013_0401201392914.jpg;1
\mapache\raccoon_CaltechCameraTrap_ME\591fd43b-23d2-11e8-a6a3-ec086b02610b.jpg;1
\vacia\vacias_2_de_2_PNC_2012_ISAAC\a29805IM000547.JPG;0
\caballo\HORSE_ZOO_1_4\15_20210117 (14014).JPG;1
\cervidae\deer_CaltechCameraTrap\595f788b-23d2-11e8-a6a3-ec086b02610b.jpg;1
\vacia\vacias_2_de_2_PNC_2012_ISAAC\a7712IM000045.JPG;0
\vacia\empty_IslandConservationCameraTraps\dominicanrepublic_cam1826julio2015_20150627_110134_img_0376.jpg;0
\vacia\NOANIMAL_ZOO_5_6_7_9\50_20210408 (16352).JPG;0
\cervidae\Ciervo_PNC_2014_JC\c28894IM000162.JPG;1
\jabali\WILDBOAR_ZOO_5_6_7_9\32_20210417 (10073).JPG;1
\jabali\jabali_PNM_2013-O_ISAAC\f14553IMAG0477.JPG;1
\vacia\NOANIMAL_ZOO_1_4\10_20201019 (843).JPG;0
\humanovehiculo\humanovehiculo_PNC_2014_manuel\c15191IMAG0650.JPG;1
\gato_domestico\gato_WellingtonCameraTraps_SS\2106151558460237S061.JPG;1
\vacia\empty_caltechCameraTraps\5a27d922-23d2-11e8-a6a3-ec086b02610b.jpg;0
\humanovehiculo\humanovehiculo_PNC_2014_manuel\c28175IM000001.JPG;1
\jabali\WILDBOAR_ZOO_1_4\37_20201024 (12349).JPG;1
\vacia\NOANIMAL_ZOO_5_6_7_9\24_20210318 (12657).JPG;0
\cervidae\CERVIDREDORFALLOWDEER_ZOO_1_4\34_20201116 (3078).JPG;1
\gato_domestico\gato_WellingtonCameraTraps_SS\1504150951320285S073.JPG;1
\vacia\NOANIMAL_ZOO_1_4\6_20201812 (14773).JPG;0
\vacia\vacio_Saul Martin_FRAMES_SIN_REPETIDOS_REVISADOS_DIEGO\IMAG0002_frame120.jpg;0
\cervidae\ciervo_vacías_humanos_PNC_2012_ME\a19141IM000271.JPG;1
\vacia\NOANIMAL_ZOO_5_6_7_9\24_20210318 (16020).JPG;0
\vacia\NOANIMAL_ZOO_1_4\7_20210115 (2714).JPG;0
\jabali\JABALI_PNM_2013-I_ISAAC\e3220IM000016.JPG;1
\vacia\empty_SnapshotMountainZebra\MTZ_S1_E06_R3_IMAG1096.JPG;0
\cervidae\CERVIDREDORFALLOWDEER_ZOO_5_6_7_9\49_20210418 (13110).JPG;1
\vacia\NOANIMAL_ZOO_1_4\34_20210115 (1217).JPG;0
\ave\ave_ave_WellingtonCameraTraps_SS\040116075512017b9703.JPG;1
\vacia\NOANIMAL_ZOO_1_4\41_20210114 (416).JPG;0
\vacia\NOANIMAL_ZOO_5_6_7_9\2_20210219 (1968) (2021_04_15 06_16_22 UTC).JPG;0
\vacia\NOANIMAL_ZOO_5_6_7_9\19_20210219 (168) (2021_04_15 06_16_22 UTC).JPG;0
\vacia\empty_SnapshotMountainZebra\MTZ_S1_D06_R1_IMAG2331.JPG;0
\vacia\NOANIMAL_ZOO_1_4\7_20210115 (3493).JPG;0
\vaca\COW_ZOO_5_6_7_9\21_20210418 (2230).JPG;1
\humanovehiculo\HUMANORVEHICLE_ZOO_1_4\3_20201217 (31).JPG;1
\lince\Lince_b_Linces2_Leo_JC\lince133 (31).JPG;1
\cervidae\ciervo_simone_2\34_20201024 (4261).JPG;1
\zorro\ZORRO_PNM_2013-I_ISAAC\e5659IMAG0075.JPG;1
\lince\IBERIANLYNX_ZOO_1_4\37_20201215 (1929).JPG;1
\vaca\COW_ZOO_5_6_7_9\17_20210418 (323).JPG;1
\vacia\NOANIMAL_ZOO_1_4\6_20201812 (11469).JPG;0
\gato_domestico\gato_WellingtonCameraTraps_SS\0205150948340242L241.JPG;1
\vacia\vacias_PNM_2013-I_ISAAC\e2021IM000514.JPG;0
\leporido\rabbit_IslandConservationCameraTraps\chile_piedra012013_2403201363504.jpg;1
\humanovehiculo\humanovehiculo_Caltech\5968c108-23d2-11e8-a6a3-ec086b02610b.jpg;1
\vacia\empty_SnapshotMountainZebra\MTZ_S1_G04_R3_IMAG3267.JPG;0
\vacia\NOANIMAL_ZOO_1_4\6_20201812 (11424).JPG;0
\caballo\HORSE_ZOO_1_4\9_20210114 (1189).JPG;1
\ave\Mirlo_PNC_2014_JC\c8740IM000042.JPG;1
\vacia\NOANIMAL_ZOO_1_4\25_20201024 (1155).JPG;0
\vacia\NOANIMAL_ZOO_1_4\43_20201217 (1481).JPG;0
\vacia\NOANIMAL_ZOO_5_6_7_9\25_20210219 (131) (2021_04_15 06_16_22 UTC).JPG;0
\vacia\vacia_alumno_1_TH\Nada (20)_frame120.jpg;0
\cervidae\cervidae_ME_rev_3_donana\26_20201020 (4622).JPG;1
\leporido\rabbit_CaltechCameraTrap_ME\59a94ddf-23d2-11e8-a6a3-ec086b02610b.jpg;1
\vacia\empty_SnapshotMountainZebra\MTZ_S1_G04_R3_IMAG2204.JPG;0
\vacia\empty_SnapshotMountainZebra\MTZ_S1_D05_R1_IMAG2060.JPG;0
\vacia\SnampshotEnonkishu\ENO_S1_B03_R1_IMAG0153.JPG;0
\vacia\vacia_alumno_AM_2\26_20201020 (353).JPG;0
\vacia\empty_IslandConservationCameraTraps\dominicanrepublic_cam1826junio2015_20150505_125102_img_3006.jpg;0
\jabali\WILDBOAR_ZOO_1_4\28_20201019 (1979).JPG;1
\vacia\NOANIMAL_ZOO_1_4\26_20201020 (15663).JPG;0
\cervidae\Ciervo_PNC_2012_JC\a20312IM000069.JPG;1
\caballo\HORSE_ZOO_1_4\15_20210117 (12655).JPG;1
\cervidae\CERVIDREDORFALLOWDEER_ZOO_1_4\5_20210115 (1762).JPG;1
\cervidae\ciervo_PNC_2014_ISAAC\c12873IMAG0407.JPG;1
\vacia\NOANIMAL_ZOO_5_6_7_9\32_20210615 (8007).JPG;0
\cervidae\ciervo_PNC_2013-O_RED_ISAAC\b5937IM000404.JPG;1
\leporido\rabbit_CaltechCameraTrap_ME\597cd790-23d2-11e8-a6a3-ec086b02610b.jpg;1
\leporido\conejo_WellingtonCameraTraps_SS\0106151425500632S053.JPG;1
\lince\Lince_a_Linces2_Leo_JC\lince70 (3).JPG;1
\cervidae\deer_CaltechCameraTrap\5a02fbb8-23d2-11e8-a6a3-ec086b02610b.jpg;1
\cervidae\CERVIDREDORFALLOWDEER_ZOO_5_6_7_9\37_20210319 (1304).JPG;1
\vacia\empty_caltechCameraTraps\59adfde2-23d2-11e8-a6a3-ec086b02610b.jpg;0
\vacia\NOANIMAL_ZOO_5_6_7_9\42_20210618 (1812).JPG;0
\vacia\NOANIMAL_ZOO_1_4\26_20201020 (16440).JPG;0
\vacia\NOANIMAL_ZOO_5_6_7_9\3_20210417 (671).JPG;0
\cervidae\deer_CaltechCameraTrap\595ded53-23d2-11e8-a6a3-ec086b02610b.jpg;1
\vacia\NOANIMAL_ZOO_5_6_7_9\24_20210418 (15536).JPG;0
\caballo\HORSE_ZOO_1_4\17_20210114 (2962).JPG;1
\jabali\WILDBOAR_ZOO_5_6_7_9\35_20210218 (1677) (2021_04_15 06_16_22 UTC).JPG;1
\jabali\Jabali_PNC_2012_JC\a35131IM000102.JPG;1
\ave\OTHERSPECIES_ZOO_5_6_7_9\50_20210417 (16413).JPG;1
\gato_domestico\gato_WellingtonCameraTraps_SS\2603152039300424S233.JPG;1
\jabali\WILDBOAR_ZOO_1_4\28_20201019 (1524).JPG;1
\caballo\HORSE_ZOO_5_6_7_9\44_20210618 (133).JPG;1
\vacia\NOANIMAL_ZOO_1_4\9_20201118 (544).JPG;0
\vacia\NOANIMAL_ZOO_1_4\4_20201220 (663).JPG;0
\meloncillo\Meloncillo_PEPE_IREC_JC\IMAG1059_(2).JPG;1
\vaca\COW_ZOO_5_6_7_9\2_20210219 (1446) (2021_04_15 06_16_22 UTC).JPG;1
\cervidae\ciervo_simone_2\39_20201019 (467).JPG;1
\humanovehiculo\car_CaltechCameraTrap_ME\vehiculo\58f8cc8b-23d2-11e8-a6a3-ec086b02610b.jpg;1
\leporido\rabbit_CaltechCameraTrap_ME\595f7b3d-23d2-11e8-a6a3-ec086b02610b.jpg;1
\jabali\WILDBOAR_ZOO_1_4\37_20201116 (15570).JPG;1
\humanovehiculo\HUMANORVEHICLE_ZOO_5_6_7_9\31_20210417 (1).JPG;1
\zorro\zorro_vacías_humanos_PNC_2012_ME\a49637IM000036.JPG;1
\vacia\vacias_1_de_2_PNC_2012_ISAAC\a39082IMAG0834.JPG;0
\leporido\rabbit_IslandConservationCameraTraps\chile_frances022013_1005201392955.jpg;1
\zorro\Zorro_PNC_2013-O_ME\b8502FILE0333.JPG;1
\lince\linces_fecha_Linces2_Leo_JC\2_Lince_flecha_Linces2_Leo_JC\Lince48 (11).JPG;1
\vacia\empty_IslandConservationCameraTraps\dominicanrepublic_cam0425abril2015_20130809_043835_sunp1679.jpg;0
\vacia\empty_IslandConservationCameraTraps\dominicanrepublic_cam1826junio2015_20150505_071859_img_1146.jpg;0
\zorro\zorro_PNM_2013-O_ISAAC\f1936IM000132.JPG;1
\cervidae\Ciervo_PNC_2013-O_ME\b8678IMAG0144.JPG;1
\humanovehiculo\humanovehiculo_Caltech\59941dd7-23d2-11e8-a6a3-ec086b02610b.jpg;1
\leporido\Conejo_Leo_Otra_fauna_PASADA_POR_LA_RED_JC\Otrafauna (1123).JPG;1
\cervidae\ciervo_vacías_humanos_PNC_2012_ME\a6994IM000048.JPG;1
\meloncillo\Meloncillo_PEPE_IREC_JC\IMAG0057_(2).JPG;1
\cervidae\ciervo_PNC_2014_ISAAC\c25420IM000022.JPG;1
\ave\OTHERSPECIES_ZOO_5_6_7_9\38_20210618 (770).JPG;1
\vacia\vacia_Paco_Carro_JC\PICT2452.JPG;0
\caballo\HORSE_ZOO_1_4\9_20201118 (863).JPG;1
\vacia\NOANIMAL_ZOO_1_4\6_20201812 (13325).JPG;0
\jabali\WILDBOAR_ZOO_1_4\37_20201116 (4908).JPG;1
\vacia\NOANIMAL_ZOO_5_6_7_9\2_20210417 (3388).JPG;0
\humanovehiculo\humanovehiculo_PNC_2014_manuel\c11753IMAG0536.JPG;1
\vacia\vacia_alumno_1_AM\6_20201023 (615).JPG;0
\vacia\vacias_PNC_2014_ISAAC\c20519IM000478.JPG;0
\cervidae\CERVIDREDORFALLOWDEER_ZOO_1_4\4_20201220 (8158).JPG;1
\vacia\NOANIMAL_ZOO_5_6_7_9\22_20210318 (3128).JPG;0
\ave\OTHERSPECIES_ZOO_5_6_7_9\38_20210618 (865).JPG;1
\gato_domestico\gato_WellingtonCameraTraps_SS\1504151115560888S252.JPG;1
\cervidae\2_corzo_alumno_1_TH\Capcap 12_frame280.jpg;1
\vacia\empty_SnapshotMountainZebra\MTZ_S1_D06_R1_IMAG2933.JPG;0
\vacia\empty_caltechCameraTraps\599fc01b-23d2-11e8-a6a3-ec086b02610b.jpg;0
\vacia\NOANIMAL_ZOO_1_4\34_20210115 (7600).JPG;0
\cervidae\CERVIDREDORFALLOWDEER_ZOO_5_6_7_9\49_20210408 (646).JPG;1
\vacia\vacia_Soraya_Padilla_Alumno_1_TH\STC_0325 (2)_frame190.jpg;0
\micromamiferos\rat_IslandConservationCameraTraps\micronesia_cam10april2019_20190411_214242_rcnx0211.jpg;1
\humanovehiculo\HUMANORVEHICLE_ZOO_1_4\4_20201220 (9232).JPG;1
\vacia\empty_SnapshotMountainZebra\MTZ_S1_D05_R1_IMAG2283.JPG;0
\zorro\fox_CaltechCameraTrap_ME\5a16416c-23d2-11e8-a6a3-ec086b02610b.jpg;1
\vacia\empty_IslandConservationCameraTraps\dominicanrepublic_cam10917mayo2017_20170429_144030_img_0060.jpg;0
\vacia\NOANIMAL_ZOO_5_6_7_9\49_20210615 (3195).JPG;0
\cervidae\Ciervo_PNC_2014_JC\c23352IM000085.JPG;1
\vacia\vacias_2_de_2_PNC_2012_ISAAC\a43540IM000354.JPG;0
\vacia\empty_SnapshotMountainZebra\MTZ_S1_D06_R1_IMAG2878.JPG;0
\humanovehiculo\humano_vehiculo_PNM_2013-O_ISAAC\f10IM000010.JPG;1
\humanovehiculo\humanovehiculo_PNC_2014_manuel\c3896IMAG0006.JPG;1
\jabali\jabali_PNC_2013-O_RED_ISAAC\b5631IM000080.JPG;1
\vacia\NOANIMAL_ZOO_5_6_7_9\24_20210418 (11575).JPG;0
\cervidae\CERVIDREDORFALLOWDEER_ZOO_5_6_7_9\19_20210319 (2577).JPG;1
\humanovehiculo\car_CaltechCameraTrap_ME\vehiculo\58e724cb-23d2-11e8-a6a3-ec086b02610b.jpg;1
\cervidae\CERVIDREDORFALLOWDEER_ZOO_5_6_7_9\28_20210615 (581).JPG;1
\cervidae\Ciervo_PNC_2012_JC\a33685IM000181.JPG;1
\vacia\Nothing_mammalWeb\101001.jpg;0
\humanovehiculo\humanovehiculo_PNC_2014_manuel\c28253FILE0040.JPG;1
\leporido\rabbit_IslandConservationCameraTraps\chile_piedra012013_07042013142938.jpg;1
\vacia\NOANIMAL_ZOO_1_4\15_20210117 (16336).JPG;0
\jabali\Jabalí_PNC_2013-O_ME\b20044IMAG0091.JPG;1
\zorro\Zorro_PNC_2013-O_ME\b6887FILE0040.JPG;1
\vacia\NOANIMAL_ZOO_5_6_7_9\24_20210615 (15122).JPG;0
\vacia\empty_IslandConservationCameraTraps\dominicanrepublic_cam1619octubre2015_20150926_114717_img_0009.jpg;0
\vacia\NOANIMAL_ZOO_1_4\25_20210115 (1455).JPG;0
\vacia\NOANIMAL_ZOO_5_6_7_9\24_20210318 (17057).JPG;0
\cervidae\ciervo_Javi_3_JC\34_20201024 (2539).JPG;1
\ave\ave_ave_WellingtonCameraTraps_SS\080216065138015a1112.JPG;1
\zorro\zorro_PNC_2013-O_RED_ISAAC\b4158IMAG0032.JPG;1
\meloncillo\Meloncillo_PEPE_IREC_JC\IMAG0061_(8).JPG;1
\vacia\NOANIMAL_ZOO_5_6_7_9\32_20210417 (3402).JPG;0
\caballo\HORSE_ZOO_1_4\15_20210117 (1412).JPG;1
\vacia\NOANIMAL_ZOO_1_4\34_20210115 (7797).JPG;0
\ave\ave_ave_WellingtonCameraTraps_SS\091116133952023bs085.JPG;1
\leporido\conejo_Paco_Carro_JC\PICT0640.JPG;1
\vacia\NOANIMAL_ZOO_5_6_7_9\25_20210219 (204) (2021_04_15 06_16_22 UTC).JPG;0
\vacia\empty_SnapshotMountainZebra\MTZ_S1_C06_R1_IMAG2457.JPG;0
\cervidae\CERVIDREDORFALLOWDEER_ZOO_5_6_7_9\28_20210615 (3429).JPG;1
\ave\ave_alumno_1_TH\IMAG0029_frame000.jpg;1
\vaca\COW_ZOO_1_4\21_20201119 (2272).JPG;1
\vacia\vacio_Saul Martin_FRAMES_SIN_REPETIDOS_REVISADOS_DIEGO\IMAG0033_frame500.jpg;0
\vacia\empty_SnapshotMountainZebra\MTZ_S1_D06_R1_IMAG2588.JPG;0
\vacia\NOANIMAL_ZOO_1_4\9_20201712 (2027).JPG;0
\ave\yellow-crowned_night_heron_IslandConservationCameraTraps\puertorico_26_20150530_234823_ek002463.jpg;1
\vacia\empty_caltechCameraTraps\59738903-23d2-11e8-a6a3-ec086b02610b.jpg;0
\cervidae\CERVIDREDORFALLOWDEER_ZOO_1_4\21_20210114 (2122).JPG;1
\cervidae\CERVIDREDORFALLOWDEER_ZOO_5_6_7_9\10_20210618 (4952).JPG;1
\vacia\vacia_alumno_1_TH\Nada (17)_frame090.jpg;0
\cervidae\CERVIDREDORFALLOWDEER_ZOO_1_4\25_20201218 (6156).JPG;1
\leporido\conejo_Paco_Carro_JC\PICT0739 (2).JPG;1
\cervidae\deer_CaltechCameraTrap\59ec52ed-23d2-11e8-a6a3-ec086b02610b.jpg;1
\gato_domestico\gato_WellingtonCameraTraps_SS\2703151722060285S073.JPG;1
\jabali\jabali_PNC_2013-I_RED_ME\8634IMAG0174.JPG;1
\gineta\gineta_Soraya_Padilla_Alumno_1_TH\STC_0109_frame070.jpg;1
\vacia\NOANIMAL_ZOO_1_4\7_20210115 (156).JPG;0
\vacia\Nothing_mammalWeb\70655.jpg;0
\ave\ave_ave_WellingtonCameraTraps_SS\010216191412002as463.JPG;1
\jabali\WILDBOAR_ZOO_1_4\20_20210115 (136).JPG;1
\gato_domestico\gato_WellingtonCameraTraps_SS\150816184548011a5902.JPG;1
\cervidae\Ciervo_PNC_2014_JC\c19387IMAG0149.JPG;1
\leporido\conejo_leo_donana\0000966.JPG;1
\cervidae\gamo_buscar_cab_isaac_sin_contar\9_20201118 (819).JPG;1
\mapache\raccoon_CaltechCameraTrap_ME\59be3f8b-23d2-11e8-a6a3-ec086b02610b.jpg;1
\jabali\WILDBOAR_ZOO_1_4\28_20201019 (1381).JPG;1
\ave\ave_Soraya_Padilla_Alumno_1_TH\DSCF0054_frame110.jpg;1
\cervidae\2_corzo_alumno_2_AM_JC\DSCF0052_frame220.jpg;1
\vacia\NOANIMAL_ZOO_1_4\8_20201218 (81).JPG;0
\gato_domestico\Domestic cat_mammalWeb\47751.jpg;1
\ave\OTHERSPECIES_ZOO_5_6_7_9\49_20210615 (2285).JPG;1
\humanovehiculo\humanovehiculo_PNC_2013-O_RED_ISAAC\b964IM000003.JPG;1
\vacia\NOANIMAL_ZOO_1_4\14_20201118 (28).JPG;0
\vacia\empty_IslandConservationCameraTraps\dominicanrepublic_cam0425abril2015_20130812_053709_sunp1959.jpg;0
\lince\Lince_a_Linces2_Leo_JC\lince102 (221).JPG;1
\leporido\LEPORIDRABBITORHARE_ZOO_5_6_7_9\37_20210220 (606) (2021_04_15 06_16_22 UTC).JPG;1
\vacia\empty_IslandConservationCameraTraps\dominicanrepublic_cam0425abril2015_20130826_010533_sunp5937.jpg;0
\vacia\vacia_alumno_TH_3_TH_JC\30_20201021 (15319).JPG;0
\cervidae\CERVIDREDORFALLOWDEER_ZOO_1_4\15_20210117 (8946).JPG;1
\vacia\empty_SnapshotMountainZebra\MTZ_S1_D03_R3_IMAG0239.JPG;0
\vacia\NOANIMAL_ZOO_1_4\26_20201020 (11880).JPG;0
\jabali\WILDBOAR_ZOO_1_4\31_20201117 (559).JPG;1
\jabali\WILDBOAR_ZOO_1_4\37_20201024 (533).JPG;1
\vacia\NOANIMAL_ZOO_5_6_7_9\25_20210417 (9726).JPG;0
\vaca\COW_ZOO_5_6_7_9\21_20210418 (4100).JPG;1
\vacia\empty_SnapshotMountainZebra\MTZ_S1_D06_R1_IMAG0181.JPG;0
\humanovehiculo\car_CaltechCameraTrap_ME\vehiculo\589607fd-23d2-11e8-a6a3-ec086b02610b.jpg;1
\gato_domestico\gato_WellingtonCameraTraps_SS\221016165608031a1601.JPG;1
\vacia\vacias_1_de_2_PNC_2012_ISAAC\a39214IMAG0957.JPG;0
\vacia\NOANIMAL_ZOO_5_6_7_9\20_20210319 (7804).JPG;0
\vacia\NOANIMAL_ZOO_5_6_7_9\24_20210418 (1172).JPG;0
\tejon\tejon_PNM_2013-O_ME\f14462IMAG0381.JPG;1
\humanovehiculo\humanovehiculo_vacías_humanos_PNC_2012_ME\a23301IM000002.JPG;1
\tejon\Tejon_ME_rev_2_donana\12_20201025 (151).JPG;1
\leporido\LEPORIDRABBITORHARE_ZOO_5_6_7_9\2_20210319 (3542).JPG;1
\caballo\HORSE_ZOO_1_4\10_20201117 (1534).JPG;1
\cervidae\CERVIDREDORFALLOWDEER_ZOO_1_4\13_20201025 (159).JPG;1
\leporido\liebre\Liebre_PNC_2014_JC\c30386IM000021.JPG;1
\lince\Lince_a_Linces2_Leo_JC\lince90 (209).JPG;1
\cervidae\CERVIDREDORFALLOWDEER_ZOO_5_6_7_9\18_20210319 (817).JPG;1
\ave\ave_PNC_2013-O_RED_ISAAC\b11736IMAG0166.JPG;1
\tejon\Tejon_PEPE_IREC_JC\IMAG0174.JPG;1
\caballo\HORSE_ZOO_5_6_7_9\15_20210219 (8649) (2021_04_15 06_16_22 UTC).JPG;1
\vacia\NOANIMAL_ZOO_5_6_7_9\5_20210417 (1326).JPG;0
\vaca\COW_ZOO_1_4\15_20201117 (1372).JPG;1
\vacia\vacias_PNM_2012_ME\d10419IM000479.JPG;0
\ave\Ave_alumno_2_AM_JC\STC_0005 (2)_frame070.jpg;1
\cervidae\deer_CaltechCameraTrap\59830837-23d2-11e8-a6a3-ec086b02610b.jpg;1
\vacia\vacia_Paco_Carro_JC\01130039.JPG;0
\perro\dog_caltechCameraTraps\59b2e9dd-23d2-11e8-a6a3-ec086b02610b.jpg;1
\jabali\Jabali_PNC_2014_JC\c11030FILE0005.JPG;1
\cervidae\CERVIDREDORFALLOWDEER_ZOO_1_4\21_20201025 (5597).JPG;1
\caballo\HORSE_ZOO_1_4\2_20201215 (542).JPG;1
\humanovehiculo\car_CaltechCameraTrap_ME\vehiculo\59260e79-23d2-11e8-a6a3-ec086b02610b.jpg;1
\ave\bird_CaltechCameraTrap\5883e8dc-23d2-11e8-a6a3-ec086b02610b.jpg;1
\vacia\NOANIMAL_ZOO_1_4\6_20201116 (4253).JPG;0
\gato_domestico\gato_WellingtonCameraTraps_SS\0504151459180224S162.JPG;1
\vacia\NOANIMAL_ZOO_1_4\26_20201020 (10674).JPG;0
\humanovehiculo\humanovehiculo_PNC_2014_manuel\c7209IM000007.JPG;1
\zorro\zorro_PNC_2012_JC\a23128IM000063.JPG;1
\vacia\NOANIMAL_ZOO_1_4\7_20210115 (680).JPG;0
\vaca\COW_ZOO_1_4\21_20210114 (2024).JPG;1
\vacia\empty_caltechCameraTraps\59df5ede-23d2-11e8-a6a3-ec086b02610b.jpg;0
\jabali\WILDBOAR_ZOO_1_4\33_20201025 (112).JPG;1
\cervidae\ciervo_Paco_Carro_JC\PICT0493.JPG;1
\vacia\NOANIMAL_ZOO_1_4\34_20210115 (8744).JPG;0
\lince\Lince_a_Linces2_Leo_JC\lince110 (44).jpg;1
\zorro\zorro_Leo_Otra_fauna_PASADA_POR_LA_RED_JC\Otrafauna (120).jpg;1
\cervidae\gamo_Javi_3_JC\9_20201025 (466).JPG;1
\cervidae\ciervo_PNC_2014_ISAAC\c23842IMAG0170.JPG;1
\jabali\WILDBOAR_ZOO_1_4\31_20201117 (234).JPG;1
\ave\ave_ave_WellingtonCameraTraps_SS\031116125024003a7262.JPG;1
\cervidae\CERVIDREDORFALLOWDEER_ZOO_1_4\26_20201117 (3066).JPG;1
\vacia\NOANIMAL_ZOO_5_6_7_9\50_20210417 (19201).JPG;0
\cervidae\ciervo_vacías_humanos_PNC_2012_ME\a44307IMAG0091.JPG;1
\vacia\vacio_Saul Martin_FRAMES_SIN_REPETIDOS_REVISADOS_DIEGO\IMAG0023_frame560 - copia.jpg;0
\caballo\HORSE_ZOO_5_6_7_9\46_20210618 (1378).JPG;1
\vaca\COW_ZOO_1_4\21_20201025 (3480).JPG;1
\vacia\vacias_PNC_2014_ISAAC\c1531IM000529.JPG;0
\vaca\COW_ZOO_1_4\21_20210114 (2777).JPG;1
\vacia\NOANIMAL_ZOO_1_4\6_20201812 (12914).JPG;0
\vacia\NOANIMAL_ZOO_5_6_7_9\19_20210618 (617).JPG;0
\jabali\Jabali_PNC_2014_JC\c23610IM000062.JPG;1
\zorro\Zorro_Pepe_IREC\Zorro_Pepe_Irec_ME\IMAG0125_(3).JPG;1
\vacia\NOANIMAL_ZOO_1_4\7_20210115 (1940).JPG;0
\vacia\empty_SnapshotKaroo\KAR_S1_A01_R1_IMAG00111.JPG;0
\vacia\empty_caltechCameraTraps\59d0e2df-23d2-11e8-a6a3-ec086b02610b.jpg;0
\cervidae\CERVIDREDORFALLOWDEER_ZOO_1_4\21_20201025 (2267).JPG;1
\cervidae\CERVIDREDORFALLOWDEER_ZOO_1_4\25_20201024 (914).JPG;1
\vacia\vacias_PNC_2014_ISAAC\c5412IM000090.JPG;0
\vaca\COW_ZOO_1_4\15_20201024 (3048).JPG;1
\vaca\COW_ZOO_1_4\21_20201025 (2100).JPG;1
\cervidae\CERVIDREDORFALLOWDEER_ZOO_5_6_7_9\44_20210618 (1300).JPG;1
\cervidae\ciervo_PNC_2013-O_RED_ISAAC\b6766FILE0068.JPG;1
\vacia\empty_SnapshotMountainZebra\MTZ_S1_D07_R1_IMAG0317.JPG;0
\humanovehiculo\humano_vehiculo_PNC_2012_ISAAC\a10920IM000005.JPG;1
\vacia\empty_IslandConservationCameraTraps\dominicanrepublic_cam0527septiembre2015_20130805_112926_sunp0489.jpg;0
\jabali\jabali_Paco_Carro_camarasliron_4_2_PASADAS_POR_LA_RED_JC\MDGC0169.JPG;1
\vacia\NOANIMAL_ZOO_5_6_7_9\2_20210417 (5790).JPG;0
\gato_domestico\gato_WellingtonCameraTraps_SS\1307151356500237S063.JPG;1
\ave\American Crow_ena24\8102.jpg;1
\cervidae\2_corzo_alumno_2_AM_JC\STC_0355_frame200.jpg;1
\cervidae\CERVIDREDORFALLOWDEER_ZOO_5_6_7_9\38_20210618 (273).JPG;1
\vacia\vacia_Paco_Carro_JC\01130586.JPG;0
\vacia\NOANIMAL_ZOO_1_4\26_20201020 (14633).JPG;0
\leporido\rabbit_IslandConservationCameraTraps\chile_frances022013_25042013225153.jpg;1
\gineta\gineta_PNM_2013-O_ISAAC\f8702IM000179.JPG;1
\cervidae\ciervo_PNC_2013-I_RED_ME\6275IM000160.JPG;1
\vacia\NOANIMAL_ZOO_5_6_7_9\32_20210615 (11657).JPG;0
\vacia\empty_SnapshotMountainZebra\MTZ_S1_D06_R1_IMAG2589.JPG;0
\vacia\empty_IslandConservationCameraTraps\ecuador1_cam1612_20150215_230710_img_1576.jpg;0
\vacia\NOANIMAL_ZOO_5_6_7_9\22_20210615 (50).JPG;0
\cervidae\ciervo_ME_rev_1_donana\26_20201020 (1848).JPG;1
\humanovehiculo\humanovehiculo_vacías_humanos_PNC_2012_ME\a33760IM000001.JPG;1
\jabali\WILDBOAR_ZOO_1_4\15_20210117 (6902).JPG;1
\gato_domestico\gato_WellingtonCameraTraps_SS\120416060848046b0152.JPG;1
\ave\ave_PNC_2013-O_RED_ISAAC\b5042IMAG0934.JPG;1
\vaca\COW_ZOO_5_6_7_9\21_20210418 (937).JPG;1
\vacia\empty_SnapshotKruger\KRU_S1_8_R1_IMAG1033.JPG;0
\ave\OTHERSPECIES_ZOO_5_6_7_9\50_20210417 (59).JPG;1
\vacia\NOANIMAL_ZOO_1_4\6_20201812 (11811).JPG;0
\cervidae\ciervo_vacías_humanos_PNC_2012_ME\a19124IM000253.JPG;1
\cervidae\CERVIDREDORFALLOWDEER_ZOO_5_6_7_9\36_20210319 (655).JPG;1
\jabali\WILDBOAR_ZOO_5_6_7_9\31_20210219 (1346) (2021_04_15 06_16_22 UTC).JPG;1
\vacia\vacia_Paco_Carro_JC\01130642 (2).JPG;0
\jabali\2_Jabali_PNC_2013-O_ME\b6541IM000019.JPG;1
\leporido\rabbit_IslandConservationCameraTraps\chile_frances012013_1401201352929.jpg;1
\zorro\Zorro_PNC_2014_JC\c28064IM000063.JPG;1
\vacia\empty_IslandConservationCameraTraps\puertorico_26_20150504_163717_ek001805.jpg;0
\vacia\Nothing_mammalWeb\7773.jpg;0
\vacia\empty_IslandConservationCameraTraps\ecuador1_ic1610_20180711_141449_img_0047.jpg;0
\vacia\NOANIMAL_ZOO_1_4\15_20210117 (6003).JPG;0
\vacia\NOANIMAL_ZOO_5_6_7_9\36_20210618 (7845).JPG;0
\cervidae\ciervo_simone_2\34_20201024 (6336).JPG;1
\vacia\NOANIMAL_ZOO_1_4\10_20201117 (789).JPG;0
\vacia\NOANIMAL_ZOO_5_6_7_9\39_20210615 (2700).JPG;0
\cervidae\CERVIDREDORFALLOWDEER_ZOO_1_4\18_20210115 (2695).JPG;1
\humanovehiculo\humanovehiculo_Caltech\598de8fe-23d2-11e8-a6a3-ec086b02610b.jpg;1
\leporido\conejo_Paco_Carro_JC\PICT0676.JPG;1
\vacia\empty_IslandConservationCameraTraps\dominicanrepublic_cam1125abril2015_20150406_165913_img_0407.jpg;0
\cervidae\CERVIDREDORFALLOWDEER_ZOO_1_4\34_20201024 (4907).JPG;1
\vacia\NOANIMAL_ZOO_5_6_7_9\9_20210615 (1204).JPG;0
\lince\Lince_a_Linces2_Leo_JC\lince90 (116).JPG;1
\garduna\garduna_PNM_2013-O_ME\f4450IM000110.JPG;1
\vacia\NOANIMAL_ZOO_1_4\42_20210114 (214).JPG;0
\cervidae\CERVIDREDORFALLOWDEER_ZOO_5_6_7_9\22_20210318 (6468).JPG;1
\vacia\NOANIMAL_ZOO_1_4\37_20201024 (4218).JPG;0
\cervidae\ciervo_vacías_humanos_PNC_2012_ME\a6565IM000055.JPG;1
\cervidae\Ciervo_PNC_2014_JC\c26412IM000016.JPG;1
\caballo\HORSE_ZOO_5_6_7_9\15_20210219 (8255) (2021_04_15 06_16_22 UTC).JPG;1
\vacia\empty_IslandConservationCameraTraps\puertorico_23_20150114_010034_ek001586.jpg;0
\leporido\conejo_WellingtonCameraTraps_SS\300616165024016bs161.JPG;1
\jabali\jabali_PNC_2014_manuel\c5970IM000164.JPG;1
\cervidae\Ciervo_PNC_2012_JC\a12541IM000957.JPG;1
\vacia\NOANIMAL_ZOO_5_6_7_9\25_20210319 (7753).JPG;0
\leporido\rabbit_CaltechCameraTrap_ME\595def2a-23d2-11e8-a6a3-ec086b02610b.jpg;1
\vacia\NOANIMAL_ZOO_5_6_7_9\35_20210418 (331).JPG;0
\vacia\NOANIMAL_ZOO_5_6_7_9\32_20210218 (2611) (2021_04_15 06_16_22 UTC).JPG;0
\meloncillo\Meloncillo_PEPE_IREC_JC\IMAG0776_(2).JPG;1
\vacia\vacia_Paco_Carro_JC\01110622.JPG;0
\vacia\NOANIMAL_ZOO_1_4\20_20210115 (1585).JPG;0
\lince\linces_fecha_Linces2_Leo_JC\2_Lince_flecha_Linces2_Leo_JC\lince171 (101).JPG;1
\zorro\zorro_PNC_2013-I_RED_ME\657IM000076.JPG;1
\leporido\conejo_WellingtonCameraTraps_SS\170816165634011bs103.JPG;1
\vacia\NOANIMAL_ZOO_1_4\7_20210115 (3325).JPG;0
\cervidae\Cervidae1___diego_1_rev_donana\26_20201020 (16194).JPG;1
\ave\bird_CaltechCameraTrap\59594f21-23d2-11e8-a6a3-ec086b02610b.jpg;1
\cervidae\2_ciervo_simone_2\37_20201024 (10767).JPG;1
\vacia\NOANIMAL_ZOO_1_4\6_20201812 (14639).JPG;0
\cervidae\CERVIDREDORFALLOWDEER_ZOO_1_4\39_20210115 (18).JPG;1
\vacia\NOANIMAL_ZOO_5_6_7_9\39_20210417 (3853).JPG;0
\vacia\empty_IslandConservationCameraTraps\dominicanrepublic_cam1725abril2015_20150414_081204_img_0516.jpg;0
\vacia\NOANIMAL_ZOO_5_6_7_9\2_20210319 (9134).JPG;0
\lince\Lince_b_Linces2_Leo_JC\lince134 (109).JPG;1
\vacia\empty_caltechCameraTraps\59a94c36-23d2-11e8-a6a3-ec086b02610b.jpg;0
\jabali\WILDBOAR_ZOO_5_6_7_9\28_20210417 (1861).JPG;1
\ave\ave_IslandConservationCameraTraps\ecuador2_ic1605_20181024_050224_img_0168.jpg;1
\cervidae\Ciervo_PNC_2012_JC\a7113IM000149.JPG;1
\gato_domestico\cat_CaltechCameraTrap\5a1fe61b-23d2-11e8-a6a3-ec086b02610b.jpg;1
\vacia\NOANIMAL_ZOO_5_6_7_9\50_20210417 (23122).JPG;0
\ave\OTHERSPECIES_ZOO_5_6_7_9\38_20210618 (3004).JPG;1
\ave\ave_ave_WellingtonCameraTraps_SS\090116084444024cs082.JPG;1
\vacia\empty_IslandConservationCameraTraps\dominicanrepublic_cam1826junio2015_20150505_115909_img_2734.jpg;0
\vacia\SnampshotEnonkishu\ENO_S1_D06_R1_IMAG4459.JPG;0
\vacia\vacia_alumno_AM_2\12_20201025 (114).JPG;0
\zorro\REDFOX_ZOO_1_4\32_20201218 (442).JPG;1
\gato_domestico\Domestic cat_mammalWeb\10221.jpg;1
\leporido\conejo_PNM_2012_ISAAC\d4510IM000787.JPG;1
\cervidae\CIERVO_PNM_2013-I_ISAAC\e4310IM000018.JPG;1
\vacia\NOANIMAL_ZOO_5_6_7_9\24_20210219 (3050) (2021_04_15 06_16_22 UTC).JPG;0
\ave\Chicken_ena24\6167.jpg;1
\zorro\fox_CaltechCameraTrap_ME\5a0b0102-23d2-11e8-a6a3-ec086b02610b.jpg;1
\cervidae\CERVIDREDORFALLOWDEER_ZOO_5_6_7_9\19_20210618 (2318).JPG;1
\vacia\NOANIMAL_ZOO_1_4\34_20210115 (5576).JPG;0
\jabali\WILDBOAR_ZOO_5_6_7_9\12_20210219 (163) (2021_04_15 06_16_22 UTC).JPG;1
\leporido\rabbit_IslandConservationCameraTraps\chile_frances022013_14052013140904.jpg;1
\humanovehiculo\car_CaltechCameraTrap_ME\vehiculo\590d2ac2-23d2-11e8-a6a3-ec086b02610b.jpg;1
\cervidae\6_ciervo_alumno_2_2_TH_JC\34_20201024 (1920).JPG;1
\leporido\rabbit_CaltechCameraTrap_ME\586934f5-23d2-11e8-a6a3-ec086b02610b.jpg;1
\vaca\COW_ZOO_1_4\15_20201024 (7676).JPG;1
\vacia\vacias_PNM_2013-O_ISAAC\f13384IMAG0421.JPG;0
\vacia\vacia_Paco_Carro_JC\01130035.JPG;0
\cervidae\CERVIDREDORFALLOWDEER_ZOO_5_6_7_9\2_20210219 (4762) (2021_04_15 06_16_22 UTC).JPG;1
\vacia\NOANIMAL_ZOO_1_4\15_20210117 (278).JPG;0
\vacia\empty_IslandConservationCameraTraps\micronesia_cam16april2019_20190413_173503_rcnx0030.jpg;0
\vacia\NOANIMAL_ZOO_1_4\13_20201219 (493).JPG;0
\leporido\conejo_Paco_Carro_JC\PICT0310.JPG;1
\caballo\HORSE_ZOO_5_6_7_9\15_20210219 (8225) (2021_04_15 06_16_22 UTC).JPG;1
\gato_domestico\cat_IslandConservationCameraTraps\palau_cam13a12132018_20181129_010829_rcnx1625.jpg;1
\cervidae\ciervo_PNM_2012_ME\d11872IM000050.JPG;1
\ave\shearwater_IslandConservationCameraTraps\chile_vaqueria2013_2812201245752.jpg;1
\vacia\SnampshotEnonkishu\ENO_S1_D05_R1_IMAG0219.JPG;0
\ave\megapode_IslandConservationCameraTraps\palau_cam10a12122018_20180824_093927_rcnx0205.jpg;1
\vacia\empty_IslandConservationCameraTraps\ecuador2_ic1604_20181027_152622_img_0067.jpg;0
\ave\ave_ave_WellingtonCameraTraps_SS\080816163702027c9231.JPG;1
\vacia\NOANIMAL_ZOO_1_4\6_20201812 (8780).JPG;0
\ave\OTHERSPECIES_ZOO_5_6_7_9\2_20210219 (608) (2021_04_15 06_16_22 UTC).JPG;1
\perro\perro_WellingtonCameraTraps_SS\09101518183602359702.JPG;1
\meloncillo\Meloncillo_PEPE_IREC_JC\IMAG0045_(3).JPG;1
\perro\dog_caltechCameraTraps\598944eb-23d2-11e8-a6a3-ec086b02610b.jpg;1
\vacia\NOANIMAL_ZOO_5_6_7_9\49_20210615 (22737).JPG;0
\leporido\rabbit_IslandConservationCameraTraps\chile_piedra012013_0103201303022.jpg;1
\jabali\WILDBOAR_ZOO_5_6_7_9\28_20210417 (4561).JPG;1
\ave\bird_CaltechCameraTrap\595dee0d-23d2-11e8-a6a3-ec086b02610b.jpg;1
\vaca\COW_ZOO_1_4\24_20201019 (1306).JPG;1
\vacia\NOANIMAL_ZOO_5_6_7_9\20_20210219 (1469) (2021_04_15 06_16_22 UTC).JPG;0
\vacia\NOANIMAL_ZOO_5_6_7_9\32_20210615 (17142).JPG;0
\ave\ave_vacías_humanos_PNC_2012_ME\a7743IM000078.JPG;1
\vacia\NOANIMAL_ZOO_5_6_7_9\50_20210408 (24775).JPG;0
\cervidae\deer_CaltechCameraTrap\5883e85b-23d2-11e8-a6a3-ec086b02610b.jpg;1
\cervidae\CERVIDREDORFALLOWDEER_ZOO_5_6_7_9\5_20210219 (183) (2021_04_15 06_16_22 UTC).JPG;1
\jabali\WILDBOAR_ZOO_1_4\32_20210114 (405).JPG;1
\vacia\vacias_2_de_2_PNC_2012_ISAAC\a6220IM001024.JPG;0
\jabali\jabali_vacías_humanos_PNC_2012_ME\a35174IM000030.JPG;1
\lince\Lince_b_Linces2_Leo_JC\lince216 (233).jpg;1
\ave\ave_PNC_2013-O_RED_ISAAC\b4458IMAG0333.JPG;1
\cervidae\CERVIDREDORFALLOWDEER_ZOO_5_6_7_9\35_20210418 (1260).JPG;1
\cervidae\CERVIDREDORFALLOWDEER_ZOO_5_6_7_9\50_20210408 (27362).JPG;1
\micromamiferos\rat_IslandConservationCameraTraps\micronesia_cam17april2019_20190412_022837_rcnx0173.jpg;1
\vacia\NOANIMAL_ZOO_5_6_7_9\2_20210417 (20649).JPG;0
\jabali\WILDBOAR_ZOO_1_4\11_20210114 (955).JPG;1
\cervidae\CERVIDREDORFALLOWDEER_ZOO_1_4\4_20210117 (3934).JPG;1
\jabali\WILDBOAR_ZOO_1_4\20_20201215 (345).JPG;1
\leporido\LEPORIDRABBITORHARE_ZOO_5_6_7_9\11_20210318 (2218).JPG;1
\cervidae\CERVIDREDORFALLOWDEER_ZOO_1_4\18_20210115 (1773).JPG;1
\vaca\COW_ZOO_1_4\21_20201217 (206).JPG;1
\micromamiferos\micromamiferos_Paco_Carro_JC\PICT0395 (2).JPG;1
\cervidae\ciervo_vacías_humanos_PNC_2012_ME\a15910IMAG0311.JPG;1
\vacia\empty_caltechCameraTraps\5a2e133e-23d2-11e8-a6a3-ec086b02610b.jpg;0
\lince\Lince_a_Linces2_Leo_JC\lince122 (125).JPG;1
\caballo\caballos_simone\4_20201220 (7685).JPG;1
\zorro\REDFOX_ZOO_1_4\11_20210114 (587).JPG;1
\vacia\vacia_alumno_1_TH\Nada (21)_frame030.jpg;0
\ave\ave_Paco_Carro_JC\PICT0210.JPG;1
\vacia\NOANIMAL_ZOO_1_4\29_20201117 (609).JPG;0
\zorro\zorro_PNC_2013-O_RED_ISAAC\b884IM000029.JPG;1
\jabali\WILDBOAR_ZOO_1_4\1_20201220 (106).JPG;1
\vacia\empty_IslandConservationCameraTraps\dominicanrepublic_cam1725abril2015_20150415_074306_img_0588.jpg;0
\tejon\Tejon_PEPE_IREC_JC\IMAG0030.JPG;1
\cervidae\CERVIDREDORFALLOWDEER_ZOO_5_6_7_9\39_20210318 (288).JPG;1
\vacia\NOANIMAL_ZOO_1_4\34_20210115 (3038).JPG;0
\zorro\Zorro_Pepe_IREC\Zorro_Pepe_Irec_ME\IMAG0324_(5).JPG;1
\lince\Lince_b_Linces2_Leo_JC\lince150 (59).JPG;1
\ave\OTHERSPECIES_ZOO_5_6_7_9\15_20210219 (9092) (2021_04_15 06_16_22 UTC).JPG;1
\tejon\Tejon_PEPE_IREC_JC\IMAG0024.JPG;1
\vaca\COW_ZOO_1_4\21_20201217 (3328).JPG;1
\vacia\empty_IslandConservationCameraTraps\ecuador1_cam1612_20150225_020539_img_1725.jpg;0
\zorro\fox_CaltechCameraTrap_ME\59cf4770-23d2-11e8-a6a3-ec086b02610b.jpg;1
\jabali\WILDBOAR_ZOO_1_4\29_20201023 (973).JPG;1
\vacia\vacia_Paco_Carro_JC\MDGC0571.JPG;0
\jabali\jabali_buscar_cab_isaac_sin_contar\28_20201117 (1254).JPG;1
\vacia\NOANIMAL_ZOO_1_4\34_20210115 (5116).JPG;0
\vaca\COW_ZOO_1_4\21_20201025 (3556).JPG;1
\lince\Lince_b_Linces2_Leo_JC\lince216 (120).jpg;1
\jabali\WILDBOAR_ZOO_1_4\15_20210117 (6665).JPG;1
\vacia\vacias_1_de_2_PNC_2012_ISAAC\a39013IMAG0761.JPG;0
\vacia\NOANIMAL_ZOO_1_4\6_20201116 (3097).JPG;0
\zorro\Zorro_PNM_2013-0_ME\f20352IM000095.JPG;1
\cervidae\ciervo_simone_2\34_20201024 (4154).JPG;1
\humanovehiculo\humanovehiculo_vacías_humanos_PNC_2012_ME\a7411IM000012.JPG;1
\cervidae\CERVIDREDORFALLOWDEER_ZOO_5_6_7_9\19_20210319 (719).JPG;1
\cervidae\CERVIDREDORFALLOWDEER_ZOO_5_6_7_9\42_20210618 (148).JPG;1
\vacia\vacia_javi_2_JC\27_20201023 (1105).JPG;0
\zorro\zorro_PNM_2012_ME\d11225IMAG0016.JPG;1
\vacia\Vacia_ME_rev_1_donana\36_20201019 (1140).JPG;0
\gato_domestico\gato_WellingtonCameraTraps_SS\0606151146300242L241.JPG;1
\ave\Chicken_ena24\5872.jpg;1
\cervidae\cervido_simone_2\34_20201024 (5461).JPG;1
\micromamiferos\rat_IslandConservationCameraTraps\micronesia_cam06_cam06june2019_pig_20190629191817_11350.jpg;1
\vacia\NOANIMAL_ZOO_5_6_7_9\1_20210219 (99) (2021_04_15 06_16_22 UTC).JPG;0
\lince\Lince_b_Linces2_Leo_JC\lince228 (505).JPG;1
\cervidae\cervido_simone_2\34_20201024 (4023).JPG;1
\ave\ave_ave_WellingtonCameraTraps_SS\10111504330603249703.JPG;1
\vaca\COW_ZOO_1_4\21_20201119 (2621).JPG;1
\vacia\empty_IslandConservationCameraTraps\micronesia_cam16_cam16june2019_20190620185003_rcnx4006.jpg;0
\cervidae\ciervo_PNC_2013-O_RED_ISAAC\b17000IMAG0075.JPG;1
\cervidae\ciervo_simone_2\37_20201024 (7982).JPG;1
\vacia\NOANIMAL_ZOO_5_6_7_9\36_20210618 (4374).JPG;0
\zorro\REDFOX_ZOO_5_6_7_9\47_20210615 (1021).JPG;1
\jabali\jabali_PNC_2014_manuel\c11486IMAG0254.JPG;1
\cervidae\CERVIDREDORFALLOWDEER_ZOO_1_4\26_20201117 (1105).JPG;1
\cervidae\ciervo_simone_2\34_20201024 (3539).JPG;1
\ave\raven_IslandConservationCameraTraps\dominicanrepublic_cam11101agosto2017_20170730_165013_img_0543.jpg;1
\vacia\empty_SnapshotMountainZebra\MTZ_S1_D06_R1_IMAG2123.JPG;0
\leporido\rabbit_IslandConservationCameraTraps\chile_frances012013_14122012184535.jpg;1
\vacia\Nothing_mammalWeb\10342.jpg;0
\cervidae\ciervo_Javi_3_JC\21_20201025 (1877).JPG;1
\cervidae\CERVIDREDORFALLOWDEER_ZOO_1_4\25_20201117 (27).JPG;1
\vacia\NOANIMAL_ZOO_5_6_7_9\49_20210418 (4897).JPG;0
\caballo\caballos_javier_JC\2_20201117 (214).JPG;1
\vacia\empty_IslandConservationCameraTraps\dominicanrepublic_cam1125abril2015_20150413_162044_img_1255.jpg;0
\cervidae\CERVIDREDORFALLOWDEER_ZOO_5_6_7_9\38_20210219 (1412) (2021_04_15 06_16_22 UTC).JPG;1
\garduna\GARDUÑA_PNM_2013-I_ISAAC\e3063IM000028.JPG;1
\zorro\Zorro_Pepe_IREC\Zorro_Pepe_Irec_ME\IMAG0246_(6).JPG;1
\vacia\empty_SnapshotKaroo\KAR_S1_C03_R1_IMAG1136.JPG;0
\humanovehiculo\car_CaltechCameraTrap_ME\humanovehiculo\59ac6bf1-23d2-11e8-a6a3-ec086b02610b.jpg;1
\cervidae\CERVIDREDORFALLOWDEER_ZOO_1_4\21_20201025 (4858).JPG;1
\cervidae\CERVIDREDORFALLOWDEER_ZOO_1_4\37_20201024 (12426).JPG;1
\vacia\empty_caltechCameraTraps\59adfc14-23d2-11e8-a6a3-ec086b02610b.jpg;0
\vacia\NOANIMAL_ZOO_1_4\6_20201116 (2557).JPG;0
\vaca\cow_CaltechCameraTrap\590ebe2a-23d2-11e8-a6a3-ec086b02610b.jpg;1
\cervidae\CERVIDREDORFALLOWDEER_ZOO_1_4\28_20210115 (2096).JPG;1
\cervidae\deer_CaltechCameraTrap\5879d482-23d2-11e8-a6a3-ec086b02610b.jpg;1
\gato_domestico\cat_IslandConservationCameraTraps\puertorico_20_20141219_000008_img_0204.jpg;1
\humanovehiculo\car_CaltechCameraTrap_ME\vehiculo\58e0f632-23d2-11e8-a6a3-ec086b02610b.jpg;1
\vacia\vacio_Saul Martin_FRAMES_SIN_REPETIDOS_REVISADOS_DIEGO\IMAG0026_frame380.jpg;0
\zorro\Red fox_mammalWeb\43288.jpg;1
\humanovehiculo\car_CaltechCameraTrap_ME\vehiculo\59bca35f-23d2-11e8-a6a3-ec086b02610b.jpg;1
\vacia\empty_IslandConservationCameraTraps\ecuador1_cam1612_20150212_023044_img_1483.jpg;0
\vacia\NOANIMAL_ZOO_1_4\21_20201217 (2612).JPG;0
\cervidae\ciervo_simone_2\42_20201026 (189).JPG;1
\tejon\tejon_alumno_2_AM_JC\STC_0070_frame010.jpg;1
\ave\aves_fotosManuelEmilio20200912\IMG_0854.JPG;1
\vacia\NOANIMAL_ZOO_5_6_7_9\25_20210417 (2318).JPG;0
\tejon\Tejon_PEPE_IREC_JC\CA_19-02.23-02_03.JPG;1
\zorro\zorro_PNM_2013-O_ISAAC\f4424IM000082.JPG;1
\meloncillo\Meloncillo_PEPE_IREC_JC\IMAG0112.JPG;1
\leporido\conejo_Paco_Carro_JC\PICT0841 (2).JPG;1
\cervidae\CERVIDREDORFALLOWDEER_ZOO_5_6_7_9\2_20210417 (2255).JPG;1
\jabali\WILDBOAR_ZOO_5_6_7_9\1_20210219 (515) (2021_04_15 06_16_22 UTC).JPG;1
\leporido\Eastern Cottontail_ena24\865.jpg;1
\vaca\COW_ZOO_1_4\15_20201024 (3022).JPG;1
\jabali\WILDBOAR_ZOO_1_4\33_20201025 (178).JPG;1
\vacia\NOANIMAL_ZOO_1_4\41_20201218 (19).JPG;0
\cervidae\CERVIDREDORFALLOWDEER_ZOO_5_6_7_9\5_20210319 (2967).JPG;1
\cervidae\ciervo_PNM_2012_ME\d16059IMAG0010.JPG;1
\cervidae\cervidae_2_ME_rev_1_donana\37_20201024 (1338).JPG;1
\gato_domestico\cat_CaltechCameraTrap\59452df9-23d2-11e8-a6a3-ec086b02610b.jpg;1
\humanovehiculo\HUMANORVEHICLE_ZOO_5_6_7_9\48_20210615 (14).JPG;1
\jabali\WILDBOAR_ZOO_1_4\37_20201024 (319).JPG;1
\micromamiferos\rat_IslandConservationCameraTraps\micronesia_cam06_cam06june2019_pig_20190629194902_1984.jpg;1
\jabali\WILDBOAR_ZOO_1_4\37_20201215 (1668).JPG;1
\leporido\conejo_Paco_Carro_JC\PICT1406 (2).JPG;1
\jabali\WILDBOAR_ZOO_1_4\37_20201116 (10883).JPG;1
\vacia\Nothing_mammalWeb\76299.jpg;0
\vacia\Nothing_mammalWeb\41379.jpg;0
\vacia\vacia_buscar_cab_isaac_sin_contar\9_20201118 (38).JPG;0
\vacia\empty_IslandConservationCameraTraps\puertorico_9a_20141227_104411_img_0036.jpg;0
\cervidae\CERVIDREDORFALLOWDEER_ZOO_5_6_7_9\47_20210418 (1565).JPG;1
\vacia\empty_SnapshotMountainZebra\MTZ_S1_D05_R1_IMAG1436.JPG;0
\cervidae\Ciervo_PNC_2012_JC\a32387IM000491.JPG;1
\gato_domestico\gato_WellingtonCameraTraps_SS\1503151539420106S471.JPG;1
\vaca\cow_CaltechCameraTrap\58a37d68-23d2-11e8-a6a3-ec086b02610b.jpg;1
\cervidae\ciervo_PNC_2014_ISAAC\c21571IM000125.JPG;1
\vacia\empty_caltechCameraTraps\59500608-23d2-11e8-a6a3-ec086b02610b.jpg;0
\cervidae\ciervo_Paco_Carro_JC\MDGC0325.JPG;1
\vacia\empty_SnapshotMountainZebra\MTZ_S1_C04_R3_IMAG0280.JPG;0
\leporido\Lagomorpha1__diego_2_rev_donana\21_20201025 (1425).JPG;1
\gato_domestico\cat_CaltechCameraTrap\59a30a1f-23d2-11e8-a6a3-ec086b02610b.jpg;1
\jabali\jabali_PNC_2013-O_RED_ISAAC\b13666IM000082.JPG;1
\leporido\rabbit_CaltechCameraTrap_ME\59531cd1-23d2-11e8-a6a3-ec086b02610b.jpg;1
\vacia\NOANIMAL_ZOO_1_4\26_20201020 (7169).JPG;0
\jabali\WILDBOAR_ZOO_1_4\20_20210115 (987).JPG;1
\gato_domestico\cat_IslandConservationCameraTraps\palau_cam13a12132018_20181121_103806_rcnx1508.jpg;1
\vaca\COW_ZOO_5_6_7_9\35_20210218 (993) (2021_04_15 06_16_22 UTC).JPG;1
\vacia\NOANIMAL_ZOO_5_6_7_9\19_20210319 (1082).JPG;0
\caballo\caballos_TH_JC\17_20201225 (40).JPG;1
\cervidae\CERVIDREDORFALLOWDEER_ZOO_5_6_7_9\38_20210219 (4806) (2021_04_15 06_16_22 UTC).JPG;1
\vaca\COW_ZOO_5_6_7_9\21_20210418 (353).JPG;1
\vacia\empty_SnapshotKaroo\KAR_S1_C03_R1_IMAG1210.JPG;0
\leporido\conejo_WellingtonCameraTraps_SS\1404150709020888S252.JPG;1
\meloncillo\Meloncillo_PEPE_IREC_JC\IMAG0742.JPG;1
\vacia\vacia_alumno_2_AM_JC\DSCF0035_frame170.jpg;0
\leporido\conejo_Paco_Carro_JC\PICT1667.JPG;1
\vacia\vacia_alumno_AM_2\40_20201024 (4390).JPG;0
\vacia\NOANIMAL_ZOO_1_4\26_20201020 (16051).JPG;0
\vacia\vacias_ME_CASA\IMG_0485.JPG;0
\vacia\NOANIMAL_ZOO_1_4\37_20201116 (9043).JPG;0
\vacia\vacias_1_de_2_PNC_2012_ISAAC\a44438IM000021.JPG;0
\cervidae\Ciervo_PNC_2014_JC\c4622IM000039.JPG;1
\zorro\zorro_PNM_2013-O_ISAAC\f17299IM000244.JPG;1
\vacia\NOANIMAL_ZOO_1_4\34_20210115 (1995).JPG;0
\zorro\zorro_vacías_humanos_PNC_2012_ME\a40621IMAG0077.JPG;1
\ave\petrel_chick_IslandConservationCameraTraps\ecuador2_ic1607_20150101_000114_img_0104.jpg;1
\ave\white-winged_dove_IslandConservationCameraTraps\dominicanrepublic_cam11101agosto2017_20170617_075741_img_0212.jpg;1
\vaca\COW_ZOO_1_4\21_20201217 (3513).JPG;1
\vacia\NOANIMAL_ZOO_1_4\34_20210115 (8859).JPG;0
\cervidae\CERVIDREDORFALLOWDEER_ZOO_5_6_7_9\42_20210618 (150).JPG;1
\vacia\NOANIMAL_ZOO_1_4\37_20201116 (12656).JPG;0
\vacia\empty_IslandConservationCameraTraps\dominicanrepublic_cam1125abril2015_20150406_145444_img_0353.jpg;0
\micromamiferos\rat_IslandConservationCameraTraps\micronesia_cam15april2019_20190412_033024_rcnx0095.jpg;1
\vacia\vacias_2_de_2_PNC_2012_ISAAC\a10631IM000054.JPG;0
\vacia\NOANIMAL_ZOO_5_6_7_9\22_20210417 (275).JPG;0
\cervidae\cervidae_buscar_cab_isaac_sin_contar\4_20201220 (758).JPG;1
\jabali\WILDBOAR_ZOO_1_4\29_20201023 (477).JPG;1
\cervidae\CERVIDREDORFALLOWDEER_ZOO_5_6_7_9\28_20210615 (3872).JPG;1
\ave\ave_ave_WellingtonCameraTraps_SS\081116131604040cs101.JPG;1
\tejon\Badger_mammalWeb\63705.jpg;1
\vacia\NOANIMAL_ZOO_1_4\31_20201023 (316).JPG;0
\vacia\empty_IslandConservationCameraTraps\dominicanrepublic_cam0425abril2015_20130809_050120_sunp1791.jpg;0
\vacia\NOANIMAL_ZOO_5_6_7_9\2_20210618 (18529).JPG;0
\mapache\raccoon_CaltechCameraTrap_ME\5971f812-23d2-11e8-a6a3-ec086b02610b.jpg;1
\cervidae\ciervo_PNC_2012_ISAAC\a19134IM000263.JPG;1
\vacia\NOANIMAL_ZOO_5_6_7_9\50_20210408 (9130).JPG;0
\cervidae\ciervo_PNC_2013-I_ME\3705IM000217.JPG;1
\humanovehiculo\humanovehiculo_PNC_2014_manuel\c22968IM000012.JPG;1
\vacia\vacias_2_de_2_PNC_2012_ISAAC\a4028IM000027.JPG;0
\humanovehiculo\humano_vehiculo_PNM_2013-O_ISAAC\f4890IM000212.JPG;1
\leporido\rabbit_IslandConservationCameraTraps\chile_frances012013_21122012160847.jpg;1
\leporido\conejo_Paco_Carro_JC\PICT1405.JPG;1
\humanovehiculo\humanovehiculo_leo_donana\0014004.JPG;1
\vacia\vacia_Paco_Carro_JC\01080305.JPG;0
\zorro\Zorro_PNC_2013-O_ME\b7635IM000213.JPG;1
\vacia\vacias_2_de_2_PNC_2012_ISAAC\a2315IM000107.JPG;0
\vacia\empty_SnapshotMountainZebra\MTZ_S1_E04_R1_IMAG0760.JPG;0
\humanovehiculo\car_CaltechCameraTrap_ME\vehiculo\5a27d9a7-23d2-11e8-a6a3-ec086b02610b.jpg;1
\vacia\NOANIMAL_ZOO_1_4\6_20201812 (13524).JPG;0
\cervidae\CERVIDREDORFALLOWDEER_ZOO_5_6_7_9\5_20210219 (72) (2021_04_15 06_16_22 UTC).JPG;1
\leporido\conejo_Paco_Carro_JC\PICT0786.JPG;1
\jabali\WILDBOAR_ZOO_5_6_7_9\47_20210418 (1186).JPG;1
\vacia\empty_IslandConservationCameraTraps\micronesia_cam04april2019_20190414_034503_rcnx0642.jpg;0
\ave\raven_IslandConservationCameraTraps\dominicanrepublic_cam2416marzo2016_20160225_074238_img_0027.jpg;1
\vacia\vacias_PNM_2013-O_ISAAC\f118IM000013.JPG;0
\cervidae\CERVIDREDORFALLOWDEER_ZOO_5_6_7_9\28_20210417 (5624).JPG;1
\cervidae\CERVIDREDORFALLOWDEER_ZOO_1_4\21_20201025 (504).JPG;1
\vacia\NOANIMAL_ZOO_5_6_7_9\24_20210418 (7690).JPG;0
\vacia\vacia_Paco_Carro_JC\MDGC0529.JPG;0
\ave\ave_ave_WellingtonCameraTraps_SS\040716092050033c9193.JPG;1
\vacia\NOANIMAL_ZOO_5_6_7_9\13_20210218 (1493) (2021_04_15 06_16_22 UTC).JPG;0
\vacia\NOANIMAL_ZOO_1_4\40_20201024 (3148).JPG;0
\vacia\SnampshotEnonkishu\ENO_S1_D06_R1_IMAG2940.JPG;0
\humanovehiculo\HUMANORVEHICLE_ZOO_1_4\10_20210115 (6).JPG;1
\lince\Lince_a_Linces2_Leo_JC\lince94 (454).JPG;1
\vacia\vacias_2_de_2_PNC_2012_ISAAC\a764IM000103.JPG;0
\vacia\empty_SnapshotMountainZebra\MTZ_S1_D07_R1_IMAG2140.JPG;0
\vaca\COW_ZOO_1_4\21_20201119 (576).JPG;1
\vacia\NOANIMAL_ZOO_5_6_7_9\25_20210417 (3324).JPG;0
\vacia\empty_caltechCameraTraps\59a49a82-23d2-11e8-a6a3-ec086b02610b.jpg;0
\zorro\zorro_PNM_2013-O_ISAAC\f12813IM000219.JPG;1
\zorro\zorro_PNC_2013-O_RED_ISAAC\b15831IM000090.JPG;1
\vacia\empty_IslandConservationCameraTraps\dominicanrepublic_cam1825abril2015_20150403_112028_img_0007.jpg;0
\leporido\rabbit_CaltechCameraTrap_ME\5a062ec7-23d2-11e8-a6a3-ec086b02610b.jpg;1
\vacia\NOANIMAL_ZOO_5_6_7_9\2_20210219 (46) (2021_04_15 06_16_22 UTC).JPG;0
\caballo\caballos_alumno_AM\caballos_alumno_AM\2_20201215 (3857).JPG;1
\vacia\NOANIMAL_ZOO_5_6_7_9\50_20210408 (7087).JPG;0
\vacia\NOANIMAL_ZOO_5_6_7_9\20_20210417 (5412).JPG;0
\jabali\WILDBOAR_ZOO_1_4\37_20201116 (14642).JPG;1
\vacia\NOANIMAL_ZOO_1_4\6_20201812 (11378).JPG;0
\cervidae\CERVIDREDORFALLOWDEER_ZOO_5_6_7_9\50_20210616 (12058).JPG;1
\caballo\caballos_javier_JC\2_20201117 (3477).JPG;1
\lince\Lince_a_Linces2_Leo_JC\lince124 (44).JPG;1
\zorro\zorro_PNC_2014_manuel\c358IM000012.JPG;1
\caballo\HORSE_ZOO_1_4\10_20201117 (452).JPG;1
\vacia\NOANIMAL_ZOO_1_4\7_20210115 (1769).JPG;0
\vacia\NOANIMAL_ZOO_5_6_7_9\25_20210417 (15571).JPG;0
\cervidae\CERVIDREDORFALLOWDEER_ZOO_5_6_7_9\28_20210615 (1585).JPG;1
\zorro\Zorro_PNM_2013-0_ME\f20351IM000094.JPG;1
\ave\shearwater_IslandConservationCameraTraps\chile_vaqueria2013_2712201241700.jpg;1
\vacia\NOANIMAL_ZOO_5_6_7_9\25_20210319 (9506).JPG;0
\vaca\COW_ZOO_5_6_7_9\21_20210418 (4011).JPG;1
\vacia\Vacia_Paco_Carro_camarasliron_4_2_PASADAS_POR_LA_RED_JC\MDGC0177.JPG;0
\zorro\Zorro_Pepe_IREC\Zorro_Pepe_Irec_ME\IMAG1136_(2).JPG;1
\vacia\vacia_Soraya_Padilla_Alumno_1_TH\DSCF0026_frame110.jpg;0
\cervidae\ciervo_PNM_2012_ME\d2443IM000736.JPG;1
\ave\ave_Soraya_Padilla_Alumno_1_TH\DSCF0108_frame070.jpg;1
\cervidae\ciervo_PNC_2014_ISAAC\c22697IM000093.JPG;1
\vacia\empty_caltechCameraTraps\59d0e277-23d2-11e8-a6a3-ec086b02610b.jpg;0
\cervidae\CERVIDREDORFALLOWDEER_ZOO_1_4\21_20201119 (2105).JPG;1
\jabali\WILDBOAR_ZOO_1_4\20_20201215 (245).JPG;1
\vacia\empty_IslandConservationCameraTraps\dominicanrepublic_cam1826junio2015_20150505_112929_img_2563.jpg;0
\cervidae\deer_CaltechCameraTrap\58b666c0-23d2-11e8-a6a3-ec086b02610b.jpg;1
\vacia\NOANIMAL_ZOO_5_6_7_9\25_20210417 (13227).JPG;0
\gato_domestico\cat_IslandConservationCameraTraps\palau_cam02a12132018_20181128_215900_rcnx1577.jpg;1
\vacia\empty_caltechCameraTraps\59c177cb-23d2-11e8-a6a3-ec086b02610b.jpg;0
\lince\Lince_b_Linces2_Leo_JC\lince198 (17).JPG;1
\micromamiferos\rodent_CaltechCameraTrap_JC\Roedor_ rodent_CaltechCameraTrap_JC\59aada3b-23d2-11e8-a6a3-ec086b02610b.jpg;1
\vaca\COW_ZOO_1_4\17_20201026 (563).JPG;1
\vacia\NOANIMAL_ZOO_1_4\6_20210115 (13818).JPG;0
\gato_domestico\gato_WellingtonCameraTraps_SS\18101504060806997493.JPG;1
\cervidae\CERVIDREDORFALLOWDEER_ZOO_1_4\3_20201217 (93).JPG;1
\humanovehiculo\car_CaltechCameraTrap_ME\vehiculo\5888becd-23d2-11e8-a6a3-ec086b02610b.jpg;1
\lince\Lince_b_Linces2_Leo_JC\lince198 (70).JPG;1
\zorro\Zorro_PNC_2014_JC\c25930IM000146.JPG;1
\vacia\NOANIMAL_ZOO_5_6_7_9\25_20210417 (6307).JPG;0
\micromamiferos\micromamiferos_Paco_Carro_JC\IMG_0199 (2).JPG;1
\jabali\Jabali_ME_rev_1_donana\29_20201023 (436).JPG;1
\vacia\empty_IslandConservationCameraTraps\dominicanrepublic_cam2015abril2015_20150317_154825_img_0402.jpg;0
\ave\Pheasant_mammalWeb\15478.jpg;1
\humanovehiculo\humanovehiculo_vacías_humanos_PNC_2012_ME\a33333IMAG0005.JPG;1
\vacia\empty_IslandConservationCameraTraps\chile_piedra012013_04062013141742.jpg;0
\humanovehiculo\humanovehiculo_vacías_humanos_PNC_2012_ME\a4166IM000009.JPG;1
\jabali\WILDBOAR_ZOO_5_6_7_9\20_20210219 (688) (2021_04_15 06_16_22 UTC).JPG;1
\cervidae\CERVIDREDORFALLOWDEER_ZOO_1_4\2_20201117 (3121).JPG;1
\jabali\WILDBOAR_ZOO_1_4\11_20210114 (421).JPG;1
\cervidae\CERVIDREDORFALLOWDEER_ZOO_1_4\20_20201117 (420).JPG;1
\micromamiferos\micromamifero_WellingtonCameraTraps_SS\231016014058021a8284.JPG;1
\vacia\vacia_alumno_AM_2\40_20201024 (6021).JPG;0
\ave\raven_IslandConservationCameraTraps\dominicanrepublic_cam1225septiembre2015_20150829_035606_img_0043.jpg;1
\ave\OTHERSPECIES_ZOO_5_6_7_9\38_20210618 (3341).JPG;1
\vacia\NOANIMAL_ZOO_5_6_7_9\3_20210615 (670).JPG;0
\vacia\NOANIMAL_ZOO_1_4\39_20210115 (538).JPG;0
\lince\linces_fecha_Linces2_Leo_JC\2_Lince_flecha_Linces2_Leo_JC\lince216 (273).jpg;1
\cervidae\ciervo_alumno_2_TH\34_20201024 (6253).JPG;1
\cervidae\ciervo_PNC_2014_ISAAC\c11901IMAG0134.JPG;1
\caballo\HORSE_ZOO_1_4\15_20210117 (13638).JPG;1
\vacia\NOANIMAL_ZOO_1_4\6_20201812 (11356).JPG;0
\cervidae\2_ciervo_Javi_3_JC\34_20201024 (2341).JPG;1
\zorro\Zorro_PNC_2014_JC\c17667IM000048.JPG;1
\vacia\vacias_PNC_2013-O_RED_ISAAC\b239IM000020.JPG;0
\cervidae\CERVIDREDORFALLOWDEER_ZOO_1_4\4_20201220 (1027).JPG;1
\micromamiferos\rodent_CaltechCameraTrap_JC\Roedor_ rodent_CaltechCameraTrap_JC\59055f34-23d2-11e8-a6a3-ec086b02610b.jpg;1
\vacia\empty_SnapshotMountainZebra\MTZ_S1_D05_R1_IMAG2311.JPG;0
\lince\linces_Linces2_Leo_JC\2_Lince_Linces2_Leo_JC\lince91 (221).JPG;1
\vacia\empty_caltechCameraTraps\5962954b-23d2-11e8-a6a3-ec086b02610b.jpg;0
\caballo\HORSE_ZOO_1_4\15_20201117 (7234).JPG;1
\zorro\Zorro_Pepe_IREC\Zorro_Pepe_Irec_ME\IMAG0018_(5).JPG;1
\vacia\empty_SnapshotMountainZebra\MTZ_S1_D07_R1_IMAG1675.JPG;0
\zorro\fox_CaltechCameraTrap_ME\59c17acd-23d2-11e8-a6a3-ec086b02610b.jpg;1
\garduna\garduna_PNC_2013-I_RED_ME\4298IMAG0266.JPG;1
\cervidae\2_Ciervos_PNC2012_JC\a27853IM000091.JPG;1
\humanovehiculo\car_CaltechCameraTrap_ME\vehiculo\58ff0e06-23d2-11e8-a6a3-ec086b02610b.jpg;1
\vacia\NOANIMAL_ZOO_5_6_7_9\8_20210615 (66).JPG;0
\vacia\NOANIMAL_ZOO_1_4\26_20201020 (14328).JPG;0
\zorro\zorro_PNM_2013-I_ISAAC\e3625IM000164.JPG;1
\leporido\rabbit_IslandConservationCameraTraps\chile_frances012013_01012013152849.jpg;1
\jabali\WILDBOAR_ZOO_1_4\28_20201019 (1346).JPG;1
\cervidae\CERVIDREDORFALLOWDEER_ZOO_5_6_7_9\19_20210319 (1904).JPG;1
\jabali\WILDBOAR_ZOO_1_4\43_20201118 (95).JPG;1
\cervidae\ciervo_PNC_2014_ISAAC\c21800IM000172.JPG;1
\vacia\vacias_1_de_2_PNC_2012_ISAAC\a44000IM000809.JPG;0
\cervidae\deer_CaltechCameraTrap\5888bdb6-23d2-11e8-a6a3-ec086b02610b.jpg;1
\cervidae\CERVIDREDORFALLOWDEER_ZOO_1_4\21_20201025 (4835).JPG;1
\ave\Rabilargo_PNC_2014_JC\c30030IM000085.JPG;1
\leporido\LEPORIDRABBITORHARE_ZOO_5_6_7_9\11_20210318 (2229).JPG;1
\leporido\rabbit_IslandConservationCameraTraps\chile_frances022013_2204201385357.jpg;1
\cervidae\ciervo_PNC_2014_ISAAC\c22567IM000056.JPG;1
\vacia\empty_SnapshotMountainZebra\MTZ_S1_D07_R1_IMAG0709.JPG;0
\leporido\Rabbit_mammalWeb\46315.jpg;1
\vaca\COW_ZOO_1_4\21_20201217 (4882).JPG;1
\cervidae\gamo_alumno_2_TH\21_20201025 (306).JPG;1
\zorro\REDFOX_ZOO_1_4\24_20201218 (1633).JPG;1
\vacia\NOANIMAL_ZOO_1_4\7_20210115 (2308).JPG;0
\vacia\NOANIMAL_ZOO_1_4\34_20210115 (8893).JPG;0
\vaca\COW_ZOO_1_4\21_20201217 (1488).JPG;1
\vacia\NOANIMAL_ZOO_1_4\34_20210115 (2020).JPG;0
\lince\linces_fecha_Linces2_Leo_JC\2_Lince_flecha_Linces2_Leo_JC\lince229 (18).jpg;1
\jabali\jabali_PNC_2014_manuel\c6288IM000235.JPG;1
\vacia\NOANIMAL_ZOO_5_6_7_9\50_20210408 (7585).JPG;0
\cervidae\ciervo_vacías_humanos_PNC_2012_ME\a14411IM000341.JPG;1
\vaca\COW_ZOO_1_4\15_20201117 (822).JPG;1
\vacia\empty_caltechCameraTraps\59b12ecb-23d2-11e8-a6a3-ec086b02610b.jpg;0
\zorro\Zorro_Pepe_IREC\Zorro_Pepe_Irec_ME\IMAG1458_(2).JPG;1
\cervidae\CERVIDREDORFALLOWDEER_ZOO_5_6_7_9\35_20210218 (2442) (2021_04_15 06_16_22 UTC).JPG;1
\cervidae\CERVIDREDORFALLOWDEER_ZOO_1_4\37_20201116 (14936).JPG;1
\ave\aves_fotosManuelEmilio20200912\IMG_0820.JPG;1
\zorro\Zorro_PNC_2013-O_ME\b462IMAG0067.JPG;1
\ave\ave_ave_WellingtonCameraTraps_SS\011116165220035c8232.JPG;1
\meloncillo\Meloncillo_PNM_2013-0_ME\f8263IM000122.JPG;1
\humanovehiculo\humano_vehiculo_PNC_2013-I_ISAAC\4492IMAG0471.JPG;1
\gato_domestico\gato_WellingtonCameraTraps_SS\29111502191403249704.JPG;1
\vacia\NOANIMAL_ZOO_1_4\34_20201215 (467).JPG;0
\cervidae\CERVIDREDORFALLOWDEER_ZOO_5_6_7_9\5_20210219 (373) (2021_04_15 06_16_22 UTC).JPG;1
\cervidae\CERVIDREDORFALLOWDEER_ZOO_5_6_7_9\2_20210417 (321).JPG;1
\vacia\empty_SnapshotMountainZebra\MTZ_S1_G04_R3_IMAG3502.JPG;0
\lince\Lince_a_Linces2_Leo_JC\lince91 (43).JPG;1
\vacia\NOANIMAL_ZOO_1_4\26_20201020 (4949).JPG;0
\ave\yellow-crowned_night_heron_IslandConservationCameraTraps\puertorico_17b_20150416_093727_img_0395.jpg;1
\leporido\conejo_Paco_Carro_JC\PICT0649.JPG;1
\cervidae\ciervo_PNC_2014_ISAAC\c12561IMAG0342.JPG;1
\tejon\Tejon_PNC_2012_JC\a13201IM000107.JPG;1
\vacia\NOANIMAL_ZOO_1_4\15_20201117 (8010).JPG;0
\vacia\NOANIMAL_ZOO_5_6_7_9\39_20210417 (1401).JPG;0
\cervidae\ciervo_Javi_3_JC\26_20201020 (115).JPG;1
\humanovehiculo\humanovehiculo_Caltech\59563751-23d2-11e8-a6a3-ec086b02610b.jpg;1
\vacia\NOANIMAL_ZOO_1_4\7_20210115 (2072).JPG;0
\humanovehiculo\humano_vehiculo_PNC_2013-I_ISAAC\4110IMAG0378.JPG;1
\vacia\empty_IslandConservationCameraTraps\micronesia_cam16_cam16june2019_20190611064503_rcnx0874.jpg;0
\humanovehiculo\humanovehiculo_Caltech\59c99e63-23d2-11e8-a6a3-ec086b02610b.jpg;1
\cervidae\CERVIDREDORFALLOWDEER_ZOO_5_6_7_9\22_20210417 (327).JPG;1
\vacia\empty_caltechCameraTraps\5957c398-23d2-11e8-a6a3-ec086b02610b.jpg;0
\vacia\empty_SnapshotMountainZebra\MTZ_S1_D06_R1_IMAG2311.JPG;0
\vacia\empty_SnapshotMountainZebra\MTZ_S1_C06_R1_IMAG0279.JPG;0
\micromamiferos\micromamiferos_Paco_Carro_JC\IMG_0084.JPG;1
\zorro\zorro_PNC_2013-O_RED_ISAAC\b297IM000073.JPG;1
\vacia\NOANIMAL_ZOO_5_6_7_9\5_20210319 (2189).JPG;0
\leporido\2_conejo_alumno_2_AM_JC\Orycun (27)_frame040.jpg;1
\vacia\NOANIMAL_ZOO_5_6_7_9\24_20210418 (13323).JPG;0
\vacia\empty_SnapshotMountainZebra\MTZ_S1_D07_R1_IMAG0079.JPG;0
\vacia\empty_IslandConservationCameraTraps\dominicanrepublic_cam1425abril2015_20150403_141419_img_0412.jpg;0
\vacia\NOANIMAL_ZOO_5_6_7_9\24_20210418 (18899).JPG;0
\vacia\vacia_Paco_Carro_JC\01130251.JPG;0
\vacia\vacia_alumno_2_AM_JC\STC_0133_frame170.jpg;0
\vacia\empty_caltechCameraTraps\595634f4-23d2-11e8-a6a3-ec086b02610b.jpg;0
\leporido\rabbit_IslandConservationCameraTraps\chile_piedra012013_1603201355537.jpg;1
\cervidae\ciervo_PNC_2013-I_RED_ME\2605IM000031.JPG;1
\vacia\vacia_Paco_Carro_JC\IMG_0070 (4).JPG;0
\jabali\JABALI_PNM_2012_ISAAC\d10826IM000204.JPG;1
\caballo\HORSE_ZOO_1_4\15_20210117 (2049).JPG;1
\cervidae\CERVIDREDORFALLOWDEER_ZOO_1_4\28_20201019 (2410).JPG;1
\cervidae\CERVIDREDORFALLOWDEER_ZOO_5_6_7_9\22_20210318 (5469).JPG;1
\leporido\2_conejo_Paco_Carro_JC\PICT0679.JPG;1
\vacia\NOANIMAL_ZOO_5_6_7_9\17_20210615 (856).JPG;0
\caballo\caballo_Paco_Carro_JC\PICT0496.JPG;1
\cervidae\ciervo_vacías_humanos_PNC_2012_ME\a19215IM000349.JPG;1
\lince\linces_fecha_Linces2_Leo_JC\2_Lince_flecha_Linces2_Leo_JC\Lince46 (65).jpg;1
\ave\brown_noddy_IslandConservationCameraTraps\palau_cam04a12132018_20180918_064358_rcnx1242.jpg;1
\vacia\empty_IslandConservationCameraTraps\dominicanrepublic_cam1826julio2015_20150626_121726_img_0275.jpg;0
\caballo\HORSE_ZOO_1_4\28_20201117 (665).JPG;1
\jabali\WILDBOAR_ZOO_1_4\15_20210117 (8002).JPG;1
\vacia\vacias_1_de_2_PNC_2012_ISAAC\a42865IM001048.JPG;0
\micromamiferos\rat_IslandConservationCameraTraps\micronesia_cam14_june2019_20190618213141_rcnx0234.jpg;1
\vacia\vacia_alumno_1_AM\22_20201022 (928).JPG;0
\ave\bird_CaltechCameraTrap\5949d179-23d2-11e8-a6a3-ec086b02610b.jpg;1
\garduna\GARDUÑA_PNM_2013-I_ISAAC\e4289IM000121.JPG;1
\vaca\COW_ZOO_1_4\21_20201217 (1831).JPG;1
\garduna\Garduña_PNC_2014_JC\c8585IM000046.JPG;1
\cervidae\cervidae_ME_rev_3_donana\28_20201019 (2627).JPG;1
\ave\Curruca_PNC_2012_JC\a29503IM000227.JPG;1
\leporido\rabbit_IslandConservationCameraTraps\chile_frances022013_2704201312252.jpg;1
\cervidae\2_cervido_simone_2\34_20201024 (6930).JPG;1
\zorro\zorro_PNC_2013-O_RED_ISAAC\b18925IMAG0273.JPG;1
\lince\Lince_b_Linces2_Leo_JC\lince134 (50).JPG;1
\cervidae\cervidae_alumno_2_TH\37_20201024 (8282).JPG;1
\vacia\empty_SnapshotMountainZebra\MTZ_S1_D05_R1_IMAG2879.JPG;0
\cervidae\CERVIDREDORFALLOWDEER_ZOO_1_4\28_20201019 (2407).JPG;1
\cervidae\cervidae_ME_rev_1_donana\26_20201020 (590).JPG;1
\cervidae\CERVIDREDORFALLOWDEER_ZOO_5_6_7_9\2_20210319 (1255).JPG;1
\vacia\NOANIMAL_ZOO_1_4\6_20201812 (13355).JPG;0
\gato_domestico\gato_WellingtonCameraTraps_SS\291215032248046c6373.JPG;1
\vacia\vacia_alumno_1_TH\Nada (11)_frame100.jpg;0
\vacia\NOANIMAL_ZOO_5_6_7_9\24_20210418 (7538).JPG;0
\vacia\Nothing_mammalWeb\43201.jpg;0
\tejon\Tejon_PEPE_IREC_JC\IMAG0378.JPG;1
\vacia\empty_IslandConservationCameraTraps\dominicanrepublic_cam0425abril2015_20130808_023057_sunp0815.jpg;0
\cervidae\CERVIDREDORFALLOWDEER_ZOO_5_6_7_9\21_20210418 (3001).JPG;1
\ave\birdother_SnapshotCamdeboo\CDB_S1_C03_R1_IMAG0148.JPG;1
\vacia\NOANIMAL_ZOO_1_4\34_20210115 (3070).JPG;0
\cervidae\cervidae_WellingtonCameraTraps_SS\230316150458024as071.JPG;1
\vacia\empty_IslandConservationCameraTraps\dominicanrepublic_cam1125abril2015_20150412_155744_img_1108.jpg;0
\jabali\jabali_PNC_2013-O_RED_ISAAC\b15973IM000210.JPG;1
\ave\ave_ave_WellingtonCameraTraps_SS\091016062814049cs463.JPG;1
\cervidae\5_ciervo_simone_2\34_20201024 (4739).JPG;1
\leporido\rabbit_CaltechCameraTrap_ME\590ebeb6-23d2-11e8-a6a3-ec086b02610b.jpg;1
\zorro\zorro_vacías_humanos_PNC_2012_ME\a29252IM000063.JPG;1
\vaca\COW_ZOO_5_6_7_9\2_20210319 (8762).JPG;1
\vacia\vacias_PNC_2014_ISAAC\c18654IMAG0319.JPG;0
\cervidae\ciervo_PNM_2012_ME\d14277IMAG0062.JPG;1
\vacia\empty_SnapshotMountainZebra\MTZ_S1_G04_R3_IMAG1078.JPG;0
\vacia\empty_IslandConservationCameraTraps\ecuador1_ic1611_20150101_000003_img_2814.jpg;0
\vacia\NOANIMAL_ZOO_1_4\6_20201812 (8979).JPG;0
\vaca\cow_CaltechCameraTrap\58823cc2-23d2-11e8-a6a3-ec086b02610b.jpg;1
\gato_domestico\gato_WellingtonCameraTraps_SS\2106150509540235S131.JPG;1
\humanovehiculo\humanovehiculo_PNC_2014_manuel\c23270IM000078.JPG;1
\meloncillo\EGYPTIANMONGOOSE_ZOO_1_4\32_20201117 (294).JPG;1
\cervidae\CERVIDREDORFALLOWDEER_ZOO_1_4\40_20201117 (1707).JPG;1
\humanovehiculo\humanovehiculo_PNC_2014_manuel\c22702IM000098.JPG;1
\jabali\Jabalí_PNC_2013-O_ME\b11993IMAG0438.JPG;1
\cervidae\CERVIDREDORFALLOWDEER_ZOO_5_6_7_9\25_20210615 (13795).JPG;1
\vacia\empty_SnapshotMountainZebra\MTZ_S1_G04_R3_IMAG1176.JPG;0
\vacia\empty_IslandConservationCameraTraps\dominicanrepublic_cam1425abril2015_20150416_142437_img_1606.jpg;0
\vacia\empty_SnapshotMountainZebra\MTZ_S1_C06_R1_IMAG3461.JPG;0
\cervidae\CERVIDREDORFALLOWDEER_ZOO_1_4\34_20201024 (1920).JPG;1
\cervidae\Ciervo_PNC_2014_JC\c18762IMAG0094.JPG;1
\vacia\empty_SnapshotMountainZebra\MTZ_S1_D05_R1_IMAG1548.JPG;0
\vacia\NOANIMAL_ZOO_5_6_7_9\2_20210417 (21021).JPG;0
\zorro\zorro_PNM_2013-O_ISAAC\f1865IM000162.JPG;1
\gineta\ginetas_revGinetasJC_REV1_4_donana\11_20201027 (223).JPG;1
\vacia\empty_SnapshotCamdeboo\CDB_S1_A05_R2_IMAG0752.JPG;0
\cervidae\ciervo_PNC_2013-O_RED_ISAAC\b17897IM000199.JPG;1
\vacia\vacias_2_de_2_PNC_2012_ISAAC\a1691IM000654.JPG;0
\vacia\NOANIMAL_ZOO_1_4\10_20201218 (420).JPG;0
\vacia\empty_caltechCameraTraps\59b7a9a3-23d2-11e8-a6a3-ec086b02610b.jpg;0
\ave\American Crow_ena24\8506.jpg;1
\vacia\NOANIMAL_ZOO_1_4\6_20201812 (11104).JPG;0
\vacia\empty_IslandConservationCameraTraps\dominicanrepublic_cam1826junio2015_20150505_103950_img_2291.jpg;0
\cervidae\cervidae_2_ME_rev_3_donana\26_20201020 (1072).JPG;1
\ave\chicken_IslandConservationCameraTraps\palau_cam04a12132018_20181101_065804_rcnx2027.jpg;1
\cervidae\ciervo_Javi_3_JC\25_20201024 (706).JPG;1
\cervidae\CERVIDREDORFALLOWDEER_ZOO_5_6_7_9\9_20210218 (72) (2021_04_15 06_16_22 UTC).JPG;1
\cervidae\CERVIDREDORFALLOWDEER_ZOO_5_6_7_9\33_20210318 (68).JPG;1
\ave\shearwater_IslandConservationCameraTraps\chile_vaqueria2013_0601201331626.jpg;1
\vacia\vacia_Paco_Carro_JC\IMG_1821.JPG;0
\cervidae\Ciervo_PNC_2012_JC\a34265IM000500.JPG;1
\vacia\NOANIMAL_ZOO_1_4\43_20201217 (2320).JPG;0
\lince\Lince_a_Linces2_Leo_JC\lince90 (88).JPG;1
\zorro\zorro_PNM_2012_ME\d4749IM000019.JPG;1
\jabali\WILDBOAR_ZOO_1_4\31_20210115 (120).JPG;1
\vacia\empty_IslandConservationCameraTraps\dominicanrepublic_cam1425abril2015_20150421_123252_img_2117.jpg;0
\cervidae\Ciervo_PNM_2013-0_ME\f27859IMAG0429.JPG;1
\cervidae\ciervo_PNC_2014_ISAAC\c4686IM000099.JPG;1
\leporido\rabbit_CaltechCameraTrap_ME\59328b02-23d2-11e8-a6a3-ec086b02610b.jpg;1
\vacia\empty_SnapshotKaroo\KAR_S1_C04_R1_IMAG1206.JPG;0
\ave\aves_ME_CASA\IMG_0576.JPG;1
\vacia\NOANIMAL_ZOO_5_6_7_9\24_20210615 (9249).JPG;0
\vacia\vacia_buscar_cab_isaac_sin_contar\28_20201117 (1261).JPG;0
\humanovehiculo\car_CaltechCameraTrap_ME\vehiculo\5946b955-23d2-11e8-a6a3-ec086b02610b.jpg;1
\cervidae\CERVIDREDORFALLOWDEER_ZOO_5_6_7_9\19_20210618 (3006).JPG;1
\gato_domestico\cat_IslandConservationCameraTraps\puertorico_26_20150402_054257_ek001012.jpg;1
\cervidae\CERVIDREDORFALLOWDEER_ZOO_1_4\32_20201117 (409).JPG;1
\cervidae\deer_CaltechCameraTrap\59b93748-23d2-11e8-a6a3-ec086b02610b.jpg;1
\humanovehiculo\humanovehiculo_PNC_2013-O_RED_ISAAC\b12528IM000027.JPG;1
\leporido\rabbit_CaltechCameraTrap_ME\594cec46-23d2-11e8-a6a3-ec086b02610b.jpg;1
\vacia\vacio_Saul Martin_FRAMES_SIN_REPETIDOS_REVISADOS_DIEGO\STC_0006_frame040.jpg;0
\leporido\conejo_Paco_Carro_JC\PICT0401.JPG;1
\vacia\empty_IslandConservationCameraTraps\ecuador2_ic1607_20150122_064059_img_1060.jpg;0
\vacia\vacia_alumno_1_AM\40_20201024 (478).JPG;0
\caballo\caballos_alumno_AM\caballos_alumno_AM\9_20201712 (825).JPG;1
\leporido\rabbit_IslandConservationCameraTraps\chile_frances012013_30122012161245.jpg;1
\vacia\vacia_alumno_TH_3_TH_JC\15_20201024 (2915).JPG;0
\gato_domestico\cat_IslandConservationCameraTraps\puertorico_18_20150309_160451_img_0347.jpg;1
\leporido\rabbit_IslandConservationCameraTraps\chile_frances012013_26122012171759.jpg;1
\zorro\zorro_PNC_2013-I_ME\4515IM000012.JPG;1
\cervidae\CERVIDREDORFALLOWDEER_ZOO_1_4\28_20210115 (1971).JPG;1
\jabali\WILDBOAR_ZOO_1_4\37_20201116 (14548).JPG;1
\caballo\HORSE_ZOO_1_4\15_20201117 (7096).JPG;1
\ave\shearwater_IslandConservationCameraTraps\chile_vaqueria2013_2712201250656.jpg;1
\cervidae\ciervo_PNM_2012_ME\d15026FILE0012.JPG;1
\vacia\empty_SnapshotMountainZebra\MTZ_S1_D05_R1_IMAG0387.JPG;0
\vacia\SnampshotEnonkishu\ENO_S1_D06_R1_IMAG0372.JPG;0
\cervidae\deer_CaltechCameraTrap\5a1fe8c7-23d2-11e8-a6a3-ec086b02610b.jpg;1
\cervidae\Ciervo_PNC_2013-O_ME\b8430FILE0257.JPG;1
\jabali\WILDBOAR_ZOO_1_4\25_20210115 (2440).JPG;1
\cervidae\CERVIDREDORFALLOWDEER_ZOO_5_6_7_9\50_20210616 (17139).JPG;1
\vacia\empty_IslandConservationCameraTraps\dominicanrepublic_cam1826junio2015_20150505_110143_img_2404.jpg;0
\vaca\COW_ZOO_5_6_7_9\9_20210615 (1429).JPG;1
\jabali\Jabali_PNM_2013-0_ME\f21864IM000310.JPG;1
\vaca\cow_CaltechCameraTrap\59260e08-23d2-11e8-a6a3-ec086b02610b.jpg;1
\zorro\zorro_PNC_2014_manuel\c5076IM000041.JPG;1
\cervidae\deer_CaltechCameraTrap\5a0493a1-23d2-11e8-a6a3-ec086b02610b.jpg;1
\vacia\NOANIMAL_ZOO_5_6_7_9\36_20210618 (8017).JPG;0
\vacia\vacia_alumno_TH_3_TH_JC\30_20201021 (6372).JPG;0
\cervidae\CERVIDREDORFALLOWDEER_ZOO_1_4\24_20201117 (165).JPG;1
\ave\OTHERSPECIES_ZOO_1_4\15_20210117 (7199).JPG;1
\vacia\NOANIMAL_ZOO_5_6_7_9\10_20210618 (6111).JPG;0
\zorro\zorro_PNC_2012_JC\a19696IM000363.JPG;1
\vacia\empty_IslandConservationCameraTraps\ecuador1_ic1611_20150101_000005_img_2792.jpg;0
\gato_domestico\cat_IslandConservationCameraTraps\palau_cam02a12132018_20180829_145937_rcnx0209.jpg;1
\vacia\NOANIMAL_ZOO_1_4\17_20210114 (1467).JPG;0
\vacia\empty_SnapshotMountainZebra\MTZ_S1_G04_R3_IMAG2944.JPG;0
\vaca\cow_CaltechCameraTrap\593bdc6d-23d2-11e8-a6a3-ec086b02610b.jpg;1
\vaca\COW_ZOO_5_6_7_9\39_20210417 (1973).JPG;1
\cervidae\corzo_alumno_2_AM_JC\DSCF0051_frame170.jpg;1
\cervidae\ciervo_PNM_2013-I_ISAAC\e2072IM000568.JPG;1
\vacia\NOANIMAL_ZOO_5_6_7_9\2_20210417 (11872).JPG;0
\ave\ave_ave_WellingtonCameraTraps_SS\020716103032029as331.JPG;1
\vacia\NOANIMAL_ZOO_5_6_7_9\24_20210418 (11242).JPG;0
\mapache\raccoon_CaltechCameraTrap_ME\5a1b15ed-23d2-11e8-a6a3-ec086b02610b.jpg;1
\jabali\WILDBOAR_ZOO_5_6_7_9\15_20210219 (10625) (2021_04_15 06_16_22 UTC).JPG;1
\leporido\Lagomorpha1__diego_1_rev_donana\29_20201023 (775).JPG;1
\vacia\empty_IslandConservationCameraTraps\ecuador2_ic1604_20181025_153404_img_0047.jpg;0
\lince\Lince_b_Linces2_Leo_JC\lince147 (3).JPG;1
\vacia\vacias_2_de_2_PNC_2012_ISAAC\a1351IM000323.JPG;0
\vacia\empty_SnapshotMountainZebra\MTZ_S1_D07_R1_IMAG0779.JPG;0
\vacia\vacia_PNM_2013-O_ME\f19623IM000507.JPG;0
\humanovehiculo\car_CaltechCameraTrap_ME\vehiculo\58823e7c-23d2-11e8-a6a3-ec086b02610b.jpg;1
\ave\ave_alumno_1_TH\Erirub 04_frame140.jpg;1
\jabali\WILDBOAR_ZOO_5_6_7_9\31_20210318 (84).JPG;1
\jabali\JABALI_PNM_2012_ISAAC\d10183IM000229.JPG;1
\meloncillo\Meloncillo_PEPE_IREC_JC\IMAG1107.JPG;1
\vaca\COW_ZOO_5_6_7_9\9_20210615 (1810).JPG;1
\vacia\empty_caltechCameraTraps\59fae66f-23d2-11e8-a6a3-ec086b02610b.jpg;0
\jabali\jabali_PNC_2014_manuel\c10585IM000021.JPG;1
\meloncillo\Meloncillo_PEPE_IREC_JC\IMAG0770.JPG;1
\cervidae\CERVIDREDORFALLOWDEER_ZOO_1_4\36_20201019 (2690).JPG;1
\vacia\NOANIMAL_ZOO_1_4\6_20201812 (13502).JPG;0
\vacia\empty_caltechCameraTraps\59a7bb65-23d2-11e8-a6a3-ec086b02610b.jpg;0
\vaca\COW_ZOO_5_6_7_9\21_20200113 (2312) (2021_04_15 06_16_22 UTC).JPG;1
\vacia\vacia_alumno_1_AM\6_20201023 (859).JPG;0
\vacia\empty_SnapshotMountainZebra\MTZ_S1_D06_R1_IMAG2691.JPG;0
\zorro\zorro_PNC_2012_JC\a44530IM000107.JPG;1
\vacia\NOANIMAL_ZOO_1_4\26_20201020 (12353).JPG;0
\cervidae\2_ciervo_Javi_3_JC\21_20201025 (120).JPG;1
\tejon\Tejon_PEPE_IREC_JC\IMAG0780.JPG;1
\humanovehiculo\humanovehiculo_PNC_2014_manuel\c5158IM000068.JPG;1
\ave\Pheasant_mammalWeb\172451.jpg;1
\vacia\empty_caltechCameraTraps\59a6296d-23d2-11e8-a6a3-ec086b02610b.jpg;0
\vacia\NOANIMAL_ZOO_5_6_7_9\11_20210418 (2733).JPG;0
\vacia\empty_IslandConservationCameraTraps\dominicanrepublic_cam1425abril2015_20150327_124018_img_0168.jpg;0
\jabali\WILDBOAR_ZOO_1_4\29_20201117 (8).JPG;1
\jabali\jabali_vacías_humanos_PNC_2012_ME\a34984IMAG0100.JPG;1
\vaca\COW_ZOO_1_4\21_20210114 (1957).JPG;1
\vacia\vacias_2_de_2_PNC_2012_ISAAC\a1460IM000439.JPG;0
\vacia\NOANIMAL_ZOO_5_6_7_9\25_20210319 (7400).JPG;0
\vacia\empty_SnapshotMountainZebra\MTZ_S1_E06_R3_IMAG0631.JPG;0
\vacia\NOANIMAL_ZOO_1_4\4_20201220 (3037).JPG;0
\vacia\empty_SnapshotMountainZebra\MTZ_S1_E06_R3_IMAG0522.JPG;0
\leporido\rabbit_IslandConservationCameraTraps\chile_frances012013_1401201374758.jpg;1
\vacia\NOANIMAL_ZOO_5_6_7_9\25_20210319 (6258).JPG;0
\cervidae\CERVIDREDORFALLOWDEER_ZOO_5_6_7_9\28_20210615 (257).JPG;1
\cervidae\CERVIDREDORFALLOWDEER_ZOO_5_6_7_9\28_20210615 (3737).JPG;1
\ave\TARABILLA_PNM_2012_ISAAC\d1492IM000106.JPG;1
\vacia\NOANIMAL_ZOO_1_4\7_20210115 (3108).JPG;0
\jabali\WILDBOAR_ZOO_1_4\34_20201024 (2981).JPG;1
\leporido\liebre\Liebre_PNC_2014_JC\c28317FILE0021.JPG;1
\vaca\cow_CaltechCameraTrap\58a6e902-23d2-11e8-a6a3-ec086b02610b.jpg;1
\vacia\vacia_Paco_Carro_JC\01080352.JPG;0
\zorro\Zorro_PNC_2014_JC\c6703IM000053.JPG;1
\gato_domestico\gato_WellingtonCameraTraps_SS\1207152229460359L101.JPG;1
\vacia\vacias_2_de_2_PNC_2012_ISAAC\a16971IMAG1379.JPG;0
\vacia\empty_SnapshotMountainZebra\MTZ_S1_D05_R1_IMAG1551.JPG;0
\cervidae\CERVIDREDORFALLOWDEER_ZOO_5_6_7_9\28_20210615 (390).JPG;1
\ave\Blackbird_mammalWeb\14662.jpg;1
\vacia\NOANIMAL_ZOO_5_6_7_9\11_20210318 (1691).JPG;0
\zorro\Zorro_PEPE_IREC_JC\IMAG0053_(9).JPG;1
\mapache\raccoon_CaltechCameraTrap_ME\5879d2b6-23d2-11e8-a6a3-ec086b02610b.jpg;1
\lince\Lince_a_Linces2_Leo_JC\lince86 (87).JPG;1
\cervidae\CERVIDREDORFALLOWDEER_ZOO_1_4\21_20201025 (3087).JPG;1
\vacia\empty_SnapshotKgalagai\KGA_S1_B08_R1_IMAG0110.JPG;0
\ave\ave_ave_WellingtonCameraTraps_SS\031116111852040cs101.JPG;1
\ave\rooster_IslandConservationCameraTraps\palau_cam09a12132018_20181027_074132_rcnx0806.jpg;1
\gato_domestico\cat_IslandConservationCameraTraps\palau_cam6a12132018_20180911_181442_rcnx0430.jpg;1
\vacia\NOANIMAL_ZOO_1_4\34_20210115 (4901).JPG;0
\jabali\Jabali2_diego_2_rev_donana\9_20201025 (732).JPG;1
\tejon\tejon_PNC_2014_manuel\c18745IMAG0083.JPG;1
\jabali\jabali_PNC_2013-I_RED_ME\3435IM000113.JPG;1
\vacia\NOANIMAL_ZOO_1_4\21_20201119 (2021).JPG;0
\vacia\NOANIMAL_ZOO_5_6_7_9\2_20210417 (15553).JPG;0
\vacia\NOANIMAL_ZOO_1_4\7_20210115 (2300).JPG;0
\vacia\empty_caltechCameraTraps\59ffba8c-23d2-11e8-a6a3-ec086b02610b.jpg;0
\cervidae\deer_CaltechCameraTrap\59641cf6-23d2-11e8-a6a3-ec086b02610b.jpg;1
\humanovehiculo\humanovehiculo_PNC_2014_manuel\c22204IM000118.JPG;1
\humanovehiculo\humanovehiculo_PNC_2013-O_RED_ISAAC\b5209IM000021.JPG;1
\jabali\jabali_PNM_2012_ISAAC\d10824IM000202.JPG;1
\vacia\vacias_PNC_2014_ISAAC\c8259IM000414.JPG;0
\cervidae\CERVIDREDORFALLOWDEER_ZOO_1_4\21_20201025 (4166).JPG;1
\cervidae\corzo_alumno_2_AM_JC\DSCF0007 (2)_frame720.jpg;1
\vacia\vacia_alumno_1_AM\40_20201024 (321).JPG;0
\ave\shearwater_IslandConservationCameraTraps\chile_vaqueria2013_1712201231929.jpg;1
\lince\Lince_a_Linces2_Leo_JC\lince124 (48).JPG;1
\vacia\NOANIMAL_ZOO_1_4\34_20210115 (2903).JPG;0
\vacia\empty_SnapshotMountainZebra\MTZ_S1_G04_R3_IMAG2880.JPG;0
\vacia\empty_IslandConservationCameraTraps\dominicanrepublic_cam0328octubre2015_20130907_010017_sunp0006.jpg;0
\vaca\COW_ZOO_5_6_7_9\49_20210418 (1627).JPG;1
\humanovehiculo\humanovehiculo_PNM_2013-I_ME\e3962IM000004.JPG;1
\vacia\NOANIMAL_ZOO_1_4\15_20210117 (5061).JPG;0
\vacia\vacia_alumno_1_AM\39_20201019 (102).JPG;0
\vaca\cow_CaltechCameraTrap\58e59ad7-23d2-11e8-a6a3-ec086b02610b.jpg;1
\vacia\NOANIMAL_ZOO_1_4\6_20201812 (10836).JPG;0
\humanovehiculo\humano_vehiculo_PNM_2013-O_ISAAC\f20527IM000025.JPG;1
\cervidae\3_ciervo_alumno_2_TH\37_20201024 (1298).JPG;1
\cervidae\CERVIDREDORFALLOWDEER_ZOO_5_6_7_9\28_20210318 (15570).JPG;1
\vaca\cow_CaltechCameraTrap\58bd1cca-23d2-11e8-a6a3-ec086b02610b.jpg;1
\humanovehiculo\HUMANORVEHICLE_ZOO_1_4\13_20201118 (82).JPG;1
\cervidae\CERVIDREDORFALLOWDEER_ZOO_5_6_7_9\5_20210219 (134) (2021_04_15 06_16_22 UTC).JPG;1
\vacia\NOANIMAL_ZOO_5_6_7_9\50_20210417 (25827).JPG;0
\cervidae\ciervo_PNM_2013-O_ISAAC\f29207IMAG0802.JPG;1
\vaca\Vaca1_diego_1_rev_donana\15_20201024 (3144).JPG;1
\ave\Woodpigeon_mammalWeb\41448.jpg;1
\vacia\NOANIMAL_ZOO_1_4\24_20210115 (1482).JPG;0
\jabali\jabali_vacías_humanos_PNC_2012_ME\a35077IM000050.JPG;1
\zorro\zorro_PNC_2014_manuel\c28219FILE0005.JPG;1
\vaca\Vaca_ME_rev_1_donana\15_20201024 (7630).JPG;1
\vacia\empty_caltechCameraTraps\598ace02-23d2-11e8-a6a3-ec086b02610b.jpg;0
\jabali\WILDBOAR_ZOO_5_6_7_9\32_20210417 (10126).JPG;1
\micromamiferos\micromamiferos_Paco_Carro_JC\IMG_0638.JPG;1
\micromamiferos\micromamiferos_fotosManuelEmilio20200912\IMG_1266_x1.JPG;1
\cervidae\deer_CaltechCameraTrap\5a2c86be-23d2-11e8-a6a3-ec086b02610b.jpg;1
\vacia\NOANIMAL_ZOO_1_4\7_20210115 (2863).JPG;0
\tejon\Tejon_Leo_Otra_fauna_PASADA_POR_LA_RED_JC\Otrafauna (504).JPG;1
\vacia\NOANIMAL_ZOO_5_6_7_9\13_20210218 (589) (2021_04_15 06_16_22 UTC).JPG;0
\vaca\COW_ZOO_1_4\21_20201217 (2924).JPG;1
\cervidae\CERVIDREDORFALLOWDEER_ZOO_5_6_7_9\2_20210417 (420).JPG;1
\leporido\conejo_WellingtonCameraTraps_SS\050416131314024as073.JPG;1
\cervidae\CERVIDREDORFALLOWDEER_ZOO_5_6_7_9\9_20210615 (3188).JPG;1
\ave\ave_Soraya_Padilla_Alumno_1_TH\STC_0298_frame010.jpg;1
\vacia\empty_IslandConservationCameraTraps\dominicanrepublic_cam1826junio2015_20150505_121421_img_2818.jpg;0
\zorro\Zorro_Pepe_IREC\Zorro_Pepe_Irec_ME\IMAG0322_(7).JPG;1
\vacia\NOANIMAL_ZOO_1_4\6_20201116 (4470).JPG;0
\ave\ave_Soraya_Padilla_Alumno_1_TH\STC_0050_frame010.jpg;1
\vacia\empty_SnapshotMountainZebra\MTZ_S1_E06_R3_IMAG0544.JPG;0
\ave\ave_Soraya_Padilla_Alumno_1_TH\STC_0226_frame150.jpg;1
\vacia\vacia_alumno_AM_2\10_20201019 (7379).JPG;0
\gineta\gineta_Saul Martin_FRAMES_SIN_REPETIDOS_REVISADOS_DIEGO\STC_0008_frame140.jpg;1
\cervidae\ciervo_PNC_2014_ISAAC\c30202IM000111.JPG;1
\vacia\empty_SnapshotMountainZebra\MTZ_S1_E04_R1_IMAG0720.JPG;0
\vacia\empty_SnapshotMountainZebra\MTZ_S1_D06_R1_IMAG1583.JPG;0
\vacia\empty_caltechCameraTraps\59e43ff0-23d2-11e8-a6a3-ec086b02610b.jpg;0
\vacia\empty_IslandConservationCameraTraps\ecuador1_ic1611_20150101_000001_img_2130.jpg;0
\vacia\empty_IslandConservationCameraTraps\ecuador1_ic1611_20150101_000001_img_0202.jpg;0
\jabali\WILDBOAR_ZOO_5_6_7_9\28_20210219 (2334) (2021_04_15 06_16_22 UTC).JPG;1
\caballo\HORSE_ZOO_1_4\15_20210117 (13544).JPG;1
\vacia\vacia_Paco_Carro_JC\IMG_0661.JPG;0
\cervidae\CERVIDREDORFALLOWDEER_ZOO_5_6_7_9\15_20210219 (6072) (2021_04_15 06_16_22 UTC).JPG;1
\vacia\NOANIMAL_ZOO_5_6_7_9\24_20210418 (9472).JPG;0
\ave\bird_CaltechCameraTrap\58d92f46-23d2-11e8-a6a3-ec086b02610b.jpg;1
\zorro\zorro_PNM_2012_ME\d14704IMAG0034.JPG;1
\zorro\zorro_PNC_2012_JC\a15660IMAG0063.JPG;1
\vacia\empty_caltechCameraTraps\59eaba33-23d2-11e8-a6a3-ec086b02610b.jpg;0
\leporido\rabbit_IslandConservationCameraTraps\chile_frances012013_0301201374531.jpg;1
\vacia\NOANIMAL_ZOO_1_4\34_20210115 (7518).JPG;0
\cervidae\2_cervidae_alumno_2_TH\21_20201025 (2695).JPG;1
\lince\Lince_b_Linces2_Leo_JC\lince228 (496).JPG;1
\vacia\vacias_PNM_2013-O_ISAAC\f972IM000884.JPG;0
\vacia\empty_SnapshotKruger\KRU_S1_16_R1_IMAG0069.JPG;0
\cervidae\CERVIDREDORFALLOWDEER_ZOO_5_6_7_9\5_20210219 (351) (2021_04_15 06_16_22 UTC).JPG;1
\jabali\WILDBOAR_ZOO_1_4\15_20210117 (296).JPG;1
\vacia\NOANIMAL_ZOO_5_6_7_9\24_20210318 (5371).JPG;0
\vaca\COW_ZOO_1_4\21_20201217 (960).JPG;1
\cervidae\CERVIDREDORFALLOWDEER_ZOO_5_6_7_9\9_20210218 (71) (2021_04_15 06_16_22 UTC).JPG;1
\vacia\vacias_PNM_2013-O_ISAAC\f15261IMAG0034.JPG;0
\vacia\vacias_PNC_2014_ISAAC\c12156IMAG0054.JPG;0
\vacia\empty_SnapshotMountainZebra\MTZ_S1_G04_R3_IMAG3636.JPG;0
\cervidae\ciervo_vacías_humanos_PNC_2012_ME\a20254IM000008.JPG;1
\vacia\vacia_Paco_Carro_JC\IMG_0650.JPG;0
\vacia\empty_SnapshotMountainZebra\MTZ_S1_C06_R1_IMAG1022.JPG;0
\cervidae\CERVIDREDORFALLOWDEER_ZOO_5_6_7_9\39_20210417 (605).JPG;1
\vacia\NOANIMAL_ZOO_5_6_7_9\24_20210318 (5454).JPG;0
\gato_domestico\gato_WellingtonCameraTraps_SS\11101520000402428282.JPG;1
\vacia\vacias_2_de_2_PNC_2012_ISAAC\a5087IM000864.JPG;0
\cervidae\ciervo_PNM_2012_ME\d15517IM000080.JPG;1
\vacia\vacia_Paco_Carro_JC\01130394.JPG;0
\vaca\cow_CaltechCameraTrap\58f29512-23d2-11e8-a6a3-ec086b02610b.jpg;1
\vacia\NOANIMAL_ZOO_5_6_7_9\2_20210417 (16607).JPG;0
\humanovehiculo\humanovehiculo_PNC_2013-O_RED_ISAAC\b279FILE0204.JPG;1
\vacia\empty_IslandConservationCameraTraps\dominicanrepublic_cam1125abril2015_20150406_173532_img_0419.jpg;0
\vacia\vacias_PNM_2013-O_ISAAC\f15690IMAG0472.JPG;0
\jabali\WILDBOAR_ZOO_1_4\37_20201116 (4712).JPG;1
\cervidae\CERVIDREDORFALLOWDEER_ZOO_5_6_7_9\24_20210318 (8088).JPG;1
\vaca\cow_CaltechCameraTrap\58a1c945-23d2-11e8-a6a3-ec086b02610b.jpg;1
\cervidae\CERVIDREDORFALLOWDEER_ZOO_1_4\37_20201116 (7061).JPG;1
\vacia\SnampshotEnonkishu\ENO_S1_D05_R1_IMAG1024.JPG;0
\vacia\NOANIMAL_ZOO_1_4\15_20201117 (8865).JPG;0
\vacia\NOANIMAL_ZOO_1_4\6_20201812 (14204).JPG;0
\vaca\cow_CaltechCameraTrap\5934187c-23d2-11e8-a6a3-ec086b02610b.jpg;1
\vacia\vacia_javi_2_JC\19_20201023 (28).JPG;0
\cervidae\ciervo_PNM_2013-O_ISAAC\f13669IMAG0706.JPG;1
\vacia\empty_IslandConservationCameraTraps\puertorico_26_20150508_175502_ek002071.jpg;0
\cervidae\ciervo_ss\8_20201029 (92).JPG;1
\leporido\2_conejo_Paco_Carro_JC\PICT1293.JPG;1
\vacia\NOANIMAL_ZOO_5_6_7_9\5_20210319 (1674).JPG;0
\vacia\NOANIMAL_ZOO_5_6_7_9\25_20210615 (5481).JPG;0
\vacia\vacio_Saul Martin_FRAMES_SIN_REPETIDOS_REVISADOS_DIEGO\IMAG0033_frame180.jpg;0
\jabali\WILDBOAR_ZOO_5_6_7_9\42_20210218 (107) (2021_04_15 06_16_22 UTC).JPG;1
\vacia\NOANIMAL_ZOO_1_4\26_20201020 (17806).JPG;0
\cervidae\Ciervo_PNM_2013-0_ME\f29195IMAG0789.JPG;1
\zorro\zorro_Leo_Otra_fauna_PASADA_POR_LA_RED_JC\Otrafauna (205).JPG;1
\ave\Magpie_mammalWeb\6542.jpg;1
\vacia\vacias_2_de_2_PNC_2012_ISAAC\a7764IM000180.JPG;0
\tejon\tejon_alumno_2_AM_JC\DSCF0360_frame034.jpg;1
\leporido\conejo_WellingtonCameraTraps_SS\270416172514038c7265.JPG;1
\vacia\empty_IslandConservationCameraTraps\dominicanrepublic_cam1826julio2015_20150719_121335_img_2802.jpg;0
\vacia\empty_caltechCameraTraps\5a015bc6-23d2-11e8-a6a3-ec086b02610b.jpg;0
\lince\Lince_a_Linces2_Leo_JC\lince77 (102).JPG;1
\ave\2_ave_ave_WellingtonCameraTraps_SS\100416162200049c5351.JPG;1
\humanovehiculo\car_CaltechCameraTrap_ME\vehiculo\5a2af485-23d2-11e8-a6a3-ec086b02610b.jpg;1
\caballo\HORSE_ZOO_1_4\15_20210117 (2060).JPG;1
\vacia\NOANIMAL_ZOO_5_6_7_9\24_20210615 (20262).JPG;0
\ave\short-eared_owl_IslandConservationCameraTraps\chile_piedra012013_1903201362527.jpg;1
\tejon\Tejon_ME_rev_2_donana\20_20201024 (1236).JPG;1
\vaca\cow_CaltechCameraTrap\5865e45d-23d2-11e8-a6a3-ec086b02610b.jpg;1
\jabali\WILDBOAR_ZOO_1_4\31_20201218 (228).JPG;1
\leporido\conejo_Paco_Carro_JC\PICT1095.JPG;1
\vacia\NOANIMAL_ZOO_1_4\6_20201812 (8276).JPG;0
\cervidae\Ciervo_PNM_2013-0_ME\f20372IM000116.JPG;1
\vacia\NOANIMAL_ZOO_5_6_7_9\50_20210417 (24666).JPG;0
\vacia\empty_SnapshotMountainZebra\MTZ_S1_D07_R1_IMAG1360.JPG;0
\zorro\zorro_PNC_2012_JC\a35054IM000026.JPG;1
\vacia\NOANIMAL_ZOO_5_6_7_9\50_20210417 (22131).JPG;0
\vacia\empty_IslandConservationCameraTraps\dominicanrepublic_cam1425abril2015_20150409_115753_img_0625.jpg;0
\cervidae\CERVIDREDORFALLOWDEER_ZOO_1_4\14_20201118 (310).JPG;1
\vacia\empty_SnapshotMountainZebra\MTZ_S1_D07_R1_IMAG0812.JPG;0
\cervidae\deer_CaltechCameraTrap\5a116b8f-23d2-11e8-a6a3-ec086b02610b.jpg;1
\cervidae\CERVIDREDORFALLOWDEER_ZOO_1_4\21_20201217 (1320).JPG;1
\jabali\Jabalí_PNC_2013-O_ME\b1374IMAG0225.JPG;1
\zorro\Zorro_Pepe_IREC\Zorro_Pepe_Irec_ME\IMAG0117_(4).JPG;1
\vacia\NOANIMAL_ZOO_1_4\26_20201020 (4950).JPG;0
\leporido\conejo_Paco_Carro_JC\PICT1330.JPG;1
\vacia\NOANIMAL_ZOO_5_6_7_9\25_20210417 (11852).JPG;0
\zorro\Zorro_Pepe_IREC\Zorro_Pepe_Irec_ME\IMAG0144_(11).JPG;1
\vacia\empty_IslandConservationCameraTraps\dominicanrepublic_cam2015abril2015_20150407_163721_img_3762.jpg;0
\tejon\Tejon_Leo_Otra_fauna_PASADA_POR_LA_RED_JC\Otrafauna (1258).JPG;1
\vacia\NOANIMAL_ZOO_1_4\22_20210115 (796).JPG;0
\cervidae\cervidae_alumno_1_AM_2\30_20201021 (13039).JPG;1
\cervidae\Ciervo_PNC_2013-O_ME\b17142IM000059.JPG;1
\leporido\rabbit_IslandConservationCameraTraps\chile_frances022013_14052013140306.jpg;1
\vacia\NOANIMAL_ZOO_1_4\26_20201020 (5693).JPG;0
\zorro\zorro_PNM_2013-I_ME\e4251IM000081.JPG;1
\vacia\NOANIMAL_ZOO_5_6_7_9\11_20210615 (7031).JPG;0
\humanovehiculo\HUMANORVEHICLE_ZOO_5_6_7_9\33_20210218 (1) (2021_04_15 06_16_22 UTC).JPG;1
\vacia\NOANIMAL_ZOO_5_6_7_9\24_20210318 (5772).JPG;0
\vacia\NOANIMAL_ZOO_1_4\34_20210115 (2719).JPG;0
\zorro\Zorro_PNC_2014_JC\c3397IM000133.JPG;1
\vaca\cow_CaltechCameraTrap\5860ecf8-23d2-11e8-a6a3-ec086b02610b.jpg;1
\vacia\Vacias_PNC_2014_JC\c783IM000193.JPG;0
\jabali\WILDBOAR_ZOO_1_4\24_20201019 (1274).JPG;1
\vacia\empty_SnapshotMountainZebra\MTZ_S1_D06_R1_IMAG2572.JPG;0
\vacia\empty_IslandConservationCameraTraps\dominicanrepublic_cam1125abril2015_20150415_160103_img_1518.jpg;0
\zorro\REDFOX_ZOO_5_6_7_9\2_20210219 (149) (2021_04_15 06_16_22 UTC).JPG;1
\ave\Chicken_ena24\5890.jpg;1
\leporido\rabbit_CaltechCameraTrap_ME\58b12f72-23d2-11e8-a6a3-ec086b02610b.jpg;1
\lince\linces_Linces2_Leo_JC\2_Lince_Linces2_Leo_JC\lince162 (40).JPG;1
\zorro\Zorro_PNC_2014_JC\c29980IM000032.JPG;1
\vacia\vacia_alumno_1_TH\Nada (39)_frame020.jpg;0
\vacia\NOANIMAL_ZOO_1_4\26_20201020 (15677).JPG;0
\zorro\zorro_PNM_2012_ME\d14687IMAG0016.JPG;1
\vacia\NOANIMAL_ZOO_1_4\34_20210115 (1964).JPG;0
\leporido\rabbit_CaltechCameraTrap_ME\5979bd06-23d2-11e8-a6a3-ec086b02610b.jpg;1
\vacia\NOANIMAL_ZOO_5_6_7_9\36_20210618 (7947).JPG;0
\cervidae\ciervo_PNC_2014_ISAAC\c24410IMAG0139.JPG;1
\ave\OTHERSPECIES_ZOO_5_6_7_9\50_20210417 (178).JPG;1
\zorro\zorro_PNC_2013-I_RED_ME\6530IMAG0039.JPG;1
\vacia\vacia_Paco_Carro_JC\PICT0017.JPG;0
\humanovehiculo\humano_vehiculo_PNM_2012_ISAAC\d3728IM000032.JPG;1
\ave\rooster_IslandConservationCameraTraps\palau_cam09a12132018_20181010_073923_rcnx0566.jpg;1
\vaca\cow_IslandConservationCameraTraps\dominicanrepublic_cam1226junio2015_20150330_140638_img_0179.jpg;1
\cervidae\Ciervo_PNC_2012_JC\a43084IMAG0118.JPG;1
\vacia\NOANIMAL_ZOO_1_4\34_20210115 (8620).JPG;0
\vacia\empty_IslandConservationCameraTraps\dominicanrepublic_cam1826julio2015_20150709_121420_img_1875.jpg;0
\vacia\NOANIMAL_ZOO_1_4\2_20201215 (1534).JPG;0
\zorro\Zorro_Pepe_IREC\Zorro_Pepe_Irec_ME\IMAG0207_(7).JPG;1
\caballo\HORSE_ZOO_5_6_7_9\17_20210418 (55).JPG;1
\perro\dog_caltechCameraTraps\59eab86a-23d2-11e8-a6a3-ec086b02610b.jpg;1
\tejon\EUROPEANBADGER_ZOO_5_6_7_9\41_20210615 (421).JPG;1
\ave\ave_PNC_2014_manuel\c4084IMAG0016.JPG;1
\vacia\vacias_PNC_2013-O_RED_ME\b14228IM000012.JPG;0
\humanovehiculo\humanovehiculo_PNC_2014_manuel\c5271IM000006.JPG;1
\vacia\NOANIMAL_ZOO_5_6_7_9\24_20210418 (7622).JPG;0
\micromamiferos\micromamiferos_fotosManuelEmilio20200912\IMG_0529.JPG;1
\cervidae\cervidae_buscar_cab_isaac_sin_contar\4_20201220 (887).JPG;1
\vacia\vacia_Paco_Carro_JC\01120271.JPG;0
\vacia\NOANIMAL_ZOO_5_6_7_9\42_20210618 (1594).JPG;0
\humanovehiculo\humanovehiculo_ss\25_20201024 (1239).JPG;1
\cervidae\CERVIDREDORFALLOWDEER_ZOO_1_4\1_20210115 (84).JPG;1
\ave\raven_IslandConservationCameraTraps\dominicanrepublic_cam3001octubre2017_20170815_161044_img_0019.jpg;1
\leporido\Rabbit_mammalWeb\14966.jpg;1
\cervidae\2_ciervo_Javi_3_JC\6_20201023 (1195).JPG;1
\cervidae\corzo_alumno_2_AM_JC\STC_0355_frame070.jpg;1
\vacia\NOANIMAL_ZOO_5_6_7_9\5_20210319 (783).JPG;0
\vaca\cow_CaltechCameraTrap\58bd1c19-23d2-11e8-a6a3-ec086b02610b.jpg;1
\cervidae\ciervo_PNC_2013-I_RED_ME\9774IM000088.JPG;1
\vacia\empty_SnapshotMountainZebra\MTZ_S1_G04_R3_IMAG0889.JPG;0
\lince\Lince_a_Linces2_Leo_JC\Lince60 (234).JPG;1
\lince\linces_fecha_Linces2_Leo_JC\3_Lince_flecha_Linces2_Leo_JC\lince70 (142).JPG;1
\humanovehiculo\humano_vehiculo_PNM_2012_ISAAC\d11434IM000012.JPG;1
\vacia\NOANIMAL_ZOO_5_6_7_9\48_20210615 (52).JPG;0
\ave\ave_PNC_2013-O_RED_ME\b4820IMAG0699.JPG;1
\jabali\jabali_vacías_humanos_PNC_2012_ME\a35096IM000070.JPG;1
\humanovehiculo\humanovehiculo_vacías_humanos_PNC_2012_ME\a4005IM000003.JPG;1
\vaca\COW_ZOO_5_6_7_9\9_20210615 (2541).JPG;1
\cervidae\CERVIDREDORFALLOWDEER_ZOO_1_4\40_20201117 (2427).JPG;1
\vacia\NOANIMAL_ZOO_5_6_7_9\11_20210418 (2009).JPG;0
\vacia\vacias_PNM_2013-I_ISAAC\e1916IM000403.JPG;0
\vacia\empty_IslandConservationCameraTraps\dominicanrepublic_cam1826junio2015_20150505_055851_img_0764.jpg;0
\vacia\NOANIMAL_ZOO_5_6_7_9\25_20210417 (6287).JPG;0
\jabali\WILDBOAR_ZOO_1_4\15_20210117 (5782).JPG;1
\vacia\empty_SnapshotMountainZebra\MTZ_S1_G04_R3_IMAG1170.JPG;0
\humanovehiculo\car_CaltechCameraTrap_ME\vehiculo\59d8ed3f-23d2-11e8-a6a3-ec086b02610b.jpg;1
\mapache\raccoon_CaltechCameraTrap_ME\590560ce-23d2-11e8-a6a3-ec086b02610b.jpg;1
\vacia\vacia_Paco_Carro_JC\IMG_0576.JPG;0
\lince\Lince_a_Linces2_Leo_JC\lince122 (87).JPG;1
\cervidae\2_ciervo_Javi_3_JC\21_20201025 (443).JPG;1
\leporido\conejo_leo_donana\0007380.JPG;1
\vacia\empty_IslandConservationCameraTraps\dominicanrepublic_cam0425abril2015_20130826_023940_sunp6013.jpg;0
\vacia\NOANIMAL_ZOO_5_6_7_9\39_20210417 (1372).JPG;0
\humanovehiculo\humanos_Paco_Carro_JC\01020036.JPG;1
\vacia\NOANIMAL_ZOO_1_4\1_20201220 (521).JPG;0
\ave\ave_Soraya_Padilla_Alumno_1_TH\STC_0226_frame080.jpg;1
\vacia\NOANIMAL_ZOO_5_6_7_9\19_20210618 (4794).JPG;0
\ave\ave_ave_WellingtonCameraTraps_SS\03111514072008305356.JPG;1
\vaca\COW_ZOO_5_6_7_9\21_20210418 (2878).JPG;1
\cervidae\cervidae_alumno_1_TH\Capcap (3)_frame140.jpg;1
\cervidae\CERVIDREDORFALLOWDEER_ZOO_5_6_7_9\28_20210615 (1270).JPG;1
\ave\OTHERSPECIES_ZOO_5_6_7_9\21_20210318 (14689).JPG;1
\humanovehiculo\humanos_Paco_Carro_JC\PICT0026 (2).JPG;1
\vacia\empty_SnapshotMountainZebra\MTZ_S1_D06_R1_IMAG2653.JPG;0
\vacia\empty_caltechCameraTraps\59ccd20e-23d2-11e8-a6a3-ec086b02610b.jpg;0
\vacia\empty_SnapshotMountainZebra\MTZ_S1_E06_R3_IMAG1660.JPG;0
\vacia\empty_IslandConservationCameraTraps\dominicanrepublic_cam0425abril2015_20130814_032927_sunp2235.jpg;0
\mapache\raccoon_CaltechCameraTrap_ME\5931012d-23d2-11e8-a6a3-ec086b02610b.jpg;1
\zorro\zorro_PNM_2012_ME\d15104IM000031.JPG;1
\caballo\caballos_simone\4_20201220 (7364).JPG;1
\cervidae\ciervo_PNC_2013-O_RED_ISAAC\b16048IM000290.JPG;1
\zorro\Zorro_Pepe_IREC\Zorro_Pepe_Irec_ME\IMAG1698_(2).JPG;1
\vacia\NOANIMAL_ZOO_5_6_7_9\28_20210219 (9781) (2021_04_15 06_16_22 UTC).JPG;0
\ave\raven_IslandConservationCameraTraps\dominicanrepublic_cam0617abril2015_20130727_044334_sunp0048.jpg;1
\vacia\NOANIMAL_ZOO_5_6_7_9\2_20210618 (16545).JPG;0
\lince\Lince_a_Linces2_Leo_JC\Lince68 (8).JPG;1
\cervidae\Ciervo_PNC_2014_JC\c14037IMAG0117.JPG;1
\cervidae\CERVIDREDORFALLOWDEER_ZOO_1_4\21_20201025 (116).JPG;1
\cervidae\Ciervo_PNC_2014_JC\c6890IM000123.JPG;1
\vacia\empty_caltechCameraTraps\5971fac2-23d2-11e8-a6a3-ec086b02610b.jpg;0
\lince\Lince_a_Linces2_Leo_JC\Lince58 (70).JPG;1
\vacia\NOANIMAL_ZOO_1_4\34_20201024 (6839).JPG;0
\ave\American Crow_ena24\7892.jpg;1
\cervidae\ciervo_PNM_2012_ME\d14281IMAG0066.JPG;1
\cervidae\CERVIDREDORFALLOWDEER_ZOO_5_6_7_9\10_20210319 (10798).JPG;1
\ave\raven_IslandConservationCameraTraps\dominicanrepublic_cam11101agosto2017_20170723_155626_img_0502.jpg;1
\cervidae\CIERVO_PNM_2013-I_ISAAC\e3254IM000014.JPG;1
\leporido\rabbit_IslandConservationCameraTraps\chile_frances012013_2212201204101.jpg;1
\gato_domestico\gato_domestico_Soraya_Padilla_Alumno_1_TH\DSCF0004_frame030.jpg;1
\cervidae\Ciervo_PNC_2014_JC\c28722IM000027.JPG;1
\cervidae\CERVIDREDORFALLOWDEER_ZOO_5_6_7_9\33_20210318 (227).JPG;1
\cervidae\CERVIDREDORFALLOWDEER_ZOO_5_6_7_9\38_20210417 (712).JPG;1
\jabali\jabali_PNC_2013-O_RED_ISAAC\b19237IMAG0036.JPG;1
\vacia\NOANIMAL_ZOO_1_4\7_20210115 (2807).JPG;0
\micromamiferos\micromamifero_WellingtonCameraTraps_SS\200316193150030a3393.JPG;1
\vaca\COW_ZOO_1_4\2_20210115 (9572).JPG;1
\vacia\empty_caltechCameraTraps\59c66947-23d2-11e8-a6a3-ec086b02610b.jpg;0
\cervidae\CIERVO_PNM_2012_ISAAC\d15646IM000068.JPG;1
\zorro\zorro_PNM_2013-I_ISAAC\e291IM000008.JPG;1
\vacia\NOANIMAL_ZOO_1_4\26_20201020 (17087).JPG;0
\vacia\NOANIMAL_ZOO_1_4\17_20210114 (1413).JPG;0
\cervidae\2_ciervo_Javi_3_JC\21_20201025 (1778).JPG;1
\vaca\cow_CaltechCameraTrap\592f702c-23d2-11e8-a6a3-ec086b02610b.jpg;1
\zorro\Zorro_Pepe_IREC\Zorro_Pepe_Irec_ME\IMAG0042_(3).JPG;1
\vacia\empty_caltechCameraTraps\5a07cf2e-23d2-11e8-a6a3-ec086b02610b.jpg;0
\cervidae\CERVIDREDORFALLOWDEER_ZOO_5_6_7_9\22_20210318 (5418).JPG;1
\zorro\zorro_PNC_2013-O_RED_ISAAC\b19471IMAG0056.JPG;1
\cervidae\ciervo_PNM_2012_ME\d7970IMAG0036.JPG;1
\ave\bird_CaltechCameraTrap\58f5affc-23d2-11e8-a6a3-ec086b02610b.jpg;1
\cervidae\CERVIDREDORFALLOWDEER_ZOO_1_4\2_20201117 (4441).JPG;1
\humanovehiculo\humanovehiculo_vacías_humanos_PNC_2012_ME\a44433IM000015.JPG;1
\vacia\empty_SnapshotMountainZebra\MTZ_S1_E06_R3_IMAG1552.JPG;0
\zorro\zorro_PNC_2012_JC\a33359IMAG0032.JPG;1
\vaca\COW_ZOO_1_4\2_20210115 (3243).JPG;1
\cervidae\deer_CaltechCameraTrap\5965a994-23d2-11e8-a6a3-ec086b02610b.jpg;1
\cervidae\cervido_simone_2\40_20201024 (6525).JPG;1
\vacia\NOANIMAL_ZOO_1_4\34_20201116 (82).JPG;0
\vacia\vacia_alumno_TH_3_TH_JC\30_20201021 (15409).JPG;0
\cervidae\CERVIDREDORFALLOWDEER_ZOO_1_4\7_20201118 (127).JPG;1
\vaca\cow_CaltechCameraTrap\588c1295-23d2-11e8-a6a3-ec086b02610b.jpg;1
\vacia\NOANIMAL_ZOO_1_4\34_20210115 (5896).JPG;0
\lince\Lince_a_Linces2_Leo_JC\lince94 (268).JPG;1
\vacia\NOANIMAL_ZOO_1_4\15_20210117 (3915).JPG;0
\cervidae\deer_CaltechCameraTrap\59e91957-23d2-11e8-a6a3-ec086b02610b.jpg;1
\micromamiferos\rat_IslandConservationCameraTraps\micronesia_cam06_cam06june2019_pig_20190629200408_1765.jpg;1
\jabali\jabali_buscar_cab_isaac_sin_contar\9_20201712 (1656).JPG;1
\jabali\WILDBOAR_ZOO_1_4\12_20201118 (108).JPG;1
\gato_domestico\cat_CaltechCameraTrap\59af9754-23d2-11e8-a6a3-ec086b02610b.jpg;1
\vaca\COW_ZOO_1_4\6_20201116 (2617).JPG;1
\leporido\rabbit_IslandConservationCameraTraps\chile_frances012013_10012013153647.jpg;1
\vaca\COW_ZOO_5_6_7_9\17_20210218 (53) (2021_04_15 06_16_22 UTC).JPG;1
\meloncillo\Meloncillo_PEPE_IREC_JC\IMAG0025.JPG;1
\jabali\WILDBOAR_ZOO_5_6_7_9\19_20210319 (1048).JPG;1
\vacia\empty_SnapshotMountainZebra\MTZ_S1_D05_R1_IMAG2344.JPG;0
\vacia\NOANIMAL_ZOO_5_6_7_9\49_20210418 (13069).JPG;0
\micromamiferos\micromamiferos_fotosManuelEmilio20200912\IMG_0661.JPG;1
\cervidae\ciervo_PNC_2014_ISAAC\c174IM000019.JPG;1
\vacia\NOANIMAL_ZOO_1_4\6_20201812 (11242).JPG;0
\vacia\empty_SnapshotMountainZebra\MTZ_S1_G04_R3_IMAG3260.JPG;0
\zorro\Red fox_mammalWeb\66312.jpg;1
\vacia\vacias_2_de_2_PNC_2012_ISAAC\a27157IM000639.JPG;0
\vacia\NOANIMAL_ZOO_1_4\7_20210115 (2914).JPG;0
\gato_domestico\Domestic cat_mammalWeb\17561.jpg;1
\vacia\NOANIMAL_ZOO_1_4\26_20201020 (13981).JPG;0
\vacia\NOANIMAL_ZOO_1_4\6_20201812 (13467).JPG;0
\caballo\HORSE_ZOO_1_4\2_20201117 (5002).JPG;1
\jabali\jabali_vacías_humanos_PNC_2012_ME\a40500IMAG0151.JPG;1
\cervidae\ciervo_PNC_2013-O_RED_ISAAC\b14408IM000092.JPG;1
\vacia\Vacio__diego_2_rev_donana\24_20201019 (2126).JPG;0
\vacia\NOANIMAL_ZOO_1_4\26_20201020 (10662).JPG;0
\vacia\NOANIMAL_ZOO_5_6_7_9\42_20210218 (235) (2021_04_15 06_16_22 UTC).JPG;0
\caballo\HORSE_ZOO_1_4\15_20201117 (2768).JPG;1
\jabali\WILDBOAR_ZOO_5_6_7_9\41_20210218 (288) (2021_04_15 06_16_22 UTC).JPG;1
\zorro\zorro_PNC_2014_manuel\c25429IM000031.JPG;1
\cervidae\deer_CaltechCameraTrap\599d7ebe-23d2-11e8-a6a3-ec086b02610b.jpg;1
\vacia\NOANIMAL_ZOO_5_6_7_9\24_20210615 (16023).JPG;0
\jabali\WILDBOAR_ZOO_5_6_7_9\2_20210417 (651).JPG;1
\humanovehiculo\HUMANORVEHICLE_ZOO_1_4\24_20201218 (1641).JPG;1
\gato_domestico\cat_CaltechCameraTrap\58910ec7-23d2-11e8-a6a3-ec086b02610b.jpg;1
\vacia\empty_IslandConservationCameraTraps\ecuador2_ic1604_20181026_135155_img_0051.jpg;0
\vaca\COW_ZOO_1_4\6_20201116 (1380).JPG;1
\jabali\WILDBOAR_ZOO_1_4\20_20210115 (1401).JPG;1
\jabali\WILDBOAR_ZOO_1_4\37_20201116 (7968).JPG;1
\leporido\conejo_Paco_Carro_JC\PICT2319.JPG;1
\ave\2_ave_Soraya_Padilla_Alumno_1_TH\DSCF0074_frame100.jpg;1
\cervidae\CERVIDREDORFALLOWDEER_ZOO_1_4\33_20201025 (307).JPG;1
\vacia\vacia_alumno_1_AM\40_20201024 (8102).JPG;0
\jabali\2_jabali_javi_JC\40_20201024 (6010).JPG;1
\vaca\Vaca1_diego_1_rev_donana\17_20201026 (852).JPG;1
\vacia\empty_SnapshotMountainZebra\MTZ_S1_E06_R3_IMAG1764.JPG;0
\vacia\NOANIMAL_ZOO_1_4\6_20201812 (10307).JPG;0
\garduna\garduna_PNM_2013-O_ME\f18626IM000478.JPG;1
\vacia\NOANIMAL_ZOO_5_6_7_9\25_20210417 (4158).JPG;0
\lince\Lince_b_Linces2_Leo_JC\lince178 (12).JPG;1
\vacia\empty_IslandConservationCameraTraps\dominicanrepublic_cam0526julio2015_20150624_131304_sunp0066.jpg;0
\vacia\NOANIMAL_ZOO_5_6_7_9\15_20210219 (5215) (2021_04_15 06_16_22 UTC).JPG;0
\vacia\NOANIMAL_ZOO_1_4\34_20210115 (5304).JPG;0
\zorro\zorro_PNM_2013-I_ISAAC\e4783IM000028.JPG;1
\vacia\empty_IslandConservationCameraTraps\dominicanrepublic_cam0425abril2015_20130827_044353_sunp6497.jpg;0
\zorro\zorro_vacías_humanos_PNC_2012_ME\a52208IM000013.JPG;1
\vacia\NOANIMAL_ZOO_5_6_7_9\49_20210418 (21789).JPG;0
\vacia\NOANIMAL_ZOO_1_4\2_20201215 (8328).JPG;0
\vaca\COW_ZOO_1_4\6_20201116 (1114).JPG;1
\vacia\NOANIMAL_ZOO_1_4\34_20210115 (7686).JPG;0
\zorro\zorro_PNM_2013-I_ME\e3683IM000019.JPG;1
\vacia\NOANIMAL_ZOO_5_6_7_9\25_20210417 (11913).JPG;0
\jabali\jabali_PNM_2013-O_ISAAC\f28312IMAG0892.JPG;1
\lince\Lince_a_Linces2_Leo_JC\Lince47 (81).jpg;1
\vacia\empty_IslandConservationCameraTraps\dominicanrepublic_cam0725abril2015a_20130813_075941_sunp5295.jpg;0
\vacia\NOANIMAL_ZOO_5_6_7_9\39_20210417 (1353).JPG;0
\leporido\conejo_Paco_Carro_JC\PICT1315 (2).JPG;1
\zorro\zorro_PNC_2014_manuel\c18110IMAG0046.JPG;1
\jabali\WILDBOAR_ZOO_1_4\31_20201023 (438).JPG;1
\cervidae\ciervo_PNM_2012_ME\d14231IMAG0013.JPG;1
\humanovehiculo\humanovehiculo_vacías_humanos_PNC_2012_ME\a1984IM000003.JPG;1
\lince\Lince_a_Linces2_Leo_JC\Lince59 (37).JPG;1
\jabali\jabali_alumno_2_2_TH_JC\28_20201019 (1868).JPG;1
\vacia\NOANIMAL_ZOO_5_6_7_9\31_20210615 (3550).JPG;0
\cervidae\ciervo_javi_JC\37_20201024 (7958).JPG;1
\micromamiferos\rat_IslandConservationCameraTraps\ecuador2_ic1605_20181111_221157_img_0344.jpg;1
\cervidae\CERVIDREDORFALLOWDEER_ZOO_5_6_7_9\21_20210615 (348).JPG;1
\tejon\tejon_vacías_humanos_PNC_2012_ME\a2034IM000026.JPG;1
\vacia\NOANIMAL_ZOO_5_6_7_9\24_20210318 (5826).JPG;0
\vacia\NOANIMAL_ZOO_5_6_7_9\44_20210618 (613).JPG;0
\ave\shearwater_IslandConservationCameraTraps\chile_piedra012013_2601201352538.jpg;1
\vacia\empty_caltechCameraTraps\594ceb75-23d2-11e8-a6a3-ec086b02610b.jpg;0
\zorro\REDFOX_ZOO_1_4\11_20210114 (584).JPG;1
\cervidae\CERVIDREDORFALLOWDEER_ZOO_5_6_7_9\35_20210218 (2702) (2021_04_15 06_16_22 UTC).JPG;1
\vacia\empty_SnapshotKaroo\KAR_S1_C02_R1_IMAG0561.JPG;0
\humanovehiculo\humanovehiculo_PNM_2013-I_ME\e2780IM000024.JPG;1
\jabali\WILDBOAR_ZOO_1_4\41_20201025 (46).JPG;1
\jabali\WILDBOAR_ZOO_5_6_7_9\41_20210218 (89) (2021_04_15 06_16_22 UTC).JPG;1
\garduna\Garduna_PNC_2013-O_ME\b17402IM000044.JPG;1
\cervidae\ciervo_PNC_2014_ISAAC\c2608IM000143.JPG;1
\vaca\cow_CaltechCameraTrap\5937330f-23d2-11e8-a6a3-ec086b02610b.jpg;1
\cervidae\CERVIDREDORFALLOWDEER_ZOO_5_6_7_9\15_20210219 (4267) (2021_04_15 06_16_22 UTC).JPG;1
\cervidae\CERVIDREDORFALLOWDEER_ZOO_1_4\17_20210114 (27).JPG;1
\cervidae\deer_CaltechCameraTrap\5971f917-23d2-11e8-a6a3-ec086b02610b.jpg;1
\cervidae\CERVIDREDORFALLOWDEER_ZOO_5_6_7_9\49_20210418 (13131).JPG;1
\vacia\empty_SnapshotMountainZebra\MTZ_S1_F05_R1_IMAG0345.JPG;0
\vacia\empty_IslandConservationCameraTraps\dominicanrepublic_cam0425abril2015_20130824_055756_sunp5276.jpg;0
\vacia\vacio_Saul Martin_FRAMES_SIN_REPETIDOS_REVISADOS_DIEGO\IMAG0006_frame500_2 (4).jpg;0
\vacia\vacias_2_de_2_PNC_2012_ISAAC\a43547IM000362.JPG;0
\vacia\empty_IslandConservationCameraTraps\dominicanrepublic_cam1826julio2015_20150724_103033_img_2880.jpg;0
\cervidae\CERVIDREDORFALLOWDEER_ZOO_1_4\21_20201025 (567).JPG;1
\cervidae\cervidae_buscar_cab_isaac_sin_contar\9_20201118 (1243).JPG;1
\leporido\LEPORIDRABBITORHARE_ZOO_5_6_7_9\11_20210318 (2424).JPG;1
\vacia\SnampshotEnonkishu\ENO_S1_D06_R1_IMAG2042.JPG;0
\ave\white-winged_dove_IslandConservationCameraTraps\dominicanrepublic_cam1526julio2015_20150722_144448_img_0049.jpg;1
\zorro\zorro_PNM_2012_ME\d13675IM000055.JPG;1
\gineta\gineta_Saul Martin_FRAMES_SIN_REPETIDOS_REVISADOS_DIEGO\IMAG0017_frame200.jpg;1
\cervidae\deer_CaltechCameraTrap\59aadc9e-23d2-11e8-a6a3-ec086b02610b.jpg;1
\vacia\NOANIMAL_ZOO_5_6_7_9\25_20210417 (9448).JPG;0
\vacia\empty_caltechCameraTraps\59d8eacc-23d2-11e8-a6a3-ec086b02610b.jpg;0
\cervidae\CERVIDREDORFALLOWDEER_ZOO_1_4\2_20201117 (2290).JPG;1
\ave\ave_ave_WellingtonCameraTraps_SS\050416144222014as533.JPG;1
\ave\shearwater_IslandConservationCameraTraps\chile_vaqueria2013_02012013232950.jpg;1
\vacia\NOANIMAL_ZOO_1_4\4_20210117 (2900).JPG;0
\lince\Lince_b_Linces2_Leo_JC\lince144 (5).JPG;1
\cervidae\3_ciervo_Javi_3_JC\21_20201025 (479).JPG;1
\vaca\COW_ZOO_5_6_7_9\21_20210615 (726).JPG;1
\vacia\Nothing_mammalWeb\27897.jpg;0
\vacia\empty_caltechCameraTraps\59e2a46c-23d2-11e8-a6a3-ec086b02610b.jpg;0
\vacia\empty_IslandConservationCameraTraps\dominicanrepublic_cam2015abril2015_20150416_160540_img_5819.jpg;0
\cervidae\2_ciervo_Javi_3_JC\21_20201025 (416).JPG;1
\cervidae\CERVIDREDORFALLOWDEER_ZOO_5_6_7_9\10_20210319 (10449).JPG;1
\vacia\empty_IslandConservationCameraTraps\puertorico_16_20150426_150603_img_0666.jpg;0
\gato_domestico\gato_WellingtonCameraTraps_SS\27111523480201069482.JPG;1
\vacia\empty_SnapshotMountainZebra\MTZ_S1_E06_R3_IMAG0587.JPG;0
\vacia\empty_caltechCameraTraps\5a29650d-23d2-11e8-a6a3-ec086b02610b.jpg;0
\vacia\NOANIMAL_ZOO_5_6_7_9\25_20210219 (1027) (2021_04_15 06_16_22 UTC).JPG;0
\vacia\empty_IslandConservationCameraTraps\dominicanrepublic_cam0425abril2015_20130808_051741_sunp1285.jpg;0
\cervidae\CERVIDREDORFALLOWDEER_ZOO_1_4\34_20201024 (3634).JPG;1
\cervidae\CERVIDREDORFALLOWDEER_ZOO_1_4\21_20201025 (3773).JPG;1
\vacia\NOANIMAL_ZOO_5_6_7_9\24_20210418 (3129).JPG;0
\cervidae\3_ciervo_simone_2\34_20201024 (3251).JPG;1
\vacia\NOANIMAL_ZOO_1_4\34_20201024 (3702).JPG;0
\vacia\NOANIMAL_ZOO_5_6_7_9\2_20210417 (4113).JPG;0
\cervidae\ciervo_PNC_2013-O_RED_ISAAC\b16235IM000488.JPG;1
\cervidae\ciervo_vacías_humanos_PNC_2012_ME\a33253IM000082.JPG;1
\cervidae\ciervo_PNC_2014_ISAAC\c24563IMAG0077.JPG;1
\cervidae\CERVIDREDORFALLOWDEER_ZOO_1_4\21_20201025 (1752).JPG;1
\jabali\jabali_revGinetasJC_REV1_4_donana\37_20201116 (15360).JPG;1
\vacia\NOANIMAL_ZOO_1_4\7_20210115 (1405).JPG;0
\jabali\WILDBOAR_ZOO_1_4\37_20201116 (4716).JPG;1
\jabali\WILDBOAR_ZOO_1_4\37_20201116 (541).JPG;1
\vaca\cow_CaltechCameraTrap\588f688b-23d2-11e8-a6a3-ec086b02610b.jpg;1
\vacia\NOANIMAL_ZOO_1_4\34_20210115 (5311).JPG;0
\zorro\zorro_vacías_humanos_PNC_2012_ME\a15639IMAG0041.JPG;1
\vacia\NOANIMAL_ZOO_5_6_7_9\32_20210615 (12563).JPG;0
\vacia\vacia_WellingtonCameraTraps_SS\130216210826035a9231.JPG;0
\cervidae\CERVIDREDORFALLOWDEER_ZOO_5_6_7_9\5_20210219 (1755) (2021_04_15 06_16_22 UTC).JPG;1
\cervidae\deer_CaltechCameraTrap\5967377d-23d2-11e8-a6a3-ec086b02610b.jpg;1
\lince\Lince_a_Linces2_Leo_JC\lince123 (131).JPG;1
\leporido\rabbit_CaltechCameraTrap_ME\585c040c-23d2-11e8-a6a3-ec086b02610b.jpg;1
\lince\Lince_b_Linces2_Leo_JC\lince230 (138).JPG;1
\vacia\NOANIMAL_ZOO_1_4\6_20201812 (9437).JPG;0
\cervidae\deer_CaltechCameraTrap\597feed5-23d2-11e8-a6a3-ec086b02610b.jpg;1
\cervidae\CERVIDREDORFALLOWDEER_ZOO_5_6_7_9\28_20210615 (3158).JPG;1
\vacia\vacias_PNM_2013-O_ISAAC\f6484IMAG0910.JPG;0
\vacia\NOANIMAL_ZOO_5_6_7_9\50_20210417 (23631).JPG;0
\vacia\NOANIMAL_ZOO_5_6_7_9\50_20210417 (22818).JPG;0
\humanovehiculo\car_CaltechCameraTrap_ME\vehiculo\58b13211-23d2-11e8-a6a3-ec086b02610b.jpg;1
\gato_domestico\cat_CaltechCameraTrap\59bfdf3e-23d2-11e8-a6a3-ec086b02610b.jpg;1
\perro\perro_WellingtonCameraTraps_SS\200116110004021bs111.JPG;1
\jabali\jabali_PNC_2014_manuel\c6002IM000197.JPG;1
\ave\ave_PNC_2014_manuel\c15122IMAG0597.JPG;1
\micromamiferos\Small rodent_mammalWeb\41812.jpg;1
\ave\bird_CaltechCameraTrap\5a1e5155-23d2-11e8-a6a3-ec086b02610b.jpg;1
\cervidae\CERVIDREDORFALLOWDEER_ZOO_1_4\21_20201025 (1143).JPG;1
\vacia\empty_IslandConservationCameraTraps\dominicanrepublic_cam1125abril2015_20150403_135703_img_0226.jpg;0
\jabali\WILDBOAR_ZOO_1_4\37_20201116 (7358).JPG;1
\humanovehiculo\car_CaltechCameraTrap_ME\vehiculo\59782f94-23d2-11e8-a6a3-ec086b02610b.jpg;1
\lince\Lince_b_Linces2_Leo_JC\lince158 (43).JPG;1
\vacia\empty_IslandConservationCameraTraps\dominicanrepublic_cam3317mayo2017_20170504_150106_img_1336.jpg;0
\vacia\NOANIMAL_ZOO_1_4\26_20201020 (10387).JPG;0
\vacia\NOANIMAL_ZOO_5_6_7_9\25_20210417 (10164).JPG;0
\cervidae\CERVIDREDORFALLOWDEER_ZOO_1_4\34_20201024 (5770).JPG;1
\jabali\JABALI_PNM_2013-I_ISAAC\e5210IMAG0124.JPG;1
\vacia\NOANIMAL_ZOO_1_4\26_20201020 (1666).JPG;0
\gato_domestico\cat_CaltechCameraTrap\596bd979-23d2-11e8-a6a3-ec086b02610b.jpg;1
\vacia\NOANIMAL_ZOO_5_6_7_9\49_20210418 (3821).JPG;0
\vacia\vacia_javi_2_JC\27_20201023 (1109).JPG;0
\caballo\HORSE_ZOO_1_4\15_20201117 (7246).JPG;1
\vacia\NOANIMAL_ZOO_5_6_7_9\49_20210615 (3039).JPG;0
\cervidae\4_ciervo_simone_2\34_20201024 (6189).JPG;1
\cervidae\CERVIDREDORFALLOWDEER_ZOO_1_4\21_20201025 (5750).JPG;1
\vacia\vacias_2_de_2_PNC_2012_ISAAC\a4571IM000421.JPG;0
\vacia\NOANIMAL_ZOO_1_4\6_20201812 (9580).JPG;0
\vacia\NOANIMAL_ZOO_1_4\12_20201217 (362).JPG;0
\zorro\zorro_PNC_2013-I_RED_ME\5792IM000088.JPG;1
\vacia\vacias_1_de_2_PNC_2012_ISAAC\a43579IM000395.JPG;0
\jabali\WILDBOAR_ZOO_1_4\37_20201116 (10967).JPG;1
\lince\Lince_a_Linces2_Leo_JC\Lince60 (150).JPG;1
\jabali\WILDBOAR_ZOO_1_4\31_20201117 (187).JPG;1
\garduna\garduna_PNC_2013-I_ME\494IM000030.JPG;1
\vacia\NOANIMAL_ZOO_1_4\34_20210115 (3123).JPG;0
\vacia\NOANIMAL_ZOO_1_4\6_20201812 (11341).JPG;0
\cervidae\2_ciervo_Javi_3_JC\34_20201024 (2162).JPG;1
\jabali\WILDBOAR_ZOO_1_4\31_20201117 (74).JPG;1
\humanovehiculo\humanovehiculo_alumno_1_AM_2\25_20201024 (1277).JPG;1
\zorro\zorro_PNC_2014_manuel\c6675IM000024.JPG;1
\caballo\HORSE_ZOO_1_4\2_20201117 (619).JPG;1
\vacia\NOANIMAL_ZOO_5_6_7_9\5_20210219 (614) (2021_04_15 06_16_22 UTC).JPG;0
\vacia\NOANIMAL_ZOO_5_6_7_9\2_20210618 (17521).JPG;0
\cervidae\deer_CaltechCameraTrap\59c17702-23d2-11e8-a6a3-ec086b02610b.jpg;1
\humanovehiculo\car_CaltechCameraTrap_ME\vehiculo\59247b04-23d2-11e8-a6a3-ec086b02610b.jpg;1
\caballo\HORSE_ZOO_1_4\15_20210117 (5036).JPG;1
\vacia\empty_IslandConservationCameraTraps\dominicanrepublic_cam0425abril2015_20130808_021443_sunp0780.jpg;0
\jabali\jabali_PNC_2014_ISAAC\c11385IMAG0147.JPG;1
\lince\Lince_b_Linces2_Leo_JC\lince199 (3).JPG;1
\jabali\WILDBOAR_ZOO_5_6_7_9\48_20210418 (482).JPG;1
\cervidae\ciervo_ss\28_20201019 (2383).JPG;1
\caballo\HORSE_ZOO_5_6_7_9\46_20210618 (1731).JPG;1
\humanovehiculo\humanovehiculo_PNC_2014_manuel\c10060IM000001.JPG;1
\ave\2_ave_alumno_1_TH\Ave (1)_frame070.jpg;1
\cervidae\CERVIDREDORFALLOWDEER_ZOO_5_6_7_9\47_20210418 (1864).JPG;1
\vacia\NOANIMAL_ZOO_1_4\40_20201215 (3259).JPG;0
\jabali\Jabalí_PNC_2013-O_ME\b6682IM000101.JPG;1
\cervidae\CERVIDREDORFALLOWDEER_ZOO_5_6_7_9\47_20210615 (1541).JPG;1
\cervidae\CERVIDREDORFALLOWDEER_ZOO_1_4\26_20201020 (220).JPG;1
\jabali\5_jabali_javi_JC\34_20201024 (2972).JPG;1
\vacia\vacia_buscar_cab_isaac_sin_contar\9_20201118 (4).JPG;0
\ave\American Crow_ena24\8638.jpg;1
\leporido\rabbit_IslandConservationCameraTraps\chile_piedra012013_0903201345252.jpg;1
\humanovehiculo\car_CaltechCameraTrap_ME\vehiculo\59452d1e-23d2-11e8-a6a3-ec086b02610b.jpg;1
\cervidae\2_ciervo_Javi_3_JC\21_20201025 (4027).JPG;1
\cervidae\gamo_Javi_3_JC\9_20201025 (471).JPG;1
\cervidae\CERVIDREDORFALLOWDEER_ZOO_5_6_7_9\5_20210618 (1756).JPG;1
\vacia\NOANIMAL_ZOO_1_4\7_20210115 (604).JPG;0
\vacia\NOANIMAL_ZOO_1_4\6_20201812 (8792).JPG;0
\jabali\WILDBOAR_ZOO_1_4\31_20201117 (95).JPG;1
\vacia\vacia_Paco_Carro_JC\IMG_2242.JPG;0
\leporido\Rabbit_mammalWeb\39442.jpg;1
\leporido\rabbit_IslandConservationCameraTraps\chile_piedra012013_2702201365113.jpg;1
\vacia\vacia_Paco_Carro_JC\01130629.JPG;0
\garduna\garduna_PNC_2013-I_RED_ME\1755IM000055.JPG;1
\cervidae\ciervo_simone_2\37_20201024 (8033).JPG;1
\caballo\HORSE_ZOO_1_4\10_20201218 (3482).JPG;1
\cervidae\CERVIDREDORFALLOWDEER_ZOO_5_6_7_9\17_20210218 (164) (2021_04_15 06_16_22 UTC).JPG;1
\vacia\NOANIMAL_ZOO_1_4\1_20210115 (443).JPG;0
\micromamiferos\rat_IslandConservationCameraTraps\micronesia_cam03april2019_20190411_193353_rcnx0041.jpg;1
\humanovehiculo\HUMANORVEHICLE_ZOO_5_6_7_9\20_20210417 (19200).JPG;1
\caballo\HORSE_ZOO_1_4\2_20201117 (288).JPG;1
\cervidae\ciervo_PNC_2013-O_RED_ISAAC\b7072FILE0218.JPG;1
\vacia\empty_caltechCameraTraps\594ceb92-23d2-11e8-a6a3-ec086b02610b.jpg;0
\humanovehiculo\humanovehiculo_PNC_2014_manuel\c13047IMAG0590.JPG;1
\humanovehiculo\car_CaltechCameraTrap_ME\vehiculo\59a94e26-23d2-11e8-a6a3-ec086b02610b.jpg;1
\vacia\NOANIMAL_ZOO_5_6_7_9\50_20210408 (16447).JPG;0
\vacia\NOANIMAL_ZOO_5_6_7_9\49_20210418 (1335).JPG;0
\ave\Ave_Leo_Otra_fauna_PASADA_POR_LA_RED_JC\Otrafauna (1093).JPG;1
\cervidae\CERVIDREDORFALLOWDEER_ZOO_1_4\21_20201025 (292).JPG;1
\cervidae\ciervo_PNC_2013-I_ME\6280IM000166.JPG;1
\ave\Chicken_ena24\6269.jpg;1
\micromamiferos\rat_IslandConservationCameraTraps\puertorico_7a_20141111_192700_img_0029.jpg;1
\leporido\rabbit_CaltechCameraTrap_ME\591fd28c-23d2-11e8-a6a3-ec086b02610b.jpg;1
\vacia\NOANIMAL_ZOO_5_6_7_9\50_20210417 (23626).JPG;0
\vacia\empty_IslandConservationCameraTraps\dominicanrepublic_cam1826junio2015_20150505_113734_img_2612.jpg;0
\vacia\empty_SnapshotMountainZebra\MTZ_S1_D05_R1_IMAG2120.JPG;0
\vacia\empty_SnapshotMountainZebra\MTZ_S1_D06_R1_IMAG0141.JPG;0
\cervidae\Ciervo_PNC_2013-O_ME\b5924IM000390.JPG;1
\humanovehiculo\car_CaltechCameraTrap_ME\vehiculo\5a163ec4-23d2-11e8-a6a3-ec086b02610b.jpg;1
\vacia\vacias_2_de_2_PNC_2012_ISAAC\a43619IM000438.JPG;0
\vacia\NOANIMAL_ZOO_1_4\43_20201118 (182).JPG;0
\cervidae\ciervo_PNM_2012_ME\d7743IM000047.JPG;1
\cervidae\CERVIDREDORFALLOWDEER_ZOO_1_4\41_20210114 (24).JPG;1
\gato_domestico\gato_WellingtonCameraTraps_SS\030816053720023bs163.JPG;1
\cervidae\ciervo_PNC_2014_ISAAC\c27807IM000059.JPG;1
\vacia\empty_SnapshotMountainZebra\MTZ_S1_D07_R1_IMAG0058.JPG;0
\vacia\NOANIMAL_ZOO_5_6_7_9\50_20210408 (6876).JPG;0
\cervidae\deer_CaltechCameraTrap\5892b3de-23d2-11e8-a6a3-ec086b02610b.jpg;1
\vacia\NOANIMAL_ZOO_5_6_7_9\31_20210615 (4679).JPG;0
\humanovehiculo\car_CaltechCameraTrap_ME\vehiculo\59a94bd4-23d2-11e8-a6a3-ec086b02610b.jpg;1
\jabali\jabali_vacías_humanos_PNC_2012_ME\a34357IM000598.JPG;1
\vacia\empty_IslandConservationCameraTraps\ecuador2_ic1614_20181015_131631_img_0080.jpg;0
\leporido\conejo_WellingtonCameraTraps_SS\300116061602023b3301.JPG;1
\zorro\zorro_PNM_2013-I_ME\e3345IM000031.JPG;1
\leporido\Lagomorpha2__diego_2_rev_donana\6_20201023 (2217).JPG;1
\cervidae\3_gamo_Javi_3_JC\9_20201025 (530).JPG;1
\vacia\NOANIMAL_ZOO_5_6_7_9\25_20210417 (9003).JPG;0
\lince\Lince_a_Linces2_Leo_JC\lince101 (112).JPG;1
\caballo\HORSE_ZOO_5_6_7_9\46_20210618 (1133).JPG;1
\leporido\rabbit_IslandConservationCameraTraps\chile_frances022013_21042013163807.jpg;1
\vaca\COW_ZOO_5_6_7_9\39_20210417 (1819).JPG;1
\gato_domestico\gato_WellingtonCameraTraps_SS\0406151832240242L241.JPG;1
\vacia\NOANIMAL_ZOO_5_6_7_9\24_20210318 (6708).JPG;0
\cervidae\ciervo_simone_2\37_20201024 (12711).JPG;1
\vacia\vacias_2_de_2_PNC_2012_ISAAC\a52701IM000068.JPG;0
\vacia\NOANIMAL_ZOO_1_4\42_20210114 (206).JPG;0
\caballo\HORSE_ZOO_5_6_7_9\15_20210219 (4961) (2021_04_15 06_16_22 UTC).JPG;1
\lince\Lince_a_Linces2_Leo_JC\lince110 (107).JPG;1
\vaca\COW_ZOO_1_4\21_20201217 (2727).JPG;1
\cervidae\ciervo_PNC_2013-I_RED_ME\1988IM000018.JPG;1
\cervidae\ciervo_simone_2\37_20201024 (732).JPG;1
\vacia\empty_IslandConservationCameraTraps\dominicanrepublic_cam278noviembre2015_20151105_170949_img_0001.jpg;0
\vacia\NOANIMAL_ZOO_5_6_7_9\22_20210219 (421) (2021_04_15 06_16_22 UTC).JPG;0
\gato_domestico\gato_WellingtonCameraTraps_SS\24101512504606327353.JPG;1
\zorro\Zorro_PNC_2014_JC\c18IM000020.JPG;1
\cervidae\Ciervo_PNC_2013-O_ME\b1480IMAG0008.JPG;1
\cervidae\CERVIDREDORFALLOWDEER_ZOO_5_6_7_9\37_20210319 (420).JPG;1
\lince\linces_fecha_Linces2_Leo_JC\2_Lince_flecha_Linces2_Leo_JC\lince125 (167).JPG;1
\vacia\NOANIMAL_ZOO_5_6_7_9\13_20210218 (1672) (2021_04_15 06_16_22 UTC).JPG;0
\zorro\zorro_vacías_humanos_PNC_2012_ME\a23097IM000030.JPG;1
\cervidae\ciervo_Javi_3_JC\25_20201024 (422).JPG;1
\ave\PERDIZ_PNM_2012_ISAAC\d14212IMAG0063.JPG;1
\vacia\NOANIMAL_ZOO_1_4\34_20210115 (6641).JPG;0
\leporido\conejo_Paco_Carro_JC\PICT1393.JPG;1
\vacia\empty_SnapshotMountainZebra\MTZ_S1_D06_R1_IMAG1427.JPG;0
\meloncillo\Meloncillo_PEPE_IREC_JC\IMAG0006_(6).JPG;1
\humanovehiculo\car_CaltechCameraTrap_ME\vehiculo\5a263882-23d2-11e8-a6a3-ec086b02610b.jpg;1
\cervidae\CERVIDREDORFALLOWDEER_ZOO_5_6_7_9\37_20210220 (336) (2021_04_15 06_16_22 UTC).JPG;1
\cervidae\CERVIDREDORFALLOWDEER_ZOO_5_6_7_9\46_20210618 (406).JPG;1
\meloncillo\Meloncillo_PNC_2014_JC\c5394IM000071.JPG;1
\zorro\zorro_PNC_2013-I_RED_ME\3778IM000294.JPG;1
\vacia\NOANIMAL_ZOO_5_6_7_9\37_20210319 (1251).JPG;0
\vacia\NOANIMAL_ZOO_5_6_7_9\24_20210318 (7175).JPG;0
\vacia\empty_IslandConservationCameraTraps\dominicanrepublic_cam10517mayo2017_20170414_162118_img_0351.jpg;0
\zorro\zorro_vacías_humanos_PNC_2012_ME\a35946IM000080.JPG;1
\vacia\NOANIMAL_ZOO_5_6_7_9\50_20210417 (25759).JPG;0
\vacia\NOANIMAL_ZOO_1_4\6_20201812 (14808).JPG;0
\cervidae\2CIERVO_PNM_2013-I_ISAAC\e3277IM000039.JPG;1
\cervidae\ciervo_3_ME_rev_1_donana\37_20201024 (1244).JPG;1
\garduna\Garduna_PNC_2013-O_ME\b1664IMAG0191.JPG;1
\humanovehiculo\humano_vehiculo_PNM_2013-O_ISAAC\f4328IM000112.JPG;1
\leporido\conejo_leo_donana\0005683.JPG;1
\vacia\NOANIMAL_ZOO_1_4\6_20201023 (2934).JPG;0
\caballo\caballos_alumno_AM\caballos_alumno_AM\2_20201215 (2989).JPG;1
\vacia\empty_SnapshotMountainZebra\MTZ_S1_E04_R1_IMAG0699.JPG;0
\cervidae\cervidae_ME_rev_3_donana\26_20201020 (13643).JPG;1
\vaca\cow_CaltechCameraTrap\5903cceb-23d2-11e8-a6a3-ec086b02610b.jpg;1
\vacia\empty_IslandConservationCameraTraps\dominicanrepublic_cam1826junio2015_20150505_075053_img_1319.jpg;0
\micromamiferos\rat_IslandConservationCameraTraps\micronesia_cam09_cam09june2019_20190618191703_rcnx0288.jpg;1
\lince\linces_fecha_Linces2_Leo_JC\2_Lince_flecha_Linces2_Leo_JC\Lince45 (35).jpg;1
\leporido\rabbit_CaltechCameraTrap_ME\59ddc0f5-23d2-11e8-a6a3-ec086b02610b.jpg;1
\vacia\vacias_PNM_2013-O_ISAAC\f3243IMAG0112.JPG;0
\jabali\jabali_javi_JC\28_20201019 (1380).JPG;1
\vacia\NOANIMAL_ZOO_5_6_7_9\25_20210417 (3939).JPG;0
\humanovehiculo\humanovehiculo_PNC_2014_manuel\c15028IMAG0497.JPG;1
\zorro\Zorro_PNC_2014_JC\c22334IM000130.JPG;1
\vacia\NOANIMAL_ZOO_1_4\40_20201215 (2836).JPG;0
\leporido\conejo_Paco_Carro_JC\PICT2359.JPG;1
\gato_domestico\gato_WellingtonCameraTraps_SS\120516022100045a1161.JPG;1
\cervidae\deer_CaltechCameraTrap\59b485e4-23d2-11e8-a6a3-ec086b02610b.jpg;1
\vacia\vacia_Paco_Carro_JC\PICT1749.JPG;0
\ave\ave_ave_WellingtonCameraTraps_SS\100416153704007c1603.JPG;1
\cervidae\CERVIDREDORFALLOWDEER_ZOO_5_6_7_9\19_20210319 (1995).JPG;1
\vacia\vacias_PNM_2013-O_ISAAC\f15698IMAG0480.JPG;0
\cervidae\CERVIDREDORFALLOWDEER_ZOO_1_4\34_20201215 (3184).JPG;1
\vacia\empty_SnapshotMountainZebra\MTZ_S1_E06_R3_IMAG1029.JPG;0
\gato_domestico\gato_WellingtonCameraTraps_SS\020716012310043a7513.JPG;1
\micromamiferos\micromamiferos_Paco_Carro_JC\IMG_0138 (3).JPG;1
\vacia\NOANIMAL_ZOO_1_4\7_20210115 (1861).JPG;0
\ave\bird_CaltechCameraTrap\585f4ddd-23d2-11e8-a6a3-ec086b02610b.jpg;1
\vacia\NOANIMAL_ZOO_5_6_7_9\5_20210417 (2714).JPG;0
\leporido\conejoLiebre_vacias_humanos_PNC_2012_ME_JC\Liebre_vacías_humanos_PNC_2012_ME_JC\a27962IM000206.JPG;1
\zorro\zorro_PNC_2013-I_RED_ME\208IM000099.JPG;1
\cervidae\ciervo_PNC_2013-O_RED_ISAAC\b7564IM000138.JPG;1
\leporido\rabbit_CaltechCameraTrap_ME\589b0166-23d2-11e8-a6a3-ec086b02610b.jpg;1
\caballo\HORSE_ZOO_1_4\2_20201117 (466).JPG;1
\ave\Pheasant_mammalWeb\65256.jpg;1
\cervidae\CERVIDREDORFALLOWDEER_ZOO_5_6_7_9\16_20210318 (331).JPG;1
\micromamiferos\rodent_CaltechCameraTrap_JC\Roedor_ rodent_CaltechCameraTrap_JC\58ff0d49-23d2-11e8-a6a3-ec086b02610b.jpg;1
\tejon\Badger_mammalWeb\30435.jpg;1
\zorro\Zorro_PNC_2014_JC\c2960IM000073.JPG;1
\vacia\empty_caltechCameraTraps\5968c042-23d2-11e8-a6a3-ec086b02610b.jpg;0
\vacia\empty_SnapshotMountainZebra\MTZ_S1_D07_R1_IMAG2468.JPG;0
\vacia\NOANIMAL_ZOO_1_4\15_20201117 (6056).JPG;0
\garduna\Garduña_PNC_2014_JC\c9282IM000038.JPG;1
\leporido\conejo_WellingtonCameraTraps_SS\080116234330016b7302.JPG;1
\vacia\empty_SnapshotMountainZebra\MTZ_S1_E06_R3_IMAG0904.JPG;0
\leporido\rabbit_IslandConservationCameraTraps\chile_frances012013_18122012153919.jpg;1
\lince\linces_fecha_Linces2_Leo_JC\2_Lince_flecha_Linces2_Leo_JC\Lince57 (250).JPG;1
\cervidae\ciervo_PNC_2013-O_RED_ISAAC\b7144FILE0294.JPG;1
\vacia\empty_IslandConservationCameraTraps\micronesia_cam16_cam16june2019_20190614191003_rcnx2118.jpg;0
\caballo\HORSE_ZOO_1_4\2_20201117 (263).JPG;1
\vaca\COW_ZOO_1_4\4_20210117 (1775).JPG;1
\vacia\NOANIMAL_ZOO_5_6_7_9\2_20210417 (20938).JPG;0
\cervidae\CERVIDREDORFALLOWDEER_ZOO_1_4\37_20201116 (6712).JPG;1
\leporido\conejo_leo_donana\0005429.JPG;1
\zorro\zorro_PNC_2013-O_RED_ISAAC\b738IM000021.JPG;1
\lince\Lince_b_Linces2_Leo_JC\lince186 (14).JPG;1
\vaca\cow_IslandConservationCameraTraps\dominicanrepublic_cam1025abril2015_20150331_090023_img_0042.jpg;1
\lince\linces_Linces2_Leo_JC\2_Lince_Linces2_Leo_JC\Lince57 (260).JPG;1
\cervidae\CERVIDREDORFALLOWDEER_ZOO_1_4\21_20201025 (1198).JPG;1
\vacia\vacia_alumno_2_AM\Orycun (30)_frame120.jpg;0
\vacia\empty_SnapshotMountainZebra\MTZ_S1_D07_R1_IMAG1707.JPG;0
\cervidae\ciervo_ME_rev_1_donana\26_20201020 (1730).JPG;1
\jabali\WILDBOAR_ZOO_5_6_7_9\28_20210417 (5553).JPG;1
\vaca\COW_ZOO_5_6_7_9\46_20210618 (756).JPG;1
\garduna\garduna_PNC_2013-I_RED_ME\4194IMAG0156.JPG;1
\gato_domestico\cat_IslandConservationCameraTraps\palau_cam6a12132018_20180903_032419_rcnx0349.jpg;1
\humanovehiculo\HUMANORVEHICLE_ZOO_5_6_7_9\17_20210318 (1427).JPG;1
\leporido\rabbit_IslandConservationCameraTraps\chile_frances022013_15042013175226.jpg;1
\cervidae\2_ciervo_simone_2\34_20201024 (6909).JPG;1
\vacia\empty_IslandConservationCameraTraps\dominicanrepublic_cam0425abril2015_20130819_044914_sunp3176.jpg;0
\leporido\Conejo_Leo_Otra_fauna_PASADA_POR_LA_RED_JC\Otrafauna (1999).JPG;1
\jabali\WILDBOAR_ZOO_5_6_7_9\12_20210219 (37) (2021_04_15 06_16_22 UTC).JPG;1
\zorro\Zorro_Pepe_IREC\Zorro_Pepe_Irec_ME\IMAG0306.JPG;1
\cervidae\cervido_simone_2\34_20201024 (5334).JPG;1
\ave\American Crow_ena24\8113.jpg;1
\zorro\zorro_PNC_2014_manuel\c30643IM000053.JPG;1
\ave\bird_CaltechCameraTrap\595ded7b-23d2-11e8-a6a3-ec086b02610b.jpg;1
\gato_domestico\cat_CaltechCameraTrap\5888bf97-23d2-11e8-a6a3-ec086b02610b.jpg;1
\humanovehiculo\humanovehiculo_PNC_2013-O_RED_ISAAC\b6054IM000007.JPG;1
\leporido\2_conejo_Paco_Carro_JC\PICT0541.JPG;1
\vacia\NOANIMAL_ZOO_5_6_7_9\24_20210318 (4971).JPG;0
\cervidae\deer_CaltechCameraTrap\59d0e4e4-23d2-11e8-a6a3-ec086b02610b.jpg;1
\vacia\empty_IslandConservationCameraTraps\dominicanrepublic_cam2028octubre2015_20151028_145822_img_0039.jpg;0
\cervidae\CERVIDREDORFALLOWDEER_ZOO_1_4\21_20201119 (1630).JPG;1
\leporido\rabbit_CaltechCameraTrap_ME\597cd4cb-23d2-11e8-a6a3-ec086b02610b.jpg;1
\perro\dog_IslandConservationCameraTraps\ecuador1_ic1619_20180811_141919_img_0105.jpg;1
\jabali\jabali_javi_JC\37_20201024 (12308).JPG;1
\vacia\NOANIMAL_ZOO_5_6_7_9\33_20210615 (12).JPG;0
\vacia\empty_caltechCameraTraps\59a7bf16-23d2-11e8-a6a3-ec086b02610b.jpg;0
\ave\shearwater_IslandConservationCameraTraps\chile_piedra012013_2001201312608.jpg;1
\vacia\vacias_PNM_2013-O_ISAAC\f22807IM000105.JPG;0
\cervidae\corzo_alumno_2_AM_JC\STC_0315_frame190.jpg;1
\cervidae\CERVIDREDORFALLOWDEER_ZOO_5_6_7_9\36_20210219 (1899) (2021_04_15 06_16_22 UTC).JPG;1
\cervidae\CERVIDREDORFALLOWDEER_ZOO_1_4\21_20201025 (275).JPG;1
\vaca\COW_ZOO_5_6_7_9\49_20210418 (2330).JPG;1
\lince\Lince_a_Linces2_Leo_JC\lince71 (132).JPG;1
\zorro\Zorro_Pepe_IREC\Zorro_Pepe_Irec_ME\IMAG0524_(2).JPG;1
\caballo\HORSE_ZOO_1_4\38_20201117 (1926).JPG;1
\lince\Lince_b_Linces2_Leo_JC\lince188 (8).JPG;1
\tejon\Tejon_PEPE_IREC_JC\IMAG0667.JPG;1
\jabali\WILDBOAR_ZOO_1_4\15_20210117 (7762).JPG;1
\vacia\empty_caltechCameraTraps\5962950d-23d2-11e8-a6a3-ec086b02610b.jpg;0
\vacia\empty_SnapshotMountainZebra\MTZ_S1_E06_R3_IMAG0902.JPG;0
\zorro\zorro_alumno_2_2_TH\12_20201025 (73).JPG;1
\vacia\NOANIMAL_ZOO_1_4\6_20201812 (10578).JPG;0
\vacia\NOANIMAL_ZOO_5_6_7_9\2_20210417 (18761).JPG;0
\jabali\Jabalí_PNC_2013-O_ME\b6679IM000098.JPG;1
\ave\American Crow_ena24\8091.jpg;1
\vacia\empty_caltechCameraTraps\5962951b-23d2-11e8-a6a3-ec086b02610b.jpg;0
\vacia\empty_caltechCameraTraps\59c803e8-23d2-11e8-a6a3-ec086b02610b.jpg;0
\zorro\Zorro_PNM_2013-0_ME\f3646IM000107.JPG;1
\tejon\Tejon_Leo_Otra_fauna_PASADA_POR_LA_RED_JC\Otrafauna (1860).JPG;1
\leporido\rabbit_IslandConservationCameraTraps\chile_frances012013_31122012152318.jpg;1
\lince\Lince_a_Linces2_Leo_JC\lince125 (217).JPG;1
\vacia\NOANIMAL_ZOO_5_6_7_9\50_20210417 (23406).JPG;0
\leporido\rabbit_IslandConservationCameraTraps\chile_frances012013_29122012124235.jpg;1
\vacia\NOANIMAL_ZOO_5_6_7_9\2_20210618 (19195).JPG;0
\vacia\empty_SnapshotKaroo\KAR_S1_C02_R1_IMAG0803.JPG;0
\caballo\HORSE_ZOO_5_6_7_9\44_20210618 (108).JPG;1
\lince\Lince_a_Linces2_Leo_JC\Lince48 (83).JPG;1
\tejon\Tejon_PEPE_IREC_JC\IMAG0065_(3).JPG;1
\cervidae\CERVIDREDORFALLOWDEER_ZOO_1_4\18_20201024 (482).JPG;1
\vacia\empty_IslandConservationCameraTraps\palau_cam12a083118_20180821_153440_rcnx0004.jpg;0
\ave\aves_fotosManuelEmilio20200912\IMG_2883.JPG;1
\vacia\empty_IslandConservationCameraTraps\dominicanrepublic_cam1826junio2015_20150505_103824_img_2283.jpg;0
\jabali\WILDBOAR_ZOO_1_4\15_20210117 (6740).JPG;1
\vacia\vacias_PNC_2013-O_RED_ME\b4302IMAG0168.JPG;0
\zorro\zorro_PNC_2014_manuel\c27098IMAG0040.JPG;1
\cervidae\ciervo_PNC_2013-O_RED_ISAAC\b5652IM000102.JPG;1
\vacia\NOANIMAL_ZOO_5_6_7_9\13_20210218 (924) (2021_04_15 06_16_22 UTC).JPG;0
\vacia\NOANIMAL_ZOO_1_4\26_20201020 (3580).JPG;0
\lince\Lince_a_Linces2_Leo_JC\Lince56 (7).JPG;1
\cervidae\ciervo_vacías_humanos_PNC_2012_ME\a35778IMAG0058.JPG;1
\caballo\caballos_javier_JC\2_20201117 (3573).JPG;1
\leporido\rabbit_IslandConservationCameraTraps\chile_frances012013_0401201382131.jpg;1
\vaca\COW_ZOO_5_6_7_9\2_20210417 (1702).JPG;1
\vaca\COW_ZOO_5_6_7_9\9_20210615 (2737).JPG;1
\caballo\caballos_alumno_AM\caballos_alumno_AM\2_20201215 (3899).JPG;1
\micromamiferos\rat_IslandConservationCameraTraps\palau_cam02a12132018_20181010_032606_rcnx0835.jpg;1
\caballo\caballos_javier_JC\35_20201218 (550).JPG;1
\vacia\empty_IslandConservationCameraTraps\dominicanrepublic_cam1826julio2015_20150703_114143_img_1038.jpg;0
\vacia\empty_SnapshotMountainZebra\MTZ_S1_D06_R1_IMAG2204.JPG;0
\zorro\Zorro_Pepe_IREC\Zorro_Pepe_Irec_ME\CA_40-03.24-01_60.JPG;1
\perro\dog_caltechCameraTraps\59d418a2-23d2-11e8-a6a3-ec086b02610b.jpg;1
\zorro\zorro_PNM_2013-O_ISAAC\f28396IMAG0961.JPG;1
\vacia\empty_caltechCameraTraps\5a0969df-23d2-11e8-a6a3-ec086b02610b.jpg;0
\cervidae\2_Ciervos_PNC_2014_JC\c19785IMAG0355.JPG;1
\cervidae\ciervo_Javi_3_JC\18_20201024 (119).JPG;1
\humanovehiculo\car_CaltechCameraTrap_ME\vehiculo\5a17df8d-23d2-11e8-a6a3-ec086b02610b.jpg;1
\cervidae\CERVIDREDORFALLOWDEER_ZOO_5_6_7_9\22_20210219 (2300) (2021_04_15 06_16_22 UTC).JPG;1
\cervidae\ciervo_PNC_2014_ISAAC\c24612IMAG0119.JPG;1
\lince\linces_fecha_Linces2_Leo_JC\3_Lince_flecha_Linces2_Leo_JC\lince130 (527).JPG;1
\perro\dog_IslandConservationCameraTraps\dominicanrepublic_cam278noviembre2015_20151106_035145_img_0023.jpg;1
\cervidae\ciervo_PNM_2012_ME\d14005FILE0018.JPG;1
\vacia\vacia_Paco_Carro_JC\IMG_0913 (2).JPG;0
\vacia\NOANIMAL_ZOO_5_6_7_9\28_20210417 (4592).JPG;0
\vacia\empty_IslandConservationCameraTraps\dominicanrepublic_cam1826junio2015_20150505_063613_img_0927.jpg;0
\vacia\NOANIMAL_ZOO_5_6_7_9\50_20210408 (20975).JPG;0
\lince\Lince_a_Linces2_Leo_JC\lince130 (306).JPG;1
\leporido\LEPORIDRABBITORHARE_ZOO_1_4\6_20201023 (2241).JPG;1
\cervidae\CERVIDREDORFALLOWDEER_ZOO_1_4\21_20201025 (5610).JPG;1
\leporido\conejo_leo_donana\0003194.JPG;1
\vaca\COW_ZOO_1_4\17_20201026 (714).JPG;1
\vacia\NOANIMAL_ZOO_1_4\6_20201812 (11294).JPG;0
\cervidae\CERVIDREDORFALLOWDEER_ZOO_5_6_7_9\22_20210615 (3535).JPG;1
\garduna\garduna_PNC_2013-O_RED_ISAAC\b19487IMAG0018.JPG;1
\humanovehiculo\car_CaltechCameraTrap_ME\vehiculo\596d6278-23d2-11e8-a6a3-ec086b02610b.jpg;1
\cervidae\CERVIDREDORFALLOWDEER_ZOO_5_6_7_9\28_20210615 (764).JPG;1
\humanovehiculo\humano_vehiculo_PNM_2013-O_ISAAC\f11832IM000009.JPG;1
\vacia\empty_IslandConservationCameraTraps\palau_cam09a12132018_20181019_080752_rcnx0754.jpg;0
\humanovehiculo\car_CaltechCameraTrap_ME\vehiculo\58cb112b-23d2-11e8-a6a3-ec086b02610b.jpg;1
\cervidae\CERVIDREDORFALLOWDEER_ZOO_1_4\34_20201116 (188).JPG;1
\ave\OTHERSPECIES_ZOO_5_6_7_9\38_20210618 (993).JPG;1
\ave\ave_alumno_1_TH\Nada (58)_frame030.jpg;1
\jabali\jabali_javi_JC\41_20201025 (165).JPG;1
\ave\American Crow_ena24\8543.jpg;1
\leporido\rabbit_IslandConservationCameraTraps\chile_frances022013_17042013104620.jpg;1
\vacia\NOANIMAL_ZOO_5_6_7_9\9_20210218 (1959) (2021_04_15 06_16_22 UTC).JPG;0
\vacia\empty_caltechCameraTraps\59d8ec8c-23d2-11e8-a6a3-ec086b02610b.jpg;0
\ave\raven_IslandConservationCameraTraps\dominicanrepublic_cam3301octubre2017_20170924_080536_img_0100.jpg;1
\cervidae\ciervo_vacías_humanos_PNC_2012_ME\a15402IM000447.JPG;1
\vacia\empty_IslandConservationCameraTraps\chile_frances022013_1006201385849.jpg;0
\cervidae\ciervo_ME_rev_1_donana\34_20201024 (6354).JPG;1
\vacia\vacias_1_de_2_PNC_2012_ISAAC\a37925IM001028.JPG;0
\caballo\caballos_simone\4_20201220 (2480).JPG;1
\vacia\NOANIMAL_ZOO_5_6_7_9\19_20210319 (852).JPG;0
\vacia\empty_IslandConservationCameraTraps\dominicanrepublic_cam0425abril2015_20130821_043710_sunp3952.jpg;0
\cervidae\ciervo_PNC_2014_ISAAC\c22244IM000042.JPG;1
\humanovehiculo\HUMANORVEHICLE_ZOO_1_4\1_20201220 (557).JPG;1
\ave\Ave_Leo_Otra_fauna_PASADA_POR_LA_RED_JC\Otrafauna (797).JPG;1
\vacia\NOANIMAL_ZOO_1_4\37_20201116 (11904).JPG;0
\vacia\empty_IslandConservationCameraTraps\dominicanrepublic_cam1826junio2015_20150504_123047_img_0093.jpg;0
\micromamiferos\micromamiferos_Paco_Carro_JC\IMG_0210.JPG;1
\vacia\empty_SnapshotMountainZebra\MTZ_S1_D05_R1_IMAG2861.JPG;0
\ave\ave_ave_WellingtonCameraTraps_SS\061016180646007cs373.JPG;1
\cervidae\CERVIDREDORFALLOWDEER_ZOO_1_4\34_20201215 (1186).JPG;1
\meloncillo\Meloncillo_PEPE_IREC_JC\IMAG0022_(10).JPG;1
\vacia\empty_IslandConservationCameraTraps\chile_piedra012013_04062013142512.jpg;0
\vacia\empty_IslandConservationCameraTraps\dominicanrepublic_cam1825abril2015_20150409_111111_img_0074.jpg;0
\vacia\empty_SnapshotMountainZebra\MTZ_S1_C06_R3_IMAG2568.JPG;0
\cervidae\CERVIDREDORFALLOWDEER_ZOO_5_6_7_9\15_20210219 (5983) (2021_04_15 06_16_22 UTC).JPG;1
\jabali\WILDBOAR_ZOO_1_4\37_20201116 (2324).JPG;1
\vaca\cow_CaltechCameraTrap\59167b25-23d2-11e8-a6a3-ec086b02610b.jpg;1
\zorro\zorro_PNC_2012_JC\a14731IM000647.JPG;1
\jabali\Jabali1_diego_2_rev_donana\11_20201027 (198).JPG;1
\vacia\vacias_2_de_2_PNC_2012_ISAAC\a4452IM000295.JPG;0
\cervidae\CERVIDREDORFALLOWDEER_ZOO_5_6_7_9\38_20210618 (3073).JPG;1
\vacia\empty_SnapshotMountainZebra\MTZ_S1_C06_R3_IMAG0736.JPG;0
\lince\Lince_a_Linces2_Leo_JC\Lince57 (118).JPG;1
\vacia\NOANIMAL_ZOO_5_6_7_9\13_20210218 (939) (2021_04_15 06_16_22 UTC).JPG;0
\vacia\empty_SnapshotMountainZebra\MTZ_S1_G04_R3_IMAG2835.JPG;0
\vacia\NOANIMAL_ZOO_1_4\34_20210115 (4382).JPG;0
\cervidae\CERVIDREDORFALLOWDEER_ZOO_5_6_7_9\10_20210618 (3209).JPG;1
\cervidae\corzo_alumno_2_AM_JC\STC_0297_frame120.jpg;1
\cervidae\cervidae_buscar_cab_isaac_sin_contar\28_20201218 (14534).JPG;1
\gato_domestico\gato_WellingtonCameraTraps_SS\271016032328031cs123.JPG;1
\jabali\WILDBOAR_ZOO_5_6_7_9\20_20210319 (3406).JPG;1
\vacia\NOANIMAL_ZOO_5_6_7_9\49_20210408 (533).JPG;0
\zorro\REDFOX_ZOO_5_6_7_9\48_20210418 (712).JPG;1
\vacia\NOANIMAL_ZOO_1_4\26_20201020 (3985).JPG;0
\jabali\WILDBOAR_ZOO_1_4\29_20201023 (914).JPG;1
\zorro\REDFOX_ZOO_1_4\2_20201215 (7064).JPG;1
\zorro\Zorro_Pepe_IREC\Zorro_Pepe_Irec_ME\IMAG1764.JPG;1
\cervidae\ciervo_PNC_2013-I_ME\9116IM000220.JPG;1
\vacia\NOANIMAL_ZOO_1_4\7_20210115 (1210).JPG;0
\vaca\COW_ZOO_5_6_7_9\9_20210615 (1947).JPG;1
\jabali\2_jabali_revGinetasJC_REV1_4_donana\37_20201116 (14534).JPG;1
\cervidae\CERVIDREDORFALLOWDEER_ZOO_1_4\15_20210117 (2940).JPG;1
\perro\perros_ME_CASA\IMG_0346.JPG;1
\vacia\NOANIMAL_ZOO_1_4\24_20201117 (44).JPG;0
\leporido\rabbit_IslandConservationCameraTraps\chile_frances022013_19052013102152.jpg;1
\vacia\vacia_alumno_1_TH\Nada (9)_frame090.jpg;0
\cervidae\CERVIDREDORFALLOWDEER_ZOO_5_6_7_9\15_20210219 (6477) (2021_04_15 06_16_22 UTC).JPG;1
\vacia\NOANIMAL_ZOO_5_6_7_9\50_20210417 (22140).JPG;0
\zorro\zorro_ME_rev_1_donana\10_20201019 (544).JPG;1
\vacia\NOANIMAL_ZOO_5_6_7_9\31_20210615 (2154).JPG;0
\vacia\vacias_PNC_2013-O_RED_ISAAC\b4931IMAG0817.JPG;0
\zorro\Zorro_PNC_2014_JC\c3349IM000089.JPG;1
\cervidae\deer_CaltechCameraTrap\5a1fe5e1-23d2-11e8-a6a3-ec086b02610b.jpg;1
\jabali\WILDBOAR_ZOO_1_4\24_20201117 (48).JPG;1
\vacia\empty_IslandConservationCameraTraps\dominicanrepublic_cam1826julio2015_20150701_131827_img_0811.jpg;0
\vacia\empty_IslandConservationCameraTraps\dominicanrepublic_cam0425abril2015_20130824_045336_sunp5224.jpg;0
\cervidae\CERVIDREDORFALLOWDEER_ZOO_5_6_7_9\22_20210417 (1173).JPG;1
\vacia\vacias_PNM_2013-O_ISAAC\f16896IMAG0877.JPG;0
\vacia\NOANIMAL_ZOO_1_4\13_20201219 (411).JPG;0
\humanovehiculo\humanovehiculo_vacías_humanos_PNC_2012_ME\a13801IM000006.JPG;1
\cervidae\CERVIDREDORFALLOWDEER_ZOO_1_4\28_20201117 (153).JPG;1
\vacia\NOANIMAL_ZOO_5_6_7_9\50_20210417 (25338).JPG;0
\vacia\empty_caltechCameraTraps\5987b4b0-23d2-11e8-a6a3-ec086b02610b.jpg;0
\vaca\COW_ZOO_5_6_7_9\9_20210615 (189).JPG;1
\vaca\COW_ZOO_5_6_7_9\9_20210615 (1921).JPG;1
\humanovehiculo\HUMANORVEHICLE_ZOO_1_4\36_20201117 (922).JPG;1
\humanovehiculo\HUMANORVEHICLE_ZOO_5_6_7_9\18_20210319 (6).JPG;1
\humanovehiculo\humanovehiculo_Caltech\598de7b1-23d2-11e8-a6a3-ec086b02610b.jpg;1
\vacia\empty_SnapshotMountainZebra\MTZ_S1_E06_R3_IMAG1196.JPG;0
\gato_domestico\gato_WellingtonCameraTraps_SS\131215182308046bs171.JPG;1
\leporido\rabbit_IslandConservationCameraTraps\chile_piedra012013_20022013192451.jpg;1
\vacia\NOANIMAL_ZOO_5_6_7_9\31_20210615 (6470).JPG;0
\vacia\NOANIMAL_ZOO_1_4\10_20201019 (2092).JPG;0
\leporido\rabbit_CaltechCameraTrap_ME\59594f05-23d2-11e8-a6a3-ec086b02610b.jpg;1
\vaca\COW_ZOO_1_4\21_20201025 (3238).JPG;1
\zorro\Zorro_PNC_2013-O_ME\b947IM000091.JPG;1
\vacia\empty_SnapshotMountainZebra\MTZ_S1_D07_R1_IMAG2596.JPG;0
\vacia\empty_IslandConservationCameraTraps\micronesia_cam16_cam16june2019_20190616190503_rcnx2760.jpg;0
\leporido\conejo_alumno_1_TH\Conejo_alumno_2_AM_JC\Orycun (21)_frame090.jpg;1
\cervidae\deer_CaltechCameraTrap\5a17dded-23d2-11e8-a6a3-ec086b02610b.jpg;1
\cervidae\CERVIDREDORFALLOWDEER_ZOO_5_6_7_9\38_20210618 (2517).JPG;1
\jabali\WILDBOAR_ZOO_5_6_7_9\50_20210408 (84).JPG;1
\tejon\Tejon_PEPE_IREC_JC\IMAG0027_(11).JPG;1
\vacia\NOANIMAL_ZOO_5_6_7_9\50_20210417 (25010).JPG;0
\vacia\vacias_PNC_2014_manuel\c14734IMAG0186.JPG;0
\vacia\empty_IslandConservationCameraTraps\dominicanrepublic_cam1125abril2015_20150420_165416_img_2135.jpg;0
\vacia\empty_SnapshotKruger\KRU_S1_19_R1_IMAG0086.JPG;0
\jabali\WILDBOAR_ZOO_1_4\29_20201023 (382).JPG;1
\vacia\NOANIMAL_ZOO_5_6_7_9\25_20210417 (5284).JPG;0
\vacia\vacias_PNM_2013-O_ISAAC\f15475IMAG0244.JPG;0
\ave\petrel_IslandConservationCameraTraps\chile_filipianalamatris2013_20092013105915.jpg;1
\vacia\vacias_ME_CASA\IMG_0016.JPG;0
\garduna\Garduña_PNC_2014_JC\c13259IMAG0210.JPG;1
\cervidae\deer_CaltechCameraTrap\59439f4c-23d2-11e8-a6a3-ec086b02610b.jpg;1
\jabali\WILDBOAR_ZOO_1_4\20_20201215 (398).JPG;1
\leporido\rabbit_CaltechCameraTrap_ME\59531aa1-23d2-11e8-a6a3-ec086b02610b.jpg;1
\cervidae\gamo_buscar_cab_isaac_sin_contar\9_20201118 (467).JPG;1
\humanovehiculo\car_CaltechCameraTrap_ME\vehiculo\592abf6f-23d2-11e8-a6a3-ec086b02610b.jpg;1
\leporido\LEPORIDRABBITORHARE_ZOO_5_6_7_9\20_20210219 (2936) (2021_04_15 06_16_22 UTC).JPG;1
\leporido\Rabbit_mammalWeb\34567.jpg;1
\caballo\HORSE_ZOO_1_4\2_20201117 (487).JPG;1
\cervidae\ciervo_vacías_humanos_PNC_2012_ME\a32602IM000701.JPG;1
\vaca\COW_ZOO_1_4\2_20210115 (3694).JPG;1
\cervidae\ciervo_PNC_2013-O_RED_ISAAC\b249IM000030.JPG;1
\cervidae\CERVIDREDORFALLOWDEER_ZOO_1_4\15_20201215 (384).JPG;1
\ave\Bird_ena24\1602.jpg;1
\vacia\vacias_2_de_2_PNC_2012_ISAAC\a52545IM000072.JPG;0
\vacia\vacia_alumno_1_TH\Nada (43)_frame070.jpg;0
\vacia\NOANIMAL_ZOO_5_6_7_9\36_20210618 (6618).JPG;0
\micromamiferos\rat_IslandConservationCameraTraps\micronesia_cam09_cam09june2019_20190619221951_rcnx0503.jpg;1
\zorro\zorro_PNM_2013-O_ISAAC\f28056IMAG0450.JPG;1
\cervidae\CERVIDREDORFALLOWDEER_ZOO_5_6_7_9\1_20210319 (1027).JPG;1
\lince\Lince_b_Linces2_Leo_JC\lince216 (289).JPG;1
\vacia\empty_caltechCameraTraps\5a231186-23d2-11e8-a6a3-ec086b02610b.jpg;0
\jabali\WILDBOAR_ZOO_5_6_7_9\5_20210219 (1285) (2021_04_15 06_16_22 UTC).JPG;1
\jabali\jabali_javi_JC\28_20201019 (1522).JPG;1
\cervidae\gamo_Javi_3_JC\21_20201025 (297).JPG;1
\lince\linces_fecha_Linces2_Leo_JC\3_Lince_flecha_Linces2_Leo_JC\lince185 (106).JPG;1
\vacia\NOANIMAL_ZOO_1_4\26_20201020 (14827).JPG;0
\vacia\NOANIMAL_ZOO_5_6_7_9\24_20210318 (15763).JPG;0
\vacia\vacia_PNM_2013-O_ME\f6062IMAG0480.JPG;0
\humanovehiculo\humanovehiculo_Caltech\5957c1b8-23d2-11e8-a6a3-ec086b02610b.jpg;1
\vacia\NOANIMAL_ZOO_5_6_7_9\36_20210319 (6326).JPG;0
\cervidae\ciervo_ME_rev_3_donana\10_20201019 (1195).JPG;1
\vacia\NOANIMAL_ZOO_5_6_7_9\50_20210408 (9070).JPG;0
\ave\brown_noddy_IslandConservationCameraTraps\palau_cam04a12132018_20180916_090932_rcnx1132.jpg;1
\cervidae\corzo_alumno_1_TH\Capcap (1)_frame000.jpg;1
\vacia\NOANIMAL_ZOO_5_6_7_9\24_20210615 (15566).JPG;0
\vacia\vacias_2_de_2_PNC_2012_ISAAC\a5776IM000595.JPG;0
\vacia\empty_caltechCameraTraps\59b2e8ae-23d2-11e8-a6a3-ec086b02610b.jpg;0
\vaca\COW_ZOO_5_6_7_9\21_20210418 (2970).JPG;1
\gato_domestico\gato_WellingtonCameraTraps_SS\260116204912021bs113.JPG;1
\gato_domestico\gato_WellingtonCameraTraps_SS\231016084656003cs094.JPG;1
\vaca\COW_ZOO_1_4\21_20201217 (4760).JPG;1
\leporido\rabbit_CaltechCameraTrap_ME\58f73d1e-23d2-11e8-a6a3-ec086b02610b.jpg;1
\lince\Lince_a_Linces2_Leo_JC\Lince58 (71).JPG;1
\vacia\NOANIMAL_ZOO_1_4\11_20201217 (124).JPG;0
\vacia\empty_SnapshotMountainZebra\MTZ_S1_G04_R3_IMAG0790.JPG;0
\leporido\rabbit_IslandConservationCameraTraps\chile_frances012013_01012013154829.jpg;1
\gato_domestico\gato_WellingtonCameraTraps_SS\1703151456100519L021.JPG;1
\vacia\empty_IslandConservationCameraTraps\ecuador1_cam1612_20150104_011418_img_1240.jpg;0
\vacia\NOANIMAL_ZOO_5_6_7_9\50_20210408 (19859).JPG;0
\gato_domestico\cat_CaltechCameraTrap\59bca6e5-23d2-11e8-a6a3-ec086b02610b.jpg;1
\zorro\zorro_PNC_2013-O_RED_ISAAC\b564IMAG0053.JPG;1
\caballo\caballos_alumno_AM\caballos_alumno_AM\9_20201712 (2267).JPG;1
\lince\Lince_b_Linces2_Leo_JC\lince150 (70).JPG;1
\vaca\cow_CaltechCameraTrap\5903cd70-23d2-11e8-a6a3-ec086b02610b.jpg;1
\vacia\vacias_PNM_2013-O_ISAAC\f16304IMAG0267.JPG;0
\gineta\Gineta_PNC_2013-O_ME\b19240IMAG0090.JPG;1
\vacia\empty_SnapshotMountainZebra\MTZ_S1_G04_R3_IMAG2806.JPG;0
\vacia\NOANIMAL_ZOO_1_4\34_20210115 (1800).JPG;0
\cervidae\ciervo_PNC_2014_ISAAC\c29012IM000280.JPG;1
\vacia\NOANIMAL_ZOO_1_4\13_20201219 (696).JPG;0
\leporido\rabbit_CaltechCameraTrap_ME\58af766d-23d2-11e8-a6a3-ec086b02610b.jpg;1
\vacia\empty_SnapshotMountainZebra\MTZ_S1_D06_R1_IMAG0579.JPG;0
\humanovehiculo\HUMANORVEHICLE_ZOO_5_6_7_9\28_20210318 (15).JPG;1
\cervidae\ciervo_PNC_2013-I_RED_ME\3641IM000149.JPG;1
\cervidae\CERVIDREDORFALLOWDEER_ZOO_1_4\5_20210115 (88).JPG;1
\humanovehiculo\car_CaltechCameraTrap_ME\vehiculo\598f784b-23d2-11e8-a6a3-ec086b02610b.jpg;1
\leporido\LEPORIDRABBITORHARE_ZOO_1_4\6_20201023 (2737).JPG;1
\caballo\caballos_alumno_AM\caballos_alumno_AM\9_20201712 (2309).JPG;1
\cervidae\CERVIDREDORFALLOWDEER_ZOO_1_4\39_20201019 (479).JPG;1
\vacia\NOANIMAL_ZOO_5_6_7_9\2_20210417 (20415).JPG;0
\gato_domestico\cat_CaltechCameraTrap\58a6e80e-23d2-11e8-a6a3-ec086b02610b.jpg;1
\vacia\NOANIMAL_ZOO_1_4\26_20201020 (16711).JPG;0
\cervidae\CERVIDREDORFALLOWDEER_ZOO_1_4\15_20201215 (4587).JPG;1
\ave\OTHERSPECIES_ZOO_1_4\15_20210117 (15206).JPG;1
\cervidae\Ciervo_PNC_2014_JC\c23492IM000113.JPG;1
\vacia\empty_SnapshotMountainZebra\MTZ_S1_D06_R1_IMAG2506.JPG;0
\zorro\fox_CaltechCameraTrap_ME\58d614d0-23d2-11e8-a6a3-ec086b02610b.jpg;1
\jabali\Jabali_PNC_2014_JC\c26720IMAG0094.JPG;1
\cervidae\CERVIDREDORFALLOWDEER_ZOO_1_4\21_20201025 (1873).JPG;1
\ave\ave_Soraya_Padilla_Alumno_1_TH\STC_0061_frame020.jpg;1
\zorro\Zorro_PNC_2014_JC\c3315IM000053.JPG;1
\leporido\rabbit_CaltechCameraTrap_ME\58b4ac1d-23d2-11e8-a6a3-ec086b02610b.jpg;1
\lince\linces_fecha_Linces2_Leo_JC\2_Lince_flecha_Linces2_Leo_JC\lince103 (198).JPG;1
\zorro\zorro_PNC_2013-I_ME\5709IM000013.JPG;1
\vacia\NOANIMAL_ZOO_1_4\26_20201020 (8300).JPG;0
\cervidae\CERVIDREDORFALLOWDEER_ZOO_5_6_7_9\19_20210319 (2055).JPG;1
\vacia\empty_IslandConservationCameraTraps\dominicanrepublic_cam1826junio2015_20150505_105010_img_2351.jpg;0
\humanovehiculo\humanovehiculo_PNC_2013-O_RED_ISAAC\b8579IMAG0022.JPG;1
\vacia\empty_IslandConservationCameraTraps\dominicanrepublic_cam0425abril2015_20130815_051146_sunp2616.jpg;0
\vaca\COW_ZOO_5_6_7_9\21_20210418 (1012).JPG;1
\ave\ave_ave_WellingtonCameraTraps_SS\100416115430022c2391.JPG;1
\cervidae\deer_CaltechCameraTrap\58ac0c1c-23d2-11e8-a6a3-ec086b02610b.jpg;1
\zorro\Zorro_PNM_2013-0_ME\f9443IM000606.JPG;1
\vacia\NOANIMAL_ZOO_5_6_7_9\19_20210618 (5073).JPG;0
\vacia\empty_IslandConservationCameraTraps\micronesia_cam16_cam16june2019_20190620094503_rcnx3788.jpg;0
\leporido\rabbit_IslandConservationCameraTraps\chile_piedra012013_11032013181020.jpg;1
\cervidae\CERVIDREDORFALLOWDEER_ZOO_1_4\39_20201019 (306).JPG;1
\vacia\NOANIMAL_ZOO_1_4\34_20210115 (8197).JPG;0
\jabali\jabali_Paco_Carro_JC\MDGC0017.JPG;1
\vacia\vacia_Paco_Carro_JC\PICT2091 (2).JPG;0
\jabali\WILDBOAR_ZOO_1_4\10_20201117 (568).JPG;1
\zorro\zorro_PNC_2014_manuel\c26047IM000022.JPG;1
\jabali\WILDBOAR_ZOO_1_4\37_20201116 (6142).JPG;1
\jabali\WILDBOAR_ZOO_5_6_7_9\20_20210219 (425) (2021_04_15 06_16_22 UTC).JPG;1
\humanovehiculo\humanovehiculo_ss\28_20201019 (2873).JPG;1
\vaca\COW_ZOO_5_6_7_9\9_20210615 (1576).JPG;1
\vaca\cow_IslandConservationCameraTraps\dominicanrepublic_cam1226junio2015_20150506_154222_img_0323.jpg;1
\cervidae\ciervo_alumno_2_TH\28_20201019 (487).JPG;1
\ave\American Crow_ena24\7908.jpg;1
\vacia\empty_IslandConservationCameraTraps\dominicanrepublic_cam1826junio2015_20150505_093351_img_1916.jpg;0
\ave\aves_ME_CASA\IMG_0549.JPG;1
\lince\Lince_b_Linces2_Leo_JC\lince228 (526).JPG;1
\lince\Lince_a_Linces2_Leo_JC\lince94 (160).JPG;1
\vacia\vacia_alumno_1_AM\32_20201022 (107).JPG;0
\zorro\Zorro_PNC_2014_JC\c6690IM000040.JPG;1
\vacia\NOANIMAL_ZOO_5_6_7_9\18_20210417 (5609).JPG;0
\jabali\jabali_javi_JC\34_20201024 (4920).JPG;1
\zorro\Zorro_PNC_2014_JC\c10139IM000024.JPG;1
\caballo\HORSE_ZOO_1_4\15_20210117 (13096).JPG;1
\cervidae\CERVIDREDORFALLOWDEER_ZOO_1_4\21_20210114 (1488).JPG;1
\micromamiferos\rat_IslandConservationCameraTraps\micronesia_cam09_cam09june2019_20190621195020_rcnx0616.jpg;1
\vacia\vacia_Soraya_Padilla_Alumno_1_TH\DSCF0057_frame120.jpg;0
\vacia\NOANIMAL_ZOO_5_6_7_9\31_20210219 (1229) (2021_04_15 06_16_22 UTC).JPG;0
\lince\Lince_b_Linces2_Leo_JC\lince228 (149).jpg;1
\vacia\vacia_Paco_Carro_JC\IMG_2045.JPG;0
\vacia\NOANIMAL_ZOO_1_4\7_20210115 (3613).JPG;0
\vacia\empty_SnapshotMountainZebra\MTZ_S1_E06_R3_IMAG1085.JPG;0
\cervidae\ciervo_vacías_humanos_PNC_2012_ME\a2512IM000157.JPG;1
\zorro\Red fox_mammalWeb\32288.jpg;1
\vacia\NOANIMAL_ZOO_1_4\26_20201020 (8133).JPG;0
\jabali\jabali_alumno_1_AM_2\37_20201024 (1356).JPG;1
\vacia\empty_IslandConservationCameraTraps\ecuador1_ic1619_20181201_165507_img_0948.jpg;0
\caballo\HORSE_ZOO_1_4\15_20210117 (2415).JPG;1
\leporido\rabbit_IslandConservationCameraTraps\chile_frances022013_04052013130938.jpg;1
\humanovehiculo\car_CaltechCameraTrap_ME\vehiculo\590b9d31-23d2-11e8-a6a3-ec086b02610b.jpg;1
\vacia\NOANIMAL_ZOO_1_4\6_20201812 (14093).JPG;0
\vacia\vacia_Paco_Carro_JC\01130890.JPG;0
\cervidae\2_ciervo_simone_2\34_20201024 (5524).JPG;1
\jabali\WILDBOAR_ZOO_5_6_7_9\18_20210219 (530) (2021_04_15 06_16_22 UTC).JPG;1
\caballo\HORSE_ZOO_1_4\15_20210117 (1178).JPG;1
\jabali\WILDBOAR_ZOO_1_4\43_20201217 (873).JPG;1
\leporido\rabbit_IslandConservationCameraTraps\chile_frances012013_3112201225934.jpg;1
\ave\Zorzal_comun_PNC_2014_JC\c25421IM000023.JPG;1
\gato_domestico\cat_IslandConservationCameraTraps\chile_vaqueria2013_2002201365438.jpg;1
\ave\birdother_SnapshotKgalagai\KGA_S1_B07_R1_IMAG0114.JPG;1
\vacia\vacias_PNM_2012_ISAAC\d4830IM000014.JPG;0
\cervidae\CERVIDREDORFALLOWDEER_ZOO_1_4\24_20201019 (9028).JPG;1
\cervidae\CERVIDREDORFALLOWDEER_ZOO_1_4\21_20201217 (1217).JPG;1
\vacia\NOANIMAL_ZOO_5_6_7_9\50_20210408 (19059).JPG;0
\leporido\conejo_Paco_Carro_JC\PICT0944.JPG;1
\vacia\NOANIMAL_ZOO_5_6_7_9\2_20210417 (16502).JPG;0
\vacia\NOANIMAL_ZOO_5_6_7_9\8_20210219 (1249) (2021_04_15 06_16_22 UTC).JPG;0
\perro\dog_caltechCameraTraps\59d8ed80-23d2-11e8-a6a3-ec086b02610b.jpg;1
\cervidae\ciervo_vacías_humanos_PNC_2012_ME\a20102IM000233.JPG;1
\cervidae\CERVIDREDORFALLOWDEER_ZOO_1_4\29_20201117 (652).JPG;1
\vacia\empty_SnapshotMountainZebra\MTZ_S1_D06_R1_IMAG2552.JPG;0
\humanovehiculo\humano_vehiculo_PNM_2013-O_ISAAC\f14IM000014.JPG;1
\vacia\NOANIMAL_ZOO_1_4\6_20201116 (919).JPG;0
\cervidae\2_ciervo_simone_2\37_20201024 (9527).JPG;1
\vacia\vacias_PNC_2014_ISAAC\c3603IMAG0052.JPG;0
\ave\ave_vacías_humanos_PNC_2012_ME\a8017IM000347.JPG;1
\vacia\Nothing_mammalWeb\69099.jpg;0
\gato_domestico\gato_WellingtonCameraTraps_SS\0207151204420745L092.JPG;1
\vaca\COW_ZOO_5_6_7_9\21_20210418 (496).JPG;1
\vacia\vacias_PNM_2013-O_ISAAC\f6022IMAG0438.JPG;0
\vacia\vacias_PNM_2013-O_ISAAC\f14716IM000029.JPG;0
\vacia\empty_IslandConservationCameraTraps\dominicanrepublic_cam1425abril2015_20150326_145745_img_0141.jpg;0
\vacia\NOANIMAL_ZOO_5_6_7_9\49_20210615 (2337).JPG;0
\garduna\garduna_PNC_2013-O_RED_ISAAC\b19878IMAG0122.JPG;1
\vacia\empty_caltechCameraTraps\59ef8e17-23d2-11e8-a6a3-ec086b02610b.jpg;0
\cervidae\CERVIDREDORFALLOWDEER_ZOO_1_4\40_20201117 (2426).JPG;1
\cervidae\CIERVO_PNM_2012_ISAAC\d16378IM000055.JPG;1
\vacia\NOANIMAL_ZOO_1_4\34_20210115 (6793).JPG;0
\ave\ave_Soraya_Padilla_Alumno_1_TH\STC_0230_frame190.jpg;1
\humanovehiculo\humanos_Paco_Carro_JC\IMG_0003 (6).JPG;1
\vacia\empty_SnapshotMountainZebra\MTZ_S1_D07_R1_IMAG0147.JPG;0
\lince\Lince_b_Linces2_Leo_JC\lince151 (159).JPG;1
\vaca\COW_ZOO_5_6_7_9\21_20210615 (1872).JPG;1
\leporido\rabbit_IslandConservationCameraTraps\chile_frances012013_0401201335327.jpg;1
\cervidae\CERVIDREDORFALLOWDEER_ZOO_5_6_7_9\5_20210219 (1968) (2021_04_15 06_16_22 UTC).JPG;1
\zorro\zorro_PNC_2013-O_RED_ISAAC\b8413FILE0239.JPG;1
\humanovehiculo\humano_vehiculo_PNC_2014_ISAAC\c18196IMAG0001.JPG;1
\lince\Lince_a_Linces2_Leo_JC\lince75 (23).JPG;1
\vacia\empty_IslandConservationCameraTraps\dominicanrepublic_cam1817febrero2016_20160210_122009_img_0051.jpg;0
\cervidae\CERVIDREDORFALLOWDEER_ZOO_1_4\18_20210115 (1885).JPG;1
\humanovehiculo\car_CaltechCameraTrap_ME\vehiculo\599fbdc4-23d2-11e8-a6a3-ec086b02610b.jpg;1
\vacia\NOANIMAL_ZOO_5_6_7_9\50_20210408 (20847).JPG;0
\vacia\vacia_alumno_TH_3_TH_JC\30_20201021 (9242).JPG;0
\jabali\jabali_vacías_humanos_PNC_2012_ME\a19558IM000217.JPG;1
\vacia\NOANIMAL_ZOO_5_6_7_9\24_20210418 (14308).JPG;0
\jabali\WILDBOAR_ZOO_1_4\7_20201118 (2157).JPG;1
\vacia\NOANIMAL_ZOO_1_4\34_20210115 (3461).JPG;0
\humanovehiculo\humanovehiculo_PNC_2013-O_RED_ISAAC\b1139IM000178.JPG;1
\tejon\Tejon_PEPE_IREC_JC\IMAG0928_(2).JPG;1
\vacia\NOANIMAL_ZOO_5_6_7_9\8_20210219 (608) (2021_04_15 06_16_22 UTC).JPG;0
\cervidae\CERVIDREDORFALLOWDEER_ZOO_1_4\24_20201218 (1565).JPG;1
\vacia\NOANIMAL_ZOO_5_6_7_9\36_20210618 (1527).JPG;0
\vacia\vacia_Paco_Carro_JC\01060213.JPG;0
\gato_domestico\Gato_domestico_alumno_2_AM_JC\Gato (1)_frame030.jpg;1
\leporido\rabbit_IslandConservationCameraTraps\chile_frances022013_1006201382617.jpg;1
\lince\linces_fecha_Linces2_Leo_JC\2_Lince_flecha_Linces2_Leo_JC\lince160 (14).JPG;1
\vacia\NOANIMAL_ZOO_5_6_7_9\36_20210618 (13207).JPG;0
\vacia\NOANIMAL_ZOO_1_4\34_20210115 (3689).JPG;0
\vacia\vacia_WellingtonCameraTraps_SS\141215151408024b7483.JPG;0
\vacia\NOANIMAL_ZOO_5_6_7_9\36_20210618 (7884).JPG;0
\vacia\vacia_alumno_AM_2\10_20201019 (9511).JPG;0
\humanovehiculo\humanovehiculo_PNC_2014_manuel\c15351IM000011.JPG;1
\zorro\REDFOX_ZOO_1_4\7_20201118 (1010).JPG;1
\leporido\rabbit_IslandConservationCameraTraps\chile_frances012013_1301201355256.jpg;1
\vacia\Nothing_mammalWeb\89713.jpg;0
\vacia\vacias_1_de_2_PNC_2012_ISAAC\a37721IM000845.JPG;0
\cervidae\ciervo_simone_2\36_20201019 (2646).JPG;1
\vacia\NOANIMAL_ZOO_5_6_7_9\24_20210318 (5409).JPG;0
\cervidae\CERVIDREDORFALLOWDEER_ZOO_5_6_7_9\41_20210218 (20) (2021_04_15 06_16_22 UTC).JPG;1
\vacia\empty_IslandConservationCameraTraps\dominicanrepublic_cam1723agosto2015_20150815_054404_img_0021.jpg;0
\caballo\HORSE_ZOO_5_6_7_9\46_20210618 (284).JPG;1
\cervidae\CERVIDREDORFALLOWDEER_ZOO_5_6_7_9\28_20210417 (1995).JPG;1
\cervidae\CERVIDREDORFALLOWDEER_ZOO_1_4\1_20210115 (194).JPG;1
\vacia\empty_caltechCameraTraps\599293b2-23d2-11e8-a6a3-ec086b02610b.jpg;0
\ave\ave_ave_WellingtonCameraTraps_SS\160816161714011a5905.JPG;1
\cervidae\ciervo_vacías_humanos_PNC_2012_ME\a52270IM000079.JPG;1
\vacia\empty_SnapshotMountainZebra\MTZ_S1_E06_R3_IMAG0798.JPG;0
\vacia\empty_SnapshotMountainZebra\MTZ_S1_D05_R1_IMAG1307.JPG;0
\leporido\rabbit_IslandConservationCameraTraps\chile_frances022013_1006201383012.jpg;1
\vaca\COW_ZOO_1_4\21_20210114 (241).JPG;1
\cervidae\CERVIDREDORFALLOWDEER_ZOO_5_6_7_9\19_20210319 (3010).JPG;1
\jabali\WILDBOAR_ZOO_5_6_7_9\16_20210218 (70) (2021_04_15 06_16_22 UTC).JPG;1
\jabali\WILDBOAR_ZOO_5_6_7_9\11_20210218 (80) (2021_04_15 06_16_22 UTC).JPG;1
\humanovehiculo\humanovehiculo_PNC_2014_manuel\c4310IM000004.JPG;1
\vacia\empty_IslandConservationCameraTraps\dominicanrepublic_cam1826julio2015_20150628_123050_img_0676.jpg;0
\zorro\zorro_PNC_2013-I_RED_ME\46IM000048.JPG;1
\micromamiferos\rat_IslandConservationCameraTraps\micronesia_cam18april2019_20190412_054535_rcnx0032.jpg;1
\leporido\rabbit_CaltechCameraTrap_ME\58a6e8cf-23d2-11e8-a6a3-ec086b02610b.jpg;1
\ave\ave_ave_WellingtonCameraTraps_SS\050416120916026a5952.JPG;1
\cervidae\2_ciervo_Javi_3_JC\21_20201025 (918).JPG;1
\vacia\NOANIMAL_ZOO_5_6_7_9\2_20210417 (3694).JPG;0
\vacia\Nothing_mammalWeb\70135.jpg;0
\vacia\SnampshotEnonkishu\ENO_S1_B03_R1_IMAG1370.JPG;0
\humanovehiculo\car_CaltechCameraTrap_ME\vehiculo\5865e44e-23d2-11e8-a6a3-ec086b02610b.jpg;1
\vacia\NOANIMAL_ZOO_1_4\6_20201116 (4138).JPG;0
\leporido\rabbit_CaltechCameraTrap_ME\58ef6de7-23d2-11e8-a6a3-ec086b02610b.jpg;1
\jabali\jabali_PNC_2014_manuel\c6641IM000084.JPG;1
\cervidae\CERVIDREDORFALLOWDEER_ZOO_5_6_7_9\39_20210417 (3294).JPG;1
\cervidae\deer_CaltechCameraTrap\5892b51a-23d2-11e8-a6a3-ec086b02610b.jpg;1
\ave\Pheasant_mammalWeb\51472.jpg;1
\vacia\empty_caltechCameraTraps\59af9952-23d2-11e8-a6a3-ec086b02610b.jpg;0
\vacia\NOANIMAL_ZOO_5_6_7_9\2_20210417 (23607).JPG;0
\humanovehiculo\car_CaltechCameraTrap_ME\vehiculo\5968c13a-23d2-11e8-a6a3-ec086b02610b.jpg;1
\gato_domestico\cat_IslandConservationCameraTraps\palau_cam04a12132018_20181106_145018_rcnx2108.jpg;1
\humanovehiculo\humanovehiculo_Caltech\5950048f-23d2-11e8-a6a3-ec086b02610b.jpg;1
\lince\Lince_a_Linces2_Leo_JC\lince99 (84).JPG;1
\cervidae\deer_CaltechCameraTrap\59a30b06-23d2-11e8-a6a3-ec086b02610b.jpg;1
\gato_domestico\gato_WellingtonCameraTraps_SS\2105151618520830L083.JPG;1
\humanovehiculo\HUMANORVEHICLE_ZOO_5_6_7_9\31_20210219 (1430) (2021_04_15 06_16_22 UTC).JPG;1
\vacia\empty_IslandConservationCameraTraps\puertorico_16_20150228_214856_img_0431.jpg;0
\vacia\empty_SnapshotKaroo\KAR_S1_E02_R1_IMAG6508.JPG;0
\vacia\empty_IslandConservationCameraTraps\dominicanrepublic_cam0425abril2015_20130815_053815_sunp2670.jpg;0
\humanovehiculo\humanovehiculo_PNC_2014_manuel\c14841IMAG0299.JPG;1
\jabali\jabali_vacías_humanos_PNC_2012_ME\a30060IM000231.JPG;1
\vacia\empty_IslandConservationCameraTraps\palau_cam6a12132018_20181007_120000_rcnx0767.jpg;0
\jabali\jabali_alumno_1_AM_2\16_20201025 (281).JPG;1
\zorro\zorro_revGinetasJC_REV1_4_donana\11_20201118 (322).JPG;1
\vacia\NOANIMAL_ZOO_1_4\6_20201812 (10563).JPG;0
\cervidae\CERVIDREDORFALLOWDEER_ZOO_1_4\8_20201029 (13).JPG;1
\ave\ave_ave_WellingtonCameraTraps_SS\200116190126045b7201.JPG;1
\ave\OTHERSPECIES_ZOO_5_6_7_9\11_20210615 (8266).JPG;1
\vaca\COW_ZOO_5_6_7_9\9_20210615 (1892).JPG;1
\caballo\caballos_javier_JC\35_20201218 (549).JPG;1
\jabali\WILDBOAR_ZOO_5_6_7_9\20_20210219 (3136) (2021_04_15 06_16_22 UTC).JPG;1
\leporido\conejo_WellingtonCameraTraps_SS\2305150748500842S172.JPG;1
\cervidae\ciervo_Paco_Carro_JC\PICT0477.JPG;1
\leporido\rabbit_IslandConservationCameraTraps\chile_frances022013_23042013134816.jpg;1
\vacia\empty_SnapshotMountainZebra\MTZ_S1_B04_R3_IMAG0173.JPG;0
\zorro\REDFOX_ZOO_1_4\34_20201215 (802).JPG;1
\vacia\vacia_alumno_TH_3_TH_JC\30_20201021 (3615).JPG;0
\vacia\vacia_alumno_TH_3_TH_JC\10_20201019 (1882).JPG;0
\vacia\vacias_1_de_2_PNC_2012_ISAAC\a53092IM000453.JPG;0
\vacia\NOANIMAL_ZOO_1_4\34_20210115 (3234).JPG;0
\cervidae\CERVIDREDORFALLOWDEER_ZOO_1_4\13_20210120 (44).JPG;1
\vacia\NOANIMAL_ZOO_1_4\26_20201020 (15166).JPG;0
\cervidae\CERVIDREDORFALLOWDEER_ZOO_5_6_7_9\19_20210319 (2887).JPG;1
\jabali\WILDBOAR_ZOO_1_4\7_20201118 (1566).JPG;1
\vacia\empty_IslandConservationCameraTraps\dominicanrepublic_cam1825septiembre2015_20150826_105815_img_0058.jpg;0
\vacia\NOANIMAL_ZOO_5_6_7_9\25_20210417 (8836).JPG;0
\vacia\NOANIMAL_ZOO_5_6_7_9\16_20210615 (52).JPG;0
\vacia\empty_SnapshotMountainZebra\MTZ_S1_D07_R1_IMAG2406.JPG;0
\leporido\conejo_Paco_Carro_JC\PICT1528.JPG;1
\vacia\NOANIMAL_ZOO_5_6_7_9\24_20210615 (16435).JPG;0
\jabali\WILDBOAR_ZOO_1_4\37_20210115 (613).JPG;1
\jabali\WILDBOAR_ZOO_1_4\15_20210117 (6717).JPG;1
\lince\Lince_a_Linces2_Leo_JC\Lince52 (96).JPG;1
\vaca\COW_ZOO_5_6_7_9\9_20210615 (1535).JPG;1
\cervidae\ciervo_vacías_humanos_PNC_2012_ME\a23793IM000244.JPG;1
\lince\Lince_b_Linces2_Leo_JC\lince228 (563).JPG;1
\vacia\NOANIMAL_ZOO_1_4\40_20201215 (3857).JPG;0
\vacia\NOANIMAL_ZOO_1_4\7_20210115 (2549).JPG;0
\cervidae\ciervo_PNC_2013-I_RED_ME\7809IM000113.JPG;1
\gineta\gineta_Saul Martin_FRAMES_SIN_REPETIDOS_REVISADOS_DIEGO\IMAG0001_frame400.jpg;1
\zorro\Red Fox_ena24\3347.jpg;1
\ave\Pheasant_mammalWeb\28115.jpg;1
\zorro\zorro_PNC_2013-I_RED_ME\8367IMAG0073.JPG;1
\vacia\NOANIMAL_ZOO_5_6_7_9\24_20210418 (10894).JPG;0
\vaca\COW_ZOO_1_4\21_20201217 (2193).JPG;1
\cervidae\CERVIDREDORFALLOWDEER_ZOO_1_4\1_20210115 (566).JPG;1
\gato_domestico\gato_WellingtonCameraTraps_SS\02111517464601940151.JPG;1
\cervidae\CERVIDREDORFALLOWDEER_ZOO_1_4\2_20201215 (8265).JPG;1
\vacia\empty_IslandConservationCameraTraps\dominicanrepublic_cam1826julio2015_20150626_091826_img_0180.jpg;0
\vacia\NOANIMAL_ZOO_1_4\20_20210115 (1313).JPG;0
\vacia\empty_IslandConservationCameraTraps\puertorico_16_20150305_154614_img_0551.jpg;0
\humanovehiculo\car_CaltechCameraTrap_ME\vehiculo\58ac0ba8-23d2-11e8-a6a3-ec086b02610b.jpg;1
\leporido\rabbit_IslandConservationCameraTraps\chile_piedra012013_2104201372241.jpg;1
\vacia\NOANIMAL_ZOO_5_6_7_9\24_20210318 (903).JPG;0
\jabali\jabali_PNM_2013-I_ISAAC\e3816IM000067.JPG;1
\lince\linces_fecha_Linces2_Leo_JC\2_Lince_flecha_Linces2_Leo_JC\Lince51 (14).jpg;1
\cervidae\2_ciervo_simone_2\34_20201024 (6921).JPG;1
\vacia\Vacia_ME_rev_2_donana\27_20201023 (8256).JPG;0
\vaca\COW_ZOO_5_6_7_9\21_20210418 (2170).JPG;1
\humanovehiculo\humanovehiculo_vacías_humanos_PNC_2012_ME\a52639IM000003.JPG;1
\jabali\WILDBOAR_ZOO_5_6_7_9\11_20210218 (564) (2021_04_15 06_16_22 UTC).JPG;1
\vacia\Vacias_PNM_2013-0_ME\f8373IM000239.JPG;0
\jabali\WILDBOAR_ZOO_1_4\37_20201116 (8057).JPG;1
\micromamiferos\rodent_CaltechCameraTrap_JC\Roedor_ rodent_CaltechCameraTrap_JC\5914f065-23d2-11e8-a6a3-ec086b02610b.jpg;1
\vacia\vacia_Paco_Carro_JC\01120290.JPG;0
\vacia\vacia_alumno_TH_3_TH_JC\19_20201023 (72).JPG;0
\vacia\NOANIMAL_ZOO_5_6_7_9\19_20210319 (2184).JPG;0
\vacia\empty_SnapshotMountainZebra\MTZ_S1_D07_R1_IMAG0799.JPG;0
\vacia\vacia_alumno_2_AM\Neovis 09_frame160.jpg;0
\zorro\ZORRO_PNM_2012_ISAAC\d2820IMAG0015.JPG;1
\vacia\NOANIMAL_ZOO_5_6_7_9\2_20210417 (22082).JPG;0
\vacia\vacia_alumno_AM_2\26_20201020 (2593).JPG;0
\cervidae\deer_CaltechCameraTrap\5a14a60a-23d2-11e8-a6a3-ec086b02610b.jpg;1
\ave\OTHERSPECIES_ZOO_1_4\15_20210117 (15979).JPG;1
\humanovehiculo\humano_vehiculo_PNM_2013-O_ISAAC\f20526IM000024.JPG;1
\vacia\empty_caltechCameraTraps\59ccd07c-23d2-11e8-a6a3-ec086b02610b.jpg;0
\vacia\SnampshotEnonkishu\ENO_S1_D06_R1_IMAG1311.JPG;0
\ave\raven_IslandConservationCameraTraps\dominicanrepublic_cam1518octubre2015_20151011_080046_img_0015.jpg;1
\vacia\empty_IslandConservationCameraTraps\palau_cam6a12132018_20181004_112406_rcnx0735.jpg;0
\jabali\jabali_Saul Martin_FRAMES_SIN_REPETIDOS_REVISADOS_DIEGO\IMAG0022_frame320.jpg;1
\humanovehiculo\humanovehiculo_PNC_2013-O_RED_ISAAC\b15561IMAG0496.JPG;1
\vacia\empty_SnapshotMountainZebra\MTZ_S1_D05_R1_IMAG2744.JPG;0
\vacia\NOANIMAL_ZOO_1_4\6_20201116 (4305).JPG;0
\cervidae\CERVIDREDORFALLOWDEER_ZOO_5_6_7_9\28_20210615 (1138).JPG;1
\vacia\vacias_PNC_2014_ISAAC\c12637IMAG0157.JPG;0
\lince\linces_fecha_Linces2_Leo_JC\2_Lince_flecha_Linces2_Leo_JC\lince187 (35).JPG;1
\leporido\Rabbit_mammalWeb\37826.jpg;1
\jabali\jabali_PNM_2013-O_ISAAC\f20410IM000156.JPG;1
\vacia\vacias_2_de_2_PNC_2012_ISAAC\a7687IM000019.JPG;0
\vacia\NOANIMAL_ZOO_1_4\6_20201812 (11640).JPG;0
\vacia\NOANIMAL_ZOO_1_4\34_20210115 (3592).JPG;0
\vacia\vacia_Paco_Carro_JC\IMG_1230.JPG;0
\cervidae\ciervo_ss\37_20201024 (13099).JPG;1
\jabali\jabali_javi_JC\28_20201019 (1888).JPG;1
\vacia\NOANIMAL_ZOO_5_6_7_9\33_20210615 (169).JPG;0
\leporido\rabbit_IslandConservationCameraTraps\chile_frances022013_16042013143615.jpg;1
\cervidae\ciervo_simone_2\39_20201019 (441).JPG;1
\vacia\empty_SnapshotCamdeboo\CDB_S1_D06_R1_IMAG0362.JPG;0
\leporido\rabbit_CaltechCameraTrap_ME\5a02fbfa-23d2-11e8-a6a3-ec086b02610b.jpg;1
\vaca\cow_CaltechCameraTrap\5908805c-23d2-11e8-a6a3-ec086b02610b.jpg;1
\vacia\NOANIMAL_ZOO_1_4\8_20210115 (213).JPG;0
\vacia\NOANIMAL_ZOO_1_4\11_20210114 (391).JPG;0
\vacia\empty_IslandConservationCameraTraps\dominicanrepublic_cam0425abril2015_20130808_050607_sunp1258.jpg;0
\vacia\NOANIMAL_ZOO_5_6_7_9\36_20210618 (1704).JPG;0
\cervidae\Ciervo_PNC_2014_JC\c29209IM000027.JPG;1
\humanovehiculo\humanovehiculo_PNC_2014_manuel\c23204IM000009.JPG;1
\jabali\WILDBOAR_ZOO_1_4\33_20201217 (161).JPG;1
\vacia\vacias_1_de_2_PNC_2012_ISAAC\a43814IM000558.JPG;0
\vacia\NOANIMAL_ZOO_5_6_7_9\50_20210408 (22317).JPG;0
\vacia\empty_SnapshotMountainZebra\MTZ_S1_D05_R1_IMAG2201.JPG;0
\vacia\NOANIMAL_ZOO_1_4\6_20201812 (13954).JPG;0
\vacia\NOANIMAL_ZOO_1_4\37_20201215 (3478).JPG;0
\vaca\cow_CaltechCameraTrap\58f10683-23d2-11e8-a6a3-ec086b02610b.jpg;1
\lince\Lince_a_Linces2_Leo_JC\lince103 (132).JPG;1
\humanovehiculo\HUMANORVEHICLE_ZOO_1_4\24_20201218 (1643).JPG;1
\vacia\empty_IslandConservationCameraTraps\ecuador1_ic1611_20150101_000001_img_1354.jpg;0
\lince\Lince_b_Linces2_Leo_JC\lince155 (30).JPG;1
\jabali\WILDBOAR_ZOO_5_6_7_9\15_20210219 (6576) (2021_04_15 06_16_22 UTC).JPG;1
\cervidae\cervidae_Javi_3_JC\21_20201025 (2799).JPG;1
\vaca\COW_ZOO_5_6_7_9\49_20210418 (1630).JPG;1
\cervidae\4_ciervo_alumno_2_TH\37_20201024 (1306).JPG;1
\vacia\NOANIMAL_ZOO_5_6_7_9\50_20210417 (23699).JPG;0
\vacia\vacias_1_de_2_PNC_2012_ISAAC\a37952IM001056.JPG;0
\gato_domestico\cat_IslandConservationCameraTraps\puertorico_17b_20150319_063722_img_0318.jpg;1
\vacia\NOANIMAL_ZOO_5_6_7_9\36_20210319 (2377).JPG;0
\cervidae\ciervo_PNC_2014_ISAAC\c24103IMAG0216.JPG;1
\zorro\Zorro_PNC_2014_JC\c23228IM000034.JPG;1
\vacia\NOANIMAL_ZOO_5_6_7_9\24_20210418 (3160).JPG;0
\vacia\vacia_alumno_2_AM\Marfoi 30_frame160.jpg;0
\jabali\WILDBOAR_ZOO_1_4\31_20201218 (162).JPG;1
\vacia\SnampshotEnonkishu\ENO_S1_D03_R1_IMAG3271.JPG;0
\vacia\NOANIMAL_ZOO_5_6_7_9\39_20210218 (1384) (2021_04_15 06_16_22 UTC).JPG;0
\jabali\WILDBOAR_ZOO_5_6_7_9\20_20210219 (3152) (2021_04_15 06_16_22 UTC).JPG;1
\leporido\rabbit_IslandConservationCameraTraps\chile_frances022013_04052013110328.jpg;1
\humanovehiculo\HUMANORVEHICLE_ZOO_1_4\42_20201118 (226).JPG;1
\ave\bird_CaltechCameraTrap\58782ad3-23d2-11e8-a6a3-ec086b02610b.jpg;1
\vacia\vacias_2_de_2_PNC_2012_ISAAC\a5933IM000744.JPG;0
\zorro\fox_CaltechCameraTrap_ME\588c132d-23d2-11e8-a6a3-ec086b02610b.jpg;1
\leporido\rabbit_IslandConservationCameraTraps\chile_frances012013_2012201272635.jpg;1
\gato_domestico\Domestic cat_mammalWeb\45700.jpg;1
\lince\Lince_b_Linces2_Leo_JC\lince182 (14).JPG;1
\humanovehiculo\car_CaltechCameraTrap_ME\vehiculo\5976a209-23d2-11e8-a6a3-ec086b02610b.jpg;1
\vaca\COW_ZOO_5_6_7_9\21_20210318 (14933).JPG;1
\vacia\empty_caltechCameraTraps\59e91c01-23d2-11e8-a6a3-ec086b02610b.jpg;0
\vacia\empty_SnapshotMountainZebra\MTZ_S1_G04_R3_IMAG3605.JPG;0
\vacia\vacias_1_de_2_PNC_2012_ISAAC\a39049IMAG0799.JPG;0
\ave\bird_CaltechCameraTrap\59f799cb-23d2-11e8-a6a3-ec086b02610b.jpg;1
\vacia\vacia_alumno_1_AM\22_20201022 (9).JPG;0
\mapache\raccoon_CaltechCameraTrap_ME\59edf1ee-23d2-11e8-a6a3-ec086b02610b.jpg;1
\vaca\Vaca_ME_rev_1_donana\21_20201025 (3408).JPG;1
\leporido\CONEJO_PNM_2012_ISAAC\d15219IM000145.JPG;1
\cervidae\Ciervo_PNC_2012_JC\a7176IM000215.JPG;1
\humanovehiculo\humanos_Paco_Carro_JC\IMG_0126.JPG;1
\leporido\rabbit_IslandConservationCameraTraps\chile_frances022013_19042013141142.jpg;1
\cervidae\Ciervo_PNM_2013-0_ME\f5078IM000180.JPG;1
\cervidae\ciervo_PNC_2014_ISAAC\c21770IM000140.JPG;1
\tejon\tejon_leo_donana\0002915.JPG;1
\jabali\WILDBOAR_ZOO_1_4\37_20201116 (12517).JPG;1
\vacia\NOANIMAL_ZOO_1_4\6_20201812 (9451).JPG;0
\vacia\empty_caltechCameraTraps\59e2a403-23d2-11e8-a6a3-ec086b02610b.jpg;0
\vacia\empty_SnapshotMountainZebra\MTZ_S1_D06_R1_IMAG1663.JPG;0
\humanovehiculo\humano_vehiculo_PNC_2013-I_ISAAC\4173IMAG0134.JPG;1
\vacia\vacia_alumno_2_AM\Orycun (35)_frame050.jpg;0
\vaca\COW_ZOO_1_4\35_20210114 (338).JPG;1
\vacia\NOANIMAL_ZOO_5_6_7_9\25_20210417 (14135).JPG;0
\vacia\NOANIMAL_ZOO_1_4\26_20201020 (11452).JPG;0
\caballo\HORSE_ZOO_1_4\15_20210117 (13045).JPG;1
\vacia\vacias_PNM_2013-O_ISAAC\f16794IMAG0769.JPG;0
\humanovehiculo\humanovehiculo_PNC_2014_manuel\c23266IM000074.JPG;1
\jabali\WILDBOAR_ZOO_5_6_7_9\9_20210318 (595).JPG;1
\ave\shearwater_IslandConservationCameraTraps\chile_piedra012013_02012013215253.jpg;1
\caballo\caballos_javier_JC\35_20201218 (343).JPG;1
\vacia\empty_IslandConservationCameraTraps\ecuador1_ic1611_20150101_000005_img_0232.jpg;0
\vacia\NOANIMAL_ZOO_5_6_7_9\25_20210417 (1940).JPG;0
\lince\Lince_b_Linces2_Leo_JC\lince165 (20).JPG;1
\vacia\empty_caltechCameraTraps\59c31bb9-23d2-11e8-a6a3-ec086b02610b.jpg;0
\cervidae\Ciervo_PNC_2013-O_ME\b7561IM000135.JPG;1
\vacia\NOANIMAL_ZOO_5_6_7_9\31_20210219 (878) (2021_04_15 06_16_22 UTC).JPG;0
\vacia\empty_IslandConservationCameraTraps\dominicanrepublic_cam0425abril2015_20130824_045040_sunp5215.jpg;0
\vacia\empty_IslandConservationCameraTraps\dominicanrepublic_cam1826junio2015_20150505_130939_img_3077.jpg;0
\zorro\Zorro_Pepe_IREC\Zorro_Pepe_Irec_ME\IMAG0710_(7).JPG;1
\cervidae\ciervo_Javi_3_JC\6_20201023 (1271).JPG;1
\cervidae\CERVIDREDORFALLOWDEER_ZOO_5_6_7_9\24_20210219 (3323) (2021_04_15 06_16_22 UTC).JPG;1
\vacia\vacia_alumno_AM_2\15_20201024 (3256).JPG;0
\cervidae\ciervo_simone_2\40_20201024 (6512).JPG;1
\humanovehiculo\car_CaltechCameraTrap_ME\vehiculo\5979be0d-23d2-11e8-a6a3-ec086b02610b.jpg;1
\vacia\vacias_PNC_2014_manuel\c20825IM000785.JPG;0
\zorro\Zorro_PNC_2014_JC\c3306IM000044.JPG;1
\zorro\Zorro_Pepe_IREC\Zorro_Pepe_Irec_ME\IMAG0263.JPG;1
\caballo\HORSE_ZOO_1_4\2_20201117 (302).JPG;1
\cervidae\Ciervo_PNC_2014_JC\c15715IM000070.JPG;1
\zorro\zorro_vacías_humanos_PNC_2012_ME\a29001IM000120.JPG;1
\cervidae\cervidae_ME_rev_1_donana\33_20201025 (75).JPG;1
\cervidae\CERVIDREDORFALLOWDEER_ZOO_1_4\21_20201025 (4750).JPG;1
\cervidae\Ciervo_PNC_2014_JC\c22566IM000055.JPG;1
\zorro\Zorro_Pepe_IREC\Zorro_Pepe_Irec_ME\IMAG1264_(4).JPG;1
\cervidae\corzo_alumno_2_AM_JC\STC_0067_frame150.jpg;1
\zorro\zorro_ME_rev_1_donana\43_20201026 (30).JPG;1
\vacia\empty_IslandConservationCameraTraps\dominicanrepublic_cam0425abril2015_20130826_044441_sunp6140.jpg;0
\humanovehiculo\HUMANORVEHICLE_ZOO_1_4\13_20201025 (23).JPG;1
\vacia\vacias_2_de_2_PNC_2012_ISAAC\a1730IM000695.JPG;0
\zorro\fox_CaltechCameraTrap_ME\59bfde26-23d2-11e8-a6a3-ec086b02610b.jpg;1
\vacia\empty_IslandConservationCameraTraps\puertorico_20_20141120_114921_img_0002.jpg;0
\meloncillo\Meloncillo_PEPE_IREC_JC\IMAG0198_(2).JPG;1
\vacia\empty_IslandConservationCameraTraps\dominicanrepublic_cam0725abril2015b_20130814_071528_sunp0798.jpg;0
\zorro\zorro_PNM_2013-O_ISAAC\f8975IM000111.JPG;1
\vacia\NOANIMAL_ZOO_1_4\15_20210117 (12857).JPG;0
\vacia\NOANIMAL_ZOO_1_4\23_20201117 (999).JPG;0
\cervidae\CERVIDREDORFALLOWDEER_ZOO_1_4\38_20201019 (307).JPG;1
\tejon\Tejon_PEPE_IREC_JC\IMAG1756_(2).JPG;1
\vacia\empty_SnapshotMountainZebra\MTZ_S1_D05_R1_IMAG0622.JPG;0
\cervidae\CERVIDREDORFALLOWDEER_ZOO_1_4\10_20201218 (2227).JPG;1
\humanovehiculo\car_CaltechCameraTrap_ME\vehiculo\5a1e5176-23d2-11e8-a6a3-ec086b02610b.jpg;1
\cervidae\2_ciervo_Javi_3_JC\34_20201024 (1977).JPG;1
\jabali\Jabali_PNC_2014_JC\c29218IM000036.JPG;1
\gato_domestico\cat_IslandConservationCameraTraps\palau_cam04a12132018_20180824_193129_rcnx0217.jpg;1
\jabali\WILDBOAR_ZOO_5_6_7_9\48_20210418 (42).JPG;1
\cervidae\ciervo_Javi_3_JC\21_20201025 (2742).JPG;1
\vacia\empty_IslandConservationCameraTraps\dominicanrepublic_cam0425abril2015_20130809_023438_sunp1445.jpg;0
\cervidae\CERVIDREDORFALLOWDEER_ZOO_5_6_7_9\15_20210219 (2654) (2021_04_15 06_16_22 UTC).JPG;1
\cervidae\deer_CaltechCameraTrap\5a1fe798-23d2-11e8-a6a3-ec086b02610b.jpg;1
\lince\Lince_a_Linces2_Leo_JC\lince90 (198).JPG;1
\vacia\NOANIMAL_ZOO_5_6_7_9\2_20210319 (3840).JPG;0
\vacia\NOANIMAL_ZOO_5_6_7_9\50_20210417 (24441).JPG;0
\vacia\vacia_Paco_Carro_JC\01060154.JPG;0
\zorro\zorro_PNC_2013-O_RED_ISAAC\b7531IM000103.JPG;1
\gato_domestico\cat_IslandConservationCameraTraps\dominicanrepublic_cam0915febrero2016_20160125_042747_img_0009.jpg;1
\zorro\Zorro_PNC_2014_JC\c6075IM000026.JPG;1
\vacia\vacias_PNC_2014_ISAAC\c8317IM000663.JPG;0
\cervidae\ciervo_vacías_humanos_PNC_2012_ME\a20055IM000184.JPG;1
\caballo\caballos_simone\4_20201220 (63).JPG;1
\cervidae\CERVIDREDORFALLOWDEER_ZOO_5_6_7_9\50_20210616 (17206).JPG;1
\vacia\empty_SnapshotMountainZebra\MTZ_S1_D07_R1_IMAG0158.JPG;0
\vacia\NOANIMAL_ZOO_1_4\7_20210115 (596).JPG;0
\leporido\rabbit_IslandConservationCameraTraps\chile_frances012013_22122012204015.jpg;1
\vacia\vacias_PNM_2013-O_ISAAC\f15807IMAG0596.JPG;0
\vacia\NOANIMAL_ZOO_5_6_7_9\15_20210219 (3978) (2021_04_15 06_16_22 UTC).JPG;0
\cervidae\Ciervo_PNC_2013-O_ME\b7752IM000337.JPG;1
\gato_domestico\gato_WellingtonCameraTraps_SS\2904150837320285S071.JPG;1
\humanovehiculo\humanovehiculo_PNC_2013-O_RED_ISAAC\b8525FILE0357.JPG;1
\vacia\NOANIMAL_ZOO_1_4\34_20201215 (2895).JPG;0
\vacia\NOANIMAL_ZOO_1_4\26_20201020 (11515).JPG;0
\vacia\Nothing_mammalWeb\24802.jpg;0
\cervidae\deer_CaltechCameraTrap\59439f3a-23d2-11e8-a6a3-ec086b02610b.jpg;1
\cervidae\ciervo_PNC_2014_ISAAC\c28577IM000034.JPG;1
\cervidae\ciervo_Javi_3_JC\21_20201025 (167).JPG;1
\vacia\NOANIMAL_ZOO_1_4\15_20201117 (1820).JPG;0
\vacia\empty_SnapshotMountainZebra\MTZ_S1_D06_R1_IMAG0897.JPG;0
\cervidae\CERVIDREDORFALLOWDEER_ZOO_1_4\21_20201025 (4290).JPG;1
\vacia\vacia_Paco_Carro_JC\01130435.JPG;0
\vacia\empty_SnapshotMountainZebra\MTZ_S1_D07_R1_IMAG1995.JPG;0
\leporido\conejoLiebre_vacias_humanos_PNC_2012_ME_JC\Liebre_vacías_humanos_PNC_2012_ME_JC\a27925IM000167.JPG;1
\gato_domestico\gato_WellingtonCameraTraps_SS\15111514323003791133.JPG;1
\humanovehiculo\humanovehiculo_vacías_humanos_PNC_2012_ME\a30694IM000008.JPG;1
\caballo\HORSE_ZOO_5_6_7_9\15_20210219 (9445) (2021_04_15 06_16_22 UTC).JPG;1
\leporido\rabbit_IslandConservationCameraTraps\chile_frances022013_31052013131854.jpg;1
\vacia\NOANIMAL_ZOO_5_6_7_9\25_20210417 (8956).JPG;0
\micromamiferos\rodent_CaltechCameraTrap_JC\Roedor_ rodent_CaltechCameraTrap_JC\59c4bf77-23d2-11e8-a6a3-ec086b02610b.jpg;1
\vacia\NOANIMAL_ZOO_5_6_7_9\50_20210408 (16732).JPG;0
\vacia\NOANIMAL_ZOO_5_6_7_9\13_20210218 (1205) (2021_04_15 06_16_22 UTC).JPG;0
\leporido\rabbit_CaltechCameraTrap_ME\59e43e53-23d2-11e8-a6a3-ec086b02610b.jpg;1
\vaca\cow_CaltechCameraTrap\5922eac8-23d2-11e8-a6a3-ec086b02610b.jpg;1
\mapache\raccoon_CaltechCameraTrap_ME\595004b2-23d2-11e8-a6a3-ec086b02610b.jpg;1
\vaca\COW_ZOO_5_6_7_9\21_20210318 (14361).JPG;1
\vacia\vacia_buscar_cab_isaac_sin_contar\9_20201118 (453).JPG;0
\zorro\Zorro1_diego_2_rev_donana\32_20201022 (762).JPG;1
\cervidae\deer_CaltechCameraTrap\587d3fe7-23d2-11e8-a6a3-ec086b02610b.jpg;1
\humanovehiculo\humano_vehiculo_PNM_2013-O_ISAAC\f26902IMAG0392.JPG;1
\ave\OTHERSPECIES_ZOO_5_6_7_9\38_20210618 (774).JPG;1
\vacia\NOANIMAL_ZOO_1_4\34_20210115 (3003).JPG;0
\zorro\Zorro_PNC_2014_JC\c25750IM000047.JPG;1
\caballo\caballos_alumno_AM\caballos_alumno_AM\9_20201712 (2312).JPG;1
\jabali\WILDBOAR_ZOO_1_4\7_20201118 (825).JPG;1
\vacia\NOANIMAL_ZOO_1_4\11_20210114 (344).JPG;0
\vacia\vacia_alumno_2_AM\Orycun (30)_frame050.jpg;0
\ave\short-eared_owl_IslandConservationCameraTraps\chile_piedra012013_1903201362410.jpg;1
\cervidae\CERVIDREDORFALLOWDEER_ZOO_5_6_7_9\5_20210417 (2001).JPG;1
\gato_domestico\gato_WellingtonCameraTraps_SS\050416060900013as311.JPG;1
\humanovehiculo\HUMANORVEHICLE_ZOO_1_4\19_20210115 (397).JPG;1
\vacia\NOANIMAL_ZOO_5_6_7_9\37_20210220 (668) (2021_04_15 06_16_22 UTC).JPG;0
\meloncillo\Meloncillo_PEPE_IREC_JC\IMAG0234.JPG;1
\vacia\empty_SnapshotKaroo\KAR_S1_F02_R1_IMAG0761.JPG;0
\cervidae\CERVIDREDORFALLOWDEER_ZOO_1_4\24_20210115 (1576).JPG;1
\cervidae\ciervo_PNC_2013-I_RED_ME\1889IM000050.JPG;1
\vacia\vacias_1_de_2_PNC_2012_ISAAC\a38415IMAG0145.JPG;0
\humanovehiculo\humanovehiculo_PNC_2014_manuel\c13358IMAG0066.JPG;1
\cervidae\ciervo_PNM_2013-O_ISAAC\f5256IM000165.JPG;1
\vacia\empty_IslandConservationCameraTraps\dominicanrepublic_cam0425abril2015_20130808_044317_sunp1185.jpg;0
\vacia\empty_IslandConservationCameraTraps\dominicanrepublic_cam0114marzo2016_20160313_182452_sunp0042.jpg;0
\vacia\empty_IslandConservationCameraTraps\dominicanrepublic_cam0520octubre2015_20130826_112542_sunp0117.jpg;0
\cervidae\2_ciervo_Javi_3_JC\29_20201023 (43).JPG;1
\vacia\empty_caltechCameraTraps\597cd645-23d2-11e8-a6a3-ec086b02610b.jpg;0
\cervidae\Ciervo_PNC_2013-O_ME\b7004FILE0146.JPG;1
\leporido\rabbit_IslandConservationCameraTraps\chile_piedra012013_08052013130312.jpg;1
\zorro\zorro_PNM_2013-O_ISAAC\f15017IM000034.JPG;1
\micromamiferos\micromamifero_WellingtonCameraTraps_SS\130716054632038cs522.JPG;1
\jabali\WILDBOAR_ZOO_1_4\29_20201023 (302).JPG;1
\cervidae\2_corzo_alumno_2_AM_JC\DSCF0052_frame260.jpg;1
\lince\linces_fecha_Linces2_Leo_JC\2_Lince_flecha_Linces2_Leo_JC\lince116 (99).JPG;1
\vacia\empty_SnapshotMountainZebra\MTZ_S1_G04_R3_IMAG2308.JPG;0
\leporido\rabbit_CaltechCameraTrap_ME\593a4df5-23d2-11e8-a6a3-ec086b02610b.jpg;1
\vacia\empty_IslandConservationCameraTraps\dominicanrepublic_cam0425abril2015_20130827_043351_sunp6467.jpg;0
\cervidae\cervidae_ME_rev_3_donana\40_20201024 (3139).JPG;1
\vacia\vacia_Paco_Carro_JC\01090374.JPG;0
\jabali\WILDBOAR_ZOO_1_4\21_20201025 (2467).JPG;1
\vaca\COW_ZOO_1_4\2_20210115 (3565).JPG;1
\cervidae\CERVIDREDORFALLOWDEER_ZOO_5_6_7_9\49_20210418 (4520).JPG;1
\vacia\empty_IslandConservationCameraTraps\dominicanrepublic_cam1425abril2015_20150412_144826_img_1154.jpg;0
\cervidae\CERVIDREDORFALLOWDEER_ZOO_5_6_7_9\47_20210615 (1550).JPG;1
\vaca\Vaca_ME_rev_1_donana\17_20201026 (319).JPG;1
\cervidae\CERVIDREDORFALLOWDEER_ZOO_1_4\20_20210115 (640).JPG;1
\cervidae\CERVIDREDORFALLOWDEER_ZOO_5_6_7_9\35_20210418 (1219).JPG;1
\leporido\conejo_WellingtonCameraTraps_SS\071116080642040a1122.JPG;1
\vacia\NOANIMAL_ZOO_1_4\6_20201812 (12627).JPG;0
\caballo\HORSE_ZOO_1_4\15_20210117 (14314).JPG;1
\cervidae\ciervo_PNC_2014_ISAAC\c21740IM000109.JPG;1
\zorro\zorro_PNM_2013-I_ME\e4138IM000024.JPG;1
\vacia\vacias_2_de_2_PNC_2012_ISAAC\a44069IMAG0014.JPG;0
\zorro\zorro_vacías_humanos_PNC_2012_ME\a47456IM000088.JPG;1
\zorro\zorro_PNM_2013-O_ISAAC\f12617IM000032.JPG;1
\vacia\NOANIMAL_ZOO_1_4\7_20210115 (3373).JPG;0
\vacia\Vacia_Paco_Carro_camarasliron_4_2_PASADAS_POR_LA_RED_JC\MDGC0779.JPG;0
\lince\Lince_b_Linces2_Leo_JC\lince216 (331).JPG;1
\vacia\empty_IslandConservationCameraTraps\dominicanrepublic_cam0425abril2015_20130825_043442_sunp5647.jpg;0
\cervidae\CERVIDREDORFALLOWDEER_ZOO_5_6_7_9\10_20210319 (11999).JPG;1
\lince\Lince_b_Linces2_Leo_JC\lince224 (236).JPG;1
\ave\Chicken_ena24\6387.jpg;1
\zorro\zorro_PNM_2013-I_ME\e4200IM000033.JPG;1
\vacia\SnampshotEnonkishu\ENO_S1_D05_R1_IMAG2414.JPG;0
\vacia\NOANIMAL_ZOO_5_6_7_9\39_20210615 (2805).JPG;0
\leporido\rabbit_CaltechCameraTrap_ME\597ff09d-23d2-11e8-a6a3-ec086b02610b.jpg;1
\jabali\Jabali_PNM_2013-0_ME\f14872IM000077.JPG;1
\vacia\NOANIMAL_ZOO_5_6_7_9\50_20210417 (19781).JPG;0
\cervidae\CERVIDREDORFALLOWDEER_ZOO_1_4\15_20201215 (4298).JPG;1
\cervidae\ciervo_PNC_2014_ISAAC\c18934IMAG0118.JPG;1
\vacia\empty_SnapshotMountainZebra\MTZ_S1_E06_R1_IMAG1749.JPG;0
\leporido\rabbit_IslandConservationCameraTraps\chile_frances022013_27052013121708.jpg;1
\vaca\COW_ZOO_1_4\2_20201215 (8242).JPG;1
\vaca\cow_CaltechCameraTrap\588f6617-23d2-11e8-a6a3-ec086b02610b.jpg;1
\vacia\empty_IslandConservationCameraTraps\dominicanrepublic_cam0425abril2015_20130826_001607_sunp5934.jpg;0
\vacia\NOANIMAL_ZOO_1_4\6_20201116 (4380).JPG;0
\vaca\cow_CaltechCameraTrap\58b82220-23d2-11e8-a6a3-ec086b02610b.jpg;1
\zorro\Zorro_Pepe_IREC\Zorro_Pepe_Irec_ME\IMAG0231_(3).JPG;1
\micromamiferos\rodent_CaltechCameraTrap_JC\Roedor_ rodent_CaltechCameraTrap_JC\58cfc9ec-23d2-11e8-a6a3-ec086b02610b.jpg;1
\jabali\WILDBOAR_ZOO_5_6_7_9\20_20210219 (1007) (2021_04_15 06_16_22 UTC).JPG;1
\vacia\vacias_PNC_2014_manuel\c19566IMAG0124.JPG;0
\gato_domestico\gato_WellingtonCameraTraps_SS\160716144516031bl234.JPG;1
\vacia\empty_SnapshotMountainZebra\MTZ_S1_E06_R3_IMAG1723.JPG;0
\vaca\cow_CaltechCameraTrap\5888bf73-23d2-11e8-a6a3-ec086b02610b.jpg;1
\zorro\zorro_PNC_2013-I_RED_ME\6499IMAG0006.JPG;1
\zorro\zorro_vacías_humanos_PNC_2012_ME\a28844IM000128.JPG;1
\vacia\vacia_Paco_Carro_JC\01130004.JPG;0
\caballo\HORSE_ZOO_1_4\17_20201611 (220).JPG;1
\cervidae\CERVIDREDORFALLOWDEER_ZOO_1_4\18_unknowndate (275).JPG;1
\vacia\NOANIMAL_ZOO_5_6_7_9\2_20210417 (16472).JPG;0
\jabali\Jabali_ME_rev_1_donana\41_20201025 (154).JPG;1
\vacia\NOANIMAL_ZOO_5_6_7_9\50_20210408 (8015).JPG;0
\jabali\WILDBOAR_ZOO_1_4\20_20201215 (759).JPG;1
\leporido\conejo_Paco_Carro_JC\PICT0646 (3).JPG;1
\ave\bird_CaltechCameraTrap\58bd1b98-23d2-11e8-a6a3-ec086b02610b.jpg;1
\vaca\cow_CaltechCameraTrap\58b6674d-23d2-11e8-a6a3-ec086b02610b.jpg;1
\cervidae\CERVIDREDORFALLOWDEER_ZOO_1_4\34_20201116 (3052).JPG;1
\jabali\jabali_PNC_2014_manuel\c9031IM000117.JPG;1
\vacia\empty_IslandConservationCameraTraps\dominicanrepublic_cam0427abril2016_20160413_110841_sunp0002.jpg;0
\jabali\WILDBOAR_ZOO_1_4\20_20210115 (248).JPG;1
\vacia\vacia_Paco_Carro_JC\IMG_1558.JPG;0
\micromamiferos\Small rodent_mammalWeb\21287.jpg;1
\humanovehiculo\humanovehiculo_Caltech\59830755-23d2-11e8-a6a3-ec086b02610b.jpg;1
\humanovehiculo\humanovehiculo_ss\18_20201024 (24).JPG;1
\lince\Lince_b_Linces2_Leo_JC\lince142 (32).JPG;1
\jabali\4_jabali_PNC_2013-I_ME\8611IMAG0150.JPG;1
\vacia\NOANIMAL_ZOO_5_6_7_9\32_20210615 (799).JPG;0
\vacia\NOANIMAL_ZOO_5_6_7_9\28_20210417 (3069).JPG;0
\cervidae\corzo_alumno_2_AM_JC\STC_0195_frame210.jpg;1
\vacia\NOANIMAL_ZOO_1_4\34_20210115 (5382).JPG;0
\vacia\empty_IslandConservationCameraTraps\dominicanrepublic_cam1125abril2015_20150415_172009_img_1556.jpg;0
\humanovehiculo\car_CaltechCameraTrap_ME\vehiculo\586ade1b-23d2-11e8-a6a3-ec086b02610b.jpg;1
\vacia\empty_SnapshotMountainZebra\MTZ_S1_E06_R1_IMAG0049.JPG;0
\vacia\vacia_Paco_Carro_JC\IMG_1456.JPG;0
\caballo\HORSE_ZOO_1_4\2_20210115 (10031).JPG;1
\leporido\conejo_Paco_Carro_JC\PICT1915 (2).JPG;1
\humanovehiculo\humano_vehiculo_PNC_2013-I_ISAAC\10107IM000027.JPG;1
\ave\raven_IslandConservationCameraTraps\dominicanrepublic_cam11801agosto2017_20170705_125039_img_0085.jpg;1
\ave\ave_Paco_Carro_JC\PICT0179.JPG;1
\vacia\NOANIMAL_ZOO_1_4\37_20201116 (13244).JPG;0
\jabali\WILDBOAR_ZOO_1_4\15_20210117 (4063).JPG;1
\vacia\NOANIMAL_ZOO_1_4\7_20210115 (760).JPG;0
\tejon\Tejon_PEPE_IREC_JC\IMAG0146_(2).JPG;1
\vacia\empty_SnapshotMountainZebra\MTZ_S1_D07_R1_IMAG2159.JPG;0
\caballo\domesticanimal_SnapshotCamdeboo\CDB_S1_A06_R2_IMAG0233.JPG;1
\vacia\NOANIMAL_ZOO_5_6_7_9\24_20210219 (723) (2021_04_15 06_16_22 UTC).JPG;0
\cervidae\CERVIDREDORFALLOWDEER_ZOO_1_4\39_20201019 (444).JPG;1
\vacia\vacia_ss\15_20201024 (1005).JPG;0
\cervidae\deer_CaltechCameraTrap\59f12892-23d2-11e8-a6a3-ec086b02610b.jpg;1
\vacia\empty_IslandConservationCameraTraps\micronesia_cam04_cam04june2019_20190619060003_rcnx3410.jpg;0
\humanovehiculo\HUMANORVEHICLE_ZOO_5_6_7_9\21_20210318 (14053).JPG;1
\zorro\Zorro_Pepe_IREC\Zorro_Pepe_Irec_ME\IMAG0077_(6).JPG;1
\zorro\zorro_PNC_2014_manuel\c11972IMAG0209.JPG;1
\caballo\HORSE_ZOO_1_4\38_20201117 (2131).JPG;1
\vaca\COW_ZOO_1_4\21_20201217 (1506).JPG;1
\vacia\NOANIMAL_ZOO_5_6_7_9\24_20210418 (1803).JPG;0
\ave\bird_CaltechCameraTrap\5903cd96-23d2-11e8-a6a3-ec086b02610b.jpg;1
\jabali\WILDBOAR_ZOO_1_4\31_20201218 (492).JPG;1
\cervidae\CERVIDREDORFALLOWDEER_ZOO_5_6_7_9\22_20210318 (8653).JPG;1
\humanovehiculo\humanovehiculo_Caltech\5a14a55b-23d2-11e8-a6a3-ec086b02610b.jpg;1
\vacia\empty_SnapshotKaroo\KAR_S1_F02_R1_IMAG1698.JPG;0
\ave\OTHERSPECIES_ZOO_5_6_7_9\17_20210318 (189).JPG;1
\vacia\NOANIMAL_ZOO_5_6_7_9\24_20210418 (19765).JPG;0
\zorro\Red fox_mammalWeb\18909.jpg;1
\cervidae\ciervo_Paco_Carro_JC\PICT0727.JPG;1
\humanovehiculo\humanovehiculo_vacías_humanos_PNC_2012_ME\a38264IMAG0002.JPG;1
\jabali\WILDBOAR_ZOO_1_4\33_20201025 (4).JPG;1
\vacia\empty_IslandConservationCameraTraps\dominicanrepublic_cam0420octubre2015_20130814_084047_sunp0003.jpg;0
\vaca\COW_ZOO_5_6_7_9\21_20210418 (2544).JPG;1
\micromamiferos\micromamiferos_Paco_Carro_JC\PICT0528.JPG;1
\vacia\vacias_PNC_2014_ISAAC\c12665IMAG0187.JPG;0
\vacia\NOANIMAL_ZOO_5_6_7_9\11_20210418 (2462).JPG;0
\vacia\NOANIMAL_ZOO_5_6_7_9\2_20210618 (16301).JPG;0
\cervidae\CERVIDREDORFALLOWDEER_ZOO_5_6_7_9\31_20210219 (595) (2021_04_15 06_16_22 UTC).JPG;1
\leporido\conejo_Paco_Carro_JC\PICT0758.JPG;1
\jabali\WILDBOAR_ZOO_1_4\31_20201023 (377).JPG;1
\gato_domestico\cat_IslandConservationCameraTraps\palau_cam08a12132018_20181001_222937_rcnx0181.jpg;1
\vacia\empty_SnapshotKaroo\KAR_S1_E02_R1_IMAG0626.JPG;0
\vacia\NOANIMAL_ZOO_1_4\15_20210117 (5247).JPG;0
\vacia\NOANIMAL_ZOO_5_6_7_9\50_20210417 (22793).JPG;0
\vacia\vacia_Paco_Carro_JC\01130225.JPG;0
\jabali\WILDBOAR_ZOO_1_4\37_20201116 (11734).JPG;1
\vacia\empty_SnapshotMountainZebra\MTZ_S1_D05_R1_IMAG1279.JPG;0
\gato_domestico\gato_WellingtonCameraTraps_SS\0905151304140237S063.JPG;1
\micromamiferos\micromamiferos_fotosManuelEmilio20200912\IMG_5031_x1.JPG;1
\vacia\NOANIMAL_ZOO_1_4\34_20210115 (1355).JPG;0
\jabali\jabali_Paco_Garcia_JC\IMAG0149.JPG;1
\zorro\zorro_vacías_humanos_PNC_2012_ME\a28649IM000040.JPG;1
\vacia\NOANIMAL_ZOO_5_6_7_9\24_20210318 (7022).JPG;0
\vacia\NOANIMAL_ZOO_1_4\7_20210115 (1321).JPG;0
\cervidae\ciervo_PNC_2013-O_RED_ISAAC\b7035FILE0178.JPG;1
\caballo\caballos_javier_JC\2_20201117 (5108).JPG;1
\cervidae\CERVIDREDORFALLOWDEER_ZOO_1_4\21_20201025 (4120).JPG;1
\vacia\vacias_PNC_2014_manuel\c19611IMAG0172.JPG;0
\cervidae\cervidae_Javi_3_JC\22_20201022 (954).JPG;1
\ave\ave_ave_WellingtonCameraTraps_SS\030416115102005a7482.JPG;1
\jabali\WILDBOAR_ZOO_1_4\20_20201215 (448).JPG;1
\vacia\NOANIMAL_ZOO_1_4\25_20201218 (937).JPG;0
\vacia\empty_IslandConservationCameraTraps\micronesia_cam12april2019_20190414_094002_rcnx0815.jpg;0
\ave\OTHERSPECIES_ZOO_5_6_7_9\38_20210618 (2730).JPG;1
\vacia\empty_IslandConservationCameraTraps\dominicanrepublic_cam0520octubre2015_20130827_093644_sunp0133.jpg;0
\leporido\rabbit_CaltechCameraTrap_ME\5a230f52-23d2-11e8-a6a3-ec086b02610b.jpg;1
\vacia\empty_IslandConservationCameraTraps\dominicanrepublic_cam0425abril2015_20130822_050536_sunp4328.jpg;0
\vacia\NOANIMAL_ZOO_5_6_7_9\24_20210318 (15140).JPG;0
\vacia\NOANIMAL_ZOO_5_6_7_9\50_20210417 (18676).JPG;0
\vacia\NOANIMAL_ZOO_1_4\29_20201117 (1143).JPG;0
\vacia\NOANIMAL_ZOO_5_6_7_9\24_20210418 (7282).JPG;0
\ave\ave_ave_WellingtonCameraTraps_SS\060116084226046a6243.JPG;1
\humanovehiculo\humanovehiculo_PNC_2014_manuel\c13652IMAG0114.JPG;1
\cervidae\Ciervo_PNC_2012_JC\a14483IM000418.JPG;1
\vacia\empty_caltechCameraTraps\59f79ade-23d2-11e8-a6a3-ec086b02610b.jpg;0
\vacia\NOANIMAL_ZOO_5_6_7_9\24_20210418 (7659).JPG;0
\cervidae\CERVIDREDORFALLOWDEER_ZOO_5_6_7_9\36_20210618 (6913).JPG;1
\lince\Lince_b_Linces2_Leo_JC\lince184 (11).JPG;1
\leporido\2_conejo_Paco_Carro_JC\PICT1869.JPG;1
\caballo\HORSE_ZOO_1_4\10_20201117 (1136).JPG;1
\jabali\Jabali_PNC_2014_JC\c26036IM000010.JPG;1
\vaca\COW_ZOO_5_6_7_9\21_20210418 (2084).JPG;1
\garduna\Garduna_PNM_2013-0_ME\f18873IM000723.JPG;1
\cervidae\CERVIDREDORFALLOWDEER_ZOO_1_4\2_20201215 (6681).JPG;1
\vacia\empty_IslandConservationCameraTraps\dominicanrepublic_cam0425abril2015_20130727_022724_sunp0072.jpg;0
\vacia\NOANIMAL_ZOO_1_4\37_20201116 (9501).JPG;0
\vacia\empty_SnapshotMountainZebra\MTZ_S1_D06_R1_IMAG0683.JPG;0
\vaca\COW_ZOO_5_6_7_9\21_20200113 (2159) (2021_04_15 06_16_22 UTC).JPG;1
\leporido\rabbit_CaltechCameraTrap_ME\58767fb8-23d2-11e8-a6a3-ec086b02610b.jpg;1
\vacia\Nothing_mammalWeb\43119.jpg;0
\zorro\zorro_PNM_2013-O_ME\f4980IM000077.JPG;1
\vacia\empty_IslandConservationCameraTraps\ecuador1_ic1611_20150101_000002_img_0931.jpg;0
\vacia\vacia_alumno_2_AM_JC\DSCF0059_frame090.jpg;0
\ave\bird_CaltechCameraTrap\59751385-23d2-11e8-a6a3-ec086b02610b.jpg;1
\vacia\empty_IslandConservationCameraTraps\dominicanrepublic_cam0425abril2015_20130727_044118_sunp0251.jpg;0
\vacia\vacias_1_de_2_PNC_2012_ISAAC\a39058IMAG0808.JPG;0
\jabali\WILDBOAR_ZOO_1_4\28_20201019 (1791).JPG;1
\cervidae\CERVIDREDORFALLOWDEER_ZOO_5_6_7_9\15_20210219 (2471) (2021_04_15 06_16_22 UTC).JPG;1
\perro\dog_caltechCameraTraps\59973f74-23d2-11e8-a6a3-ec086b02610b.jpg;1
\cervidae\CERVIDREDORFALLOWDEER_ZOO_5_6_7_9\16_20210418 (33).JPG;1
\cervidae\ciervo_PNC_2013-I_ME\3290IMAG0193.JPG;1
\gato_domestico\cat_CaltechCameraTrap\58af74e4-23d2-11e8-a6a3-ec086b02610b.jpg;1
\vacia\empty_SnapshotMountainZebra\MTZ_S1_F04_R3_IMAG3720.JPG;0
\zorro\zorro_PNM_2013-O_ISAAC\f4018IM000078.JPG;1
\humanovehiculo\humanovehiculo_PNC_2014_manuel\c16022IM000010.JPG;1
\lince\Lince_b_Linces2_Leo_JC\lince133 (136).JPG;1
\cervidae\ciervo_Javi_3_JC\21_20201025 (1692).JPG;1
\cervidae\CERVIDREDORFALLOWDEER_ZOO_5_6_7_9\38_20210618 (299).JPG;1
\humanovehiculo\humanovehiculo_PNM_2013-I_ME\e5086IMAG0001.JPG;1
\tejon\tejon_PNM_2013-O_ME\f14455IMAG0373.JPG;1
\cervidae\ciervo_Paco_Carro_JC\PICT0379.JPG;1
\tejon\EUROPEANBADGER_ZOO_5_6_7_9\47_20210615 (377).JPG;1
\gato_domestico\gato_WellingtonCameraTraps_SS\131016145838045as431.JPG;1
\ave\American Crow_ena24\8561.jpg;1
\vacia\vacias_2_de_2_PNC_2012_ISAAC\a3968IM000333.JPG;0
\zorro\zorro_vacías_humanos_PNC_2012_ME\a33434IMAG0103.JPG;1
\jabali\WILDBOAR_ZOO_1_4\37_20201116 (11758).JPG;1
\ave\shearwater_IslandConservationCameraTraps\chile_vaqueria2013_07012013223949.jpg;1
\vacia\vacia_ave_WellingtonCameraTraps_SS\1106151548420888S482.JPG;0
\lince\Lince_b_Linces2_Leo_JC\lince228 (659).JPG;1
\zorro\zorro_PNC_2014_manuel\c28797IM000068.JPG;1
\cervidae\CERVIDREDORFALLOWDEER_ZOO_5_6_7_9\19_20210319 (649).JPG;1
\vacia\NOANIMAL_ZOO_1_4\6_20201812 (9402).JPG;0
\cervidae\CERVIDREDORFALLOWDEER_ZOO_5_6_7_9\5_20210219 (569) (2021_04_15 06_16_22 UTC).JPG;1
\vacia\empty_IslandConservationCameraTraps\dominicanrepublic_cam1826julio2015_20150718_121155_img_2782.jpg;0
\cervidae\ciervo_vacías_humanos_PNC_2012_ME\a13311IM000224.JPG;1
\micromamiferos\rat_IslandConservationCameraTraps\micronesia_cam06_cam06june2019_pig_20190629192241_11288.jpg;1
\zorro\zorro_PNC_2012_JC\a46066IM000043.JPG;1
\vacia\vacias_PNM_2012_ME\d11000IM000388.JPG;0
\leporido\Rabbit_mammalWeb\24767.jpg;1
\lince\linces_fecha_Linces2_Leo_JC\2_Lince_flecha_Linces2_Leo_JC\lince130 (539).JPG;1
\vacia\empty_SnapshotMountainZebra\MTZ_S1_E06_R3_IMAG1448.JPG;0
\vacia\NOANIMAL_ZOO_1_4\7_20210115 (2462).JPG;0
\ave\shearwater_IslandConservationCameraTraps\chile_vaqueria2013_30122012233440.jpg;1
\vacia\vacias_1_de_2_PNC_2012_ISAAC\a42028IM000209.JPG;0
\micromamiferos\rodent_CaltechCameraTrap_JC\Roedor_ rodent_CaltechCameraTrap_JC\598de8d0-23d2-11e8-a6a3-ec086b02610b.jpg;1
\caballo\caballos_javier_JC\2_20201117 (3597).JPG;1
\vaca\cow_CaltechCameraTrap\587d42b3-23d2-11e8-a6a3-ec086b02610b.jpg;1
\cervidae\CERVIDREDORFALLOWDEER_ZOO_5_6_7_9\19_20210618 (1973).JPG;1
\cervidae\cervidae_alumno_2_TH\37_20201024 (1653).JPG;1
\vacia\empty_IslandConservationCameraTraps\dominicanrepublic_cam2015abril2015_20150412_161059_img_5190.jpg;0
\tejon\Badger_mammalWeb\20146.jpg;1
\gato_domestico\gato_WellingtonCameraTraps_SS\290116011938045a1603.JPG;1
\ave\OTHERSPECIES_ZOO_5_6_7_9\17_20210615 (2061).JPG;1
\cervidae\CERVIDREDORFALLOWDEER_ZOO_1_4\21_20201025 (4293).JPG;1
\vacia\vacia_alumno_1_TH\Ave (16)_frame080.jpg;0
\cervidae\CERVIDREDORFALLOWDEER_ZOO_5_6_7_9\19_20210319 (959).JPG;1
\humanovehiculo\humanovehiculo_PNM_2013-I_ME\e3892IM000013.JPG;1
\vacia\NOANIMAL_ZOO_5_6_7_9\24_20210318 (13452).JPG;0
\vacia\NOANIMAL_ZOO_5_6_7_9\25_20210417 (15855).JPG;0
\zorro\Zorro_PNC_2014_JC\c30682IM000028.JPG;1
\vacia\NOANIMAL_ZOO_5_6_7_9\50_20210408 (27408).JPG;0
\vaca\COW_ZOO_5_6_7_9\21_20210318 (14744).JPG;1
\lince\linces_fecha_Linces2_Leo_JC\3_Lince_flecha_Linces2_Leo_JC\lince130 (412).JPG;1
\vacia\empty_IslandConservationCameraTraps\palau_cam6a12132018_20181105_120000_rcnx1225.jpg;0
\cervidae\ciervo_simone_2\37_20201024 (502).JPG;1
\zorro\Zorro_Pepe_IREC\Zorro_Pepe_Irec_ME\IMAG0132_(2).JPG;1
\jabali\2jabali_PNC_2013-O_RED_ISAAC\b18273IM000101.JPG;1
\zorro\Zorro_Pepe_IREC\Zorro_Pepe_Irec_ME\IMAG0006_(11).JPG;1
\ave\ave_ave_WellingtonCameraTraps_SS\080416143912018b2543.JPG;1
\cervidae\ciervo_PNM_2012_ME\d14115IMAG0047.JPG;1
\cervidae\CERVIDREDORFALLOWDEER_ZOO_5_6_7_9\10_20210417 (291).JPG;1
\micromamiferos\rat_IslandConservationCameraTraps\palau_cam10a12122018_20181206_181744_rcnx1235.jpg;1
\vaca\COW_ZOO_1_4\21_20201217 (2165).JPG;1
\mapache\raccoon_CaltechCameraTrap_ME\58c4d805-23d2-11e8-a6a3-ec086b02610b.jpg;1
\vacia\NOANIMAL_ZOO_5_6_7_9\39_20210417 (1323).JPG;0
\jabali\WILDBOAR_ZOO_1_4\33_20201025 (294).JPG;1
\ave\ave_ave_WellingtonCameraTraps_SS\021116170644039b8802.JPG;1
\vacia\empty_caltechCameraTraps\59e10330-23d2-11e8-a6a3-ec086b02610b.jpg;0
\leporido\conejo_WellingtonCameraTraps_SS\0405151714480632S052.JPG;1
\vaca\COW_ZOO_1_4\15_20201024 (7662).JPG;1
\vacia\vacias_PNC_2014_ISAAC\c28826IM000094.JPG;0
\vacia\NOANIMAL_ZOO_5_6_7_9\2_20210417 (25025).JPG;0
\ave\bird_CaltechCameraTrap\58ce4024-23d2-11e8-a6a3-ec086b02610b.jpg;1
\vacia\vacias_1_de_2_PNC_2012_ISAAC\a38969IMAG0714.JPG;0
\cervidae\CERVIDREDORFALLOWDEER_ZOO_1_4\15_20210117 (7386).JPG;1
\vacia\NOANIMAL_ZOO_5_6_7_9\2_20210417 (24766).JPG;0
\vaca\COW_ZOO_1_4\21_20201217 (1644).JPG;1
\humanovehiculo\humanovehiculo_PNM_2013-I_ME\e3203IM000051.JPG;1
\vacia\vacia_alumno_AM_2\26_20201020 (13384).JPG;0
\leporido\2_conejo_Paco_Carro_JC\PICT1385.JPG;1
\humanovehiculo\humano_vehiculo_PNM_2013-O_ISAAC\f29537IMAG1122.JPG;1
\vacia\NOANIMAL_ZOO_1_4\7_20201118 (2884).JPG;0
\caballo\HORSE_ZOO_1_4\15_20210117 (1315).JPG;1
\leporido\rabbit_IslandConservationCameraTraps\chile_frances012013_2212201204208.jpg;1
\vacia\NOANIMAL_ZOO_5_6_7_9\20_20210319 (11489).JPG;0
\garduna\garduna_PNC_2013-I_RED_ME\4060IMAG0041.JPG;1
\zorro\Zorro_Pepe_IREC\Zorro_Pepe_Irec_ME\IMAG0903_(2).JPG;1
\vacia\NOANIMAL_ZOO_1_4\26_20201020 (18088).JPG;0
\leporido\conejo_WellingtonCameraTraps_SS\2205151220280379L131.JPG;1
\vacia\empty_IslandConservationCameraTraps\puertorico_17b_20150307_103828_img_0260.jpg;0
\jabali\Jabali_PNC_2012_JC\a13907IM000103.JPG;1
\vacia\NOANIMAL_ZOO_5_6_7_9\24_20210318 (17216).JPG;0
\jabali\WILDBOAR_ZOO_5_6_7_9\11_20210218 (603) (2021_04_15 06_16_22 UTC).JPG;1
\humanovehiculo\humano_vehiculo_PNM_2012_ISAAC\d374IM000002.JPG;1
\cervidae\CERVIDREDORFALLOWDEER_ZOO_1_4\21_20201025 (1704).JPG;1
\vacia\empty_caltechCameraTraps\5979bba3-23d2-11e8-a6a3-ec086b02610b.jpg;0
\humanovehiculo\humanovehiculo_ss\25_20201024 (1243).JPG;1
\cervidae\ciervo_PNC_2014_manuel\c27073IMAG0013.JPG;1
\vacia\NOANIMAL_ZOO_5_6_7_9\50_20210408 (7462).JPG;0
\zorro\zorro_vacías_humanos_PNC_2012_ME\a1924IM000012.JPG;1
\ave\ave_ave_WellingtonCameraTraps_SS\041116154146027as386.JPG;1
\vacia\NOANIMAL_ZOO_5_6_7_9\32_20210218 (202) (2021_04_15 06_16_22 UTC).JPG;0
\vacia\NOANIMAL_ZOO_1_4\26_20201020 (11285).JPG;0
\ave\American Crow_ena24\8033.jpg;1
\tejon\Tejon_PEPE_IREC_JC\IMAG0006.JPG;1
\lince\Lince_a_Linces2_Leo_JC\lince94 (7).JPG;1
\humanovehiculo\humanovehiculo_PNM_2013-I_ME\e3886IM000007.JPG;1
\cervidae\ciervo_PNC_2013-I_RED_ME\1616IM000171.JPG;1
\cervidae\ciervo_PNC_2014_ISAAC\c12602IMAG0120.JPG;1
\vacia\empty_SnapshotMountainZebra\MTZ_S1_E06_R3_IMAG0071.JPG;0
\vacia\empty_caltechCameraTraps\598acde4-23d2-11e8-a6a3-ec086b02610b.jpg;0
\vacia\vacias_PNM_2013-O_ISAAC\f7039IMAG1460.JPG;0
\vacia\empty_IslandConservationCameraTraps\dominicanrepublic_cam0425abril2015_20130824_045049_sunp5220.jpg;0
\humanovehiculo\HUMANORVEHICLE_ZOO_5_6_7_9\42_20210618 (2072).JPG;1
\cervidae\CERVIDREDORFALLOWDEER_ZOO_1_4\24_20210115 (1407).JPG;1
\cervidae\ciervo_PNC_2014_ISAAC\c550IM000150.JPG;1
\micromamiferos\rodent_CaltechCameraTrap_JC\Roedor_ rodent_CaltechCameraTrap_JC\58cb1441-23d2-11e8-a6a3-ec086b02610b.jpg;1
\cervidae\Ciervo_PNC_2012_JC\a2248IM000043.JPG;1
\vacia\vacia_Paco_Carro_JC\01130093.JPG;0
\vaca\cow_CaltechCameraTrap\589460f7-23d2-11e8-a6a3-ec086b02610b.jpg;1
\vaca\vaca_buscar_cab_isaac_sin_contar\4_20201220 (9087).JPG;1
\vacia\NOANIMAL_ZOO_5_6_7_9\2_20210417 (19883).JPG;0
\humanovehiculo\car_CaltechCameraTrap_ME\vehiculo\59fe2148-23d2-11e8-a6a3-ec086b02610b.jpg;1
\cervidae\deer_CaltechCameraTrap\59af977f-23d2-11e8-a6a3-ec086b02610b.jpg;1
\vacia\NOANIMAL_ZOO_1_4\6_20201812 (12807).JPG;0
\meloncillo\Meloncillo_PEPE_IREC_JC\IMAG0419_(2).JPG;1
\leporido\rabbit_IslandConservationCameraTraps\chile_frances022013_31052013132020.jpg;1
\vacia\vacias_PNM_2013-O_ISAAC\f2910IMAG0669.JPG;0
\vacia\empty_caltechCameraTraps\5a217899-23d2-11e8-a6a3-ec086b02610b.jpg;0
\vacia\NOANIMAL_ZOO_1_4\26_20201020 (12263).JPG;0
\vaca\COW_ZOO_5_6_7_9\49_20210418 (2184).JPG;1
\gineta\gineta_Soraya_Padilla_Alumno_1_TH\STC_0191_frame080.jpg;1
\vacia\NOANIMAL_ZOO_5_6_7_9\19_20210417 (378).JPG;0
\humanovehiculo\HUMANORVEHICLE_ZOO_5_6_7_9\17_20210218 (905) (2021_04_15 06_16_22 UTC).JPG;1
\vacia\NOANIMAL_ZOO_1_4\2_20201215 (3951).JPG;0
\vaca\COW_ZOO_5_6_7_9\9_20210615 (1004).JPG;1
\cervidae\CERVIDREDORFALLOWDEER_ZOO_5_6_7_9\19_20210219 (1469) (2021_04_15 06_16_22 UTC).JPG;1
\cervidae\Ciervo_PNC_2014_JC\c22847IM000025.JPG;1
\mapache\raccoon_CaltechCameraTrap_ME\593ef53d-23d2-11e8-a6a3-ec086b02610b.jpg;1
\humanovehiculo\humanovehiculo_PNC_2014_manuel\c12241IMAG0173.JPG;1
\humanovehiculo\car_CaltechCameraTrap_ME\vehiculo\59a49d01-23d2-11e8-a6a3-ec086b02610b.jpg;1
\vacia\NOANIMAL_ZOO_5_6_7_9\24_20210615 (708).JPG;0
\leporido\conejo_leo_donana\0008042.JPG;1
\vacia\NOANIMAL_ZOO_1_4\18_20200130 (975).JPG;0
\vacia\empty_IslandConservationCameraTraps\dominicanrepublic_cam0425abril2015_20130807_044344_sunp0541.jpg;0
\vacia\NOANIMAL_ZOO_1_4\7_20210115 (1968).JPG;0
\micromamiferos\rat_IslandConservationCameraTraps\micronesia_cam06_cam06june2019_pig_20190629210934_1279.jpg;1
\zorro\zorro_PNC_2014_manuel\c13163IMAG0109.JPG;1
\micromamiferos\micromamifero_WellingtonCameraTraps_SS\140416221344030bs341.JPG;1
\leporido\rabbit_IslandConservationCameraTraps\chile_piedra012013_01062013143640.jpg;1
\vacia\empty_SnapshotMountainZebra\MTZ_S1_E06_R3_IMAG0472.JPG;0
\vacia\empty_IslandConservationCameraTraps\dominicanrepublic_cam1826julio2015_20150715_111651_img_2372.jpg;0
\caballo\HORSE_ZOO_1_4\10_20201218 (3492).JPG;1
\lince\Lince_a_Linces2_Leo_JC\lince70 (104).JPG;1
\cervidae\deer_CaltechCameraTrap\59a94b86-23d2-11e8-a6a3-ec086b02610b.jpg;1
\vacia\empty_IslandConservationCameraTraps\micronesia_cam16_cam16june2019_20190606063003_rcnx0006.jpg;0
\leporido\Conejo_PNC_2014_JC\c8663IM000121.JPG;1
\vacia\Nothing_mammalWeb\93271.jpg;0
\gato_domestico\gato_WellingtonCameraTraps_SS\18111510331001069483.JPG;1
\jabali\jabali_javi_JC\31_20201023 (42).JPG;1
\cervidae\ciervo_PNC_2013-I_RED_ME\8989IM000085.JPG;1
\jabali\Jabali_PNC_2012_JC\a17553IM000068.JPG;1
\zorro\Red fox_mammalWeb\24300.jpg;1
\cervidae\CERVIDREDORFALLOWDEER_ZOO_1_4\21_20201025 (4886).JPG;1
\humanovehiculo\car_CaltechCameraTrap_ME\vehiculo\5a17e04a-23d2-11e8-a6a3-ec086b02610b.jpg;1
\vaca\COW_ZOO_1_4\21_20201119 (1029).JPG;1
\cervidae\ciervo_PNM_2013-O_ISAAC\f17750IM000705.JPG;1
\cervidae\CERVIDREDORFALLOWDEER_ZOO_5_6_7_9\39_20210417 (86).JPG;1
\vacia\NOANIMAL_ZOO_1_4\15_20201215 (6817).JPG;0
\vacia\NOANIMAL_ZOO_5_6_7_9\2_20210618 (16325).JPG;0
\vacia\NOANIMAL_ZOO_5_6_7_9\38_20210417 (1306).JPG;0
\leporido\rabbit_IslandConservationCameraTraps\chile_frances022013_1804201383847.jpg;1
\ave\aves_fotosManuelEmilio20200912\IMG_0699.JPG;1
\vacia\empty_IslandConservationCameraTraps\ecuador1_ic1611_20150101_000004_img_1406.jpg;0
\vacia\empty_caltechCameraTraps\599fbd49-23d2-11e8-a6a3-ec086b02610b.jpg;0
\ave\ave_Soraya_Padilla_Alumno_1_TH\DSCF0034_frame140.jpg;1
\ave\shearwater_IslandConservationCameraTraps\chile_vaqueria2013_0612201232111.jpg;1
\vacia\vacia_Paco_Carro_JC\01140018.JPG;0
\ave\Chicken_ena24\6483.jpg;1
\vacia\vacias_PNC_2014_ISAAC\c7595IM000007.JPG;0
\cervidae\Ciervo_PNC_2014_JC\c26567IM000037.JPG;1
\gato_domestico\gato_WellingtonCameraTraps_SS\0204151202520888S251.JPG;1
\jabali\jabali_PNC_2013-O_RED_ISAAC\b18134IM000176.JPG;1
\cervidae\CERVIDREDORFALLOWDEER_ZOO_5_6_7_9\28_20210615 (3262).JPG;1
\jabali\jabali_PNC_2014_manuel\c10591IM000027.JPG;1
\zorro\zorro_PNC_2013-O_RED_ISAAC\b19453IMAG0037.JPG;1
\vaca\COW_ZOO_5_6_7_9\39_20210417 (2035).JPG;1
\vacia\empty_caltechCameraTraps\5a062f9b-23d2-11e8-a6a3-ec086b02610b.jpg;0
\micromamiferos\micromamiferos_Paco_Carro_JC\IMG_0421.JPG;1
\lince\Lince_b_Linces2_Leo_JC\lince149 (25).JPG;1
\cervidae\Ciervo_PNM_2013-0_ME\f29273IMAG0872.JPG;1
\caballo\HORSE_ZOO_1_4\2_20201117 (313).JPG;1
\cervidae\CERVIDREDORFALLOWDEER_ZOO_5_6_7_9\44_20210618 (48).JPG;1
\gato_domestico\gato_WellingtonCameraTraps_SS\131116003150031b9963.JPG;1
\cervidae\ciervo_simone_2\37_20201024 (12594).JPG;1
\ave\Bird_ena24\3685.jpg;1
\jabali\WILDBOAR_ZOO_5_6_7_9\11_20210218 (29) (2021_04_15 06_16_22 UTC).JPG;1
\cervidae\ciervo_PNC_2013-I_ME\6233IM000116.JPG;1
\leporido\conejo_WellingtonCameraTraps_SS\071016045236016b8831.JPG;1
\cervidae\ciervo_vacías_humanos_PNC_2012_ME\a2477IM000120.JPG;1
\vacia\empty_caltechCameraTraps\59563551-23d2-11e8-a6a3-ec086b02610b.jpg;0
\humanovehiculo\car_CaltechCameraTrap_ME\vehiculo\58bea5f0-23d2-11e8-a6a3-ec086b02610b.jpg;1
\humanovehiculo\HUMANORVEHICLE_ZOO_5_6_7_9\22_20210615 (13655).JPG;1
\humanovehiculo\humanovehiculo_ss\21_20201025 (6265).JPG;1
\vacia\empty_SnapshotMountainZebra\MTZ_S1_D06_R1_IMAG1571.JPG;0
\zorro\REDFOX_ZOO_5_6_7_9\24_20210418 (13028).JPG;1
\vaca\COW_ZOO_5_6_7_9\21_20210418 (3279).JPG;1
\vacia\empty_IslandConservationCameraTraps\dominicanrepublic_cam0425abril2015_20130821_075634_sunp4136.jpg;0
\cervidae\CERVIDREDORFALLOWDEER_ZOO_1_4\4_20210117 (4496).JPG;1
\vacia\empty_IslandConservationCameraTraps\ecuador1_ic1611_20150101_000001_img_1458.jpg;0
\humanovehiculo\humanovehiculo_PNC_2014_manuel\c17828IMAG0046.JPG;1
\vacia\empty_SnapshotCamdeboo\CDB_S1_B07_R2_IMAG0276.JPG;0
\cervidae\CERVIDREDORFALLOWDEER_ZOO_1_4\4_20201220 (2688).JPG;1
\vacia\vacia_alumno_AM_2\26_20201020 (2563).JPG;0
\lince\Lince_b_Linces2_Leo_JC\lince224 (165).jpg;1
\ave\ave_Soraya_Padilla_Alumno_1_TH\STC_0223_frame000.jpg;1
\ave\bird_CaltechCameraTrap\597515d5-23d2-11e8-a6a3-ec086b02610b.jpg;1
\vacia\empty_SnapshotMountainZebra\MTZ_S1_D06_R1_IMAG0609.JPG;0
\cervidae\CERVIDREDORFALLOWDEER_ZOO_1_4\26_20201020 (9483).JPG;1
\jabali\WILDBOAR_ZOO_5_6_7_9\31_20210318 (848).JPG;1
\meloncillo\Meloncillo_PEPE_IREC_JC\IMAG0045_(8).JPG;1
\vacia\NOANIMAL_ZOO_1_4\6_20201812 (10709).JPG;0
\garduna\Garduña_PNC_2014_JC\c25294IM000015.JPG;1
\perro\dog_caltechCameraTraps\59a7bc37-23d2-11e8-a6a3-ec086b02610b.jpg;1
\gato_domestico\cat_IslandConservationCameraTraps\palau_cam02a12132018_20180911_071625_rcnx0431.jpg;1
\cervidae\ciervo_PNC_2013-O_RED_ISAAC\b5774IM000231.JPG;1
\humanovehiculo\car_CaltechCameraTrap_ME\vehiculo\589460b0-23d2-11e8-a6a3-ec086b02610b.jpg;1
\cervidae\CERVIDREDORFALLOWDEER_ZOO_1_4\28_20201019 (478).JPG;1
\vacia\empty_caltechCameraTraps\5a1e4f6f-23d2-11e8-a6a3-ec086b02610b.jpg;0
\vacia\NOANIMAL_ZOO_1_4\7_20210115 (1681).JPG;0
\zorro\zorro_PNC_2013-I_RED_ME\1232IMAG0059.JPG;1
\ave\ave_Soraya_Padilla_Alumno_1_TH\STC_0047_frame040.jpg;1
\gato_domestico\cat_IslandConservationCameraTraps\palau_cam13a12132018_20181108_092157_rcnx1284.jpg;1
\leporido\rabbit_IslandConservationCameraTraps\chile_frances022013_09062013123523.jpg;1
\humanovehiculo\car_CaltechCameraTrap_ME\vehiculo\59a94ad0-23d2-11e8-a6a3-ec086b02610b.jpg;1
\vaca\cow_CaltechCameraTrap\594210d3-23d2-11e8-a6a3-ec086b02610b.jpg;1
\vacia\vacia_alumno_1_TH\Nada (22)_frame140.jpg;0
\vacia\empty_IslandConservationCameraTraps\puertorico_26_20141224_145642_ek000331.jpg;0
\vacia\vacias_PNC_2014_ISAAC\c12536IMAG0083.JPG;0
\gato_domestico\gato_WellingtonCameraTraps_SS\300416044118006c0151.JPG;1
\vacia\NOANIMAL_ZOO_5_6_7_9\32_20210615 (17426).JPG;0
\jabali\WILDBOAR_ZOO_1_4\29_20201023 (415).JPG;1
\humanovehiculo\humanovehiculo_PNC_2014_manuel\c4467IM000009.JPG;1
\vacia\empty_IslandConservationCameraTraps\dominicanrepublic_cam2015abril2015_20150413_160622_img_5316.jpg;0
\leporido\conejo_Paco_Carro_JC\PICT0646 (2).JPG;1
\vacia\NOANIMAL_ZOO_5_6_7_9\31_20210615 (2238).JPG;0
\zorro\zorro_vacías_humanos_PNC_2012_ME\a39813IM000079.JPG;1
\zorro\Zorro_Pepe_IREC\Zorro_Pepe_Irec_ME\IMAG0652.JPG;1
\cervidae\Ciervo_PNC_2014_JC\c6069IM000020.JPG;1
\vacia\empty_IslandConservationCameraTraps\ecuador1_ic1611_20150101_000001_img_0729.jpg;0
\cervidae\CERVIDREDORFALLOWDEER_ZOO_5_6_7_9\10_20210618 (1916).JPG;1
\vacia\empty_SnapshotMountainZebra\MTZ_S1_C04_R1_IMAG0011.JPG;0
\vacia\empty_caltechCameraTraps\5a296352-23d2-11e8-a6a3-ec086b02610b.jpg;0
\gineta\gineta_Saul Martin_FRAMES_SIN_REPETIDOS_REVISADOS_DIEGO\IMAG0001_frame080.jpg;1
\cervidae\2_ciervo_simone_2\34_20201024 (4108).JPG;1
\jabali\WILDBOAR_ZOO_1_4\37_20201116 (2308).JPG;1
\perro\dog_caltechCameraTraps\596736af-23d2-11e8-a6a3-ec086b02610b.jpg;1
\leporido\rabbit_IslandConservationCameraTraps\chile_frances022013_17042013114019.jpg;1
\vacia\NOANIMAL_ZOO_5_6_7_9\49_20210418 (17715).JPG;0
\humanovehiculo\humanovehiculo_vacías_humanos_PNC_2012_ME\a23965IM000002.JPG;1
\jabali\WILDBOAR_ZOO_1_4\7_20201118 (1773).JPG;1
\vacia\NOANIMAL_ZOO_1_4\37_20201116 (4961).JPG;0
\vacia\empty_IslandConservationCameraTraps\dominicanrepublic_cam0425abril2015_20130818_043736_sunp2847.jpg;0
\lince\Lince_a_Linces2_Leo_JC\Lince55 (1).jpg;1
\humanovehiculo\car_CaltechCameraTrap_ME\vehiculo\59c66b37-23d2-11e8-a6a3-ec086b02610b.jpg;1
\vacia\empty_IslandConservationCameraTraps\puertorico_26_20150203_162523_ek000522.jpg;0
\vacia\empty_IslandConservationCameraTraps\dominicanrepublic_cam0425abril2015_20130823_044307_sunp4709.jpg;0
\ave\petrel_chick_IslandConservationCameraTraps\ecuador2_ic1618_20181115_033641_img_0336.jpg;1
\zorro\REDFOX_ZOO_1_4\31_20201023 (61).JPG;1
\vacia\empty_caltechCameraTraps\5a130af3-23d2-11e8-a6a3-ec086b02610b.jpg;0
\micromamiferos\micromamiferos_Paco_Carro_JC\IMG_0080 (2).JPG;1
\vacia\NOANIMAL_ZOO_1_4\43_20201217 (732).JPG;0
\vacia\NOANIMAL_ZOO_1_4\34_20210115 (1150).JPG;0
\tejon\Badger_mammalWeb\19877.jpg;1
\ave\Perdiz_PNC_2014_JC\c22477IM000011.JPG;1
\ave\ave_ave_WellingtonCameraTraps_SS\070116175500034c2541.JPG;1
\caballo\caballos_javier_JC\2_20201117 (3459).JPG;1
\caballo\caballos_alumno_AM\caballos_alumno_AM\9_20201712 (997).JPG;1
\perro\perro_WellingtonCameraTraps_SS\14101510164402359703.JPG;1
\cervidae\CERVIDREDORFALLOWDEER_ZOO_5_6_7_9\49_20210418 (2654).JPG;1
\vacia\vacias_1_de_2_PNC_2012_ISAAC\a53134IM000497.JPG;0
\gato_domestico\cat_IslandConservationCameraTraps\puertorico_25_20150108_042824_img_0304.jpg;1
\vacia\empty_SnapshotKaroo\KAR_S1_C02_R1_IMAG0554.JPG;0
\zorro\zorro_PNC_2014_manuel\c2641IM000178.JPG;1
\vacia\empty_SnapshotMountainZebra\MTZ_S1_C06_R3_IMAG1206.JPG;0
\humanovehiculo\humanovehiculo_ss\31_20201023 (468).JPG;1
\vacia\Vacia_Paco_Carro_camarasliron_4_2_PASADAS_POR_LA_RED_JC\MDGC0466.JPG;0
\vacia\vacia_alumno_1_AM\40_20201024 (381).JPG;0
\jabali\2_jabali_revGinetasJC_REV1_4_donana\37_20201116 (7173).JPG;1
\cervidae\CERVIDREDORFALLOWDEER_ZOO_1_4\3_20201217 (82).JPG;1
\vacia\empty_caltechCameraTraps\597e6348-23d2-11e8-a6a3-ec086b02610b.jpg;0
\vacia\empty_IslandConservationCameraTraps\micronesia_cam10_june2019_20190629150435_rcnx1688.jpg;0
\gineta\gineta_Soraya_Padilla_Alumno_1_TH\STC_0319_frame080.jpg;1
\ave\ave_ave_WellingtonCameraTraps_SS\010816135628019bs193.JPG;1
\ave\ave_ave_WellingtonCameraTraps_SS\020816131114011bs106.JPG;1
\vacia\NOANIMAL_ZOO_5_6_7_9\24_20210318 (5715).JPG;0
\gato_domestico\gato_WellingtonCameraTraps_SS\0905151206180285S071.JPG;1
\zorro\Zorro_Pepe_IREC\Zorro_Pepe_Irec_ME\IMAG1590.JPG;1
\vacia\vacia_Soraya_Padilla_Alumno_1_TH\DSCF0005_frame080.jpg;0
\gato_domestico\cat_IslandConservationCameraTraps\palau_cam6a12132018_20181013_172537_rcnx0832.jpg;1
\jabali\WILDBOAR_ZOO_5_6_7_9\35_20210418 (440).JPG;1
\cervidae\ciervo_simone_2\36_20201019 (2607).JPG;1
\cervidae\ciervo_Javi_3_JC\7_20201025 (290).JPG;1
\vacia\NOANIMAL_ZOO_1_4\26_20201020 (14140).JPG;0
\zorro\zorro_PNC_2014_manuel\c2875IM000114.JPG;1
\cervidae\cervidae_ME_rev_3_donana\10_20201019 (1907).JPG;1
\humanovehiculo\humanovehiculo_PNC_2013-O_RED_ISAAC\b7418IM000006.JPG;1
\leporido\LEPORIDRABBITORHARE_ZOO_5_6_7_9\2_20210319 (5265).JPG;1
\vacia\empty_IslandConservationCameraTraps\dominicanrepublic_cam1425abril2015_20150419_152542_img_1924.jpg;0
\humanovehiculo\humano_vehiculo_PNM_2012_ISAAC\d15035FILE0021.JPG;1
\cervidae\CERVIDREDORFALLOWDEER_ZOO_1_4\40_20201117 (828).JPG;1
\vacia\vacia_Soraya_Padilla_Alumno_1_TH\DSCF0062_frame010.jpg;0
\zorro\REDFOX_ZOO_5_6_7_9\11_20210218 (902) (2021_04_15 06_16_22 UTC).JPG;1
\caballo\caballos_alumno_AM\caballos_alumno_AM\2_20201215 (3872).JPG;1
\vacia\vacia_Paco_Carro_JC\IMG_2196.JPG;0
\vacia\NOANIMAL_ZOO_1_4\7_20210115 (4048).JPG;0
\humanovehiculo\humanovehiculo_PNC_2014_manuel\c14922IMAG0385.JPG;1
\vacia\NOANIMAL_ZOO_5_6_7_9\50_20210417 (20710).JPG;0
\jabali\WILDBOAR_ZOO_1_4\7_20201118 (441).JPG;1
\jabali\WILDBOAR_ZOO_1_4\1_20201220 (44).JPG;1
\humanovehiculo\humanovehiculo_PNC_2014_manuel\c13624IMAG0270.JPG;1
\ave\Chicken_ena24\6460.jpg;1
\ave\bird_CaltechCameraTrap\592de415-23d2-11e8-a6a3-ec086b02610b.jpg;1
\gato_domestico\gato_WellingtonCameraTraps_SS\091116010418031b9961.JPG;1
\vacia\empty_IslandConservationCameraTraps\ecuador1_ic1611_20150101_000003_img_2789.jpg;0
\cervidae\CERVIDREDORFALLOWDEER_ZOO_5_6_7_9\28_20210615 (879).JPG;1
\vacia\empty_IslandConservationCameraTraps\dominicanrepublic_cam0425abril2015_20130825_050359_sunp5706.jpg;0
\vacia\NOANIMAL_ZOO_5_6_7_9\32_20210218 (190) (2021_04_15 06_16_22 UTC).JPG;0
\leporido\conejo_WellingtonCameraTraps_SS\141016173620040a1122.JPG;1
\cervidae\deer_CaltechCameraTrap\5a24a714-23d2-11e8-a6a3-ec086b02610b.jpg;1
\zorro\zorro_PNM_2012_ISAAC\d14569FILE0013.JPG;1
\leporido\conejo_Paco_Carro_JC\PICT2269.JPG;1
\vacia\vacia_Paco_Carro_JC\IMG_0547.JPG;0
\vaca\COW_ZOO_5_6_7_9\21_20210418 (4190).JPG;1
\zorro\zorro_vacías_humanos_PNC_2012_ME\a49475IM000019.JPG;1
\vacia\vacias_PNM_2013-O_ISAAC\f27537IMAG0088.JPG;0
\vacia\vacia_alumno_TH_3_TH_JC\30_20201021 (15108).JPG;0
\vacia\NOANIMAL_ZOO_1_4\6_20201812 (10432).JPG;0
\lince\Lince_a_Linces2_Leo_JC\lince103 (118).JPG;1
\vacia\NOANIMAL_ZOO_5_6_7_9\19_20210319 (1947).JPG;0
\lince\linces_fecha_Linces2_Leo_JC\2_Lince_flecha_Linces2_Leo_JC\Lince57 (33).JPG;1
\micromamiferos\rat_IslandConservationCameraTraps\palau_cam6a12132018_20181212_015131_rcnx1816.jpg;1
\vacia\NOANIMAL_ZOO_5_6_7_9\49_20210615 (123).JPG;0
\cervidae\CERVIDREDORFALLOWDEER_ZOO_1_4\38_20201019 (212).JPG;1
\jabali\WILDBOAR_ZOO_1_4\34_20201024 (4919).JPG;1
\cervidae\ciervo_PNC_2013-O_RED_ISAAC\b16545IM000146.JPG;1
\vacia\Vacio__diego_2_rev_donana\17_20201026 (144).JPG;0
\cervidae\CERVIDREDORFALLOWDEER_ZOO_1_4\15_20210117 (6961).JPG;1
\vacia\NOANIMAL_ZOO_5_6_7_9\33_20210218 (131) (2021_04_15 06_16_22 UTC).JPG;0
\vacia\vacia_alumno_1_AM\10_20201019 (473).JPG;0
\vacia\NOANIMAL_ZOO_5_6_7_9\36_20210618 (5226).JPG;0
\jabali\WILDBOAR_ZOO_1_4\31_20201117 (460).JPG;1
\lince\Lince_b_Linces2_Leo_JC\lince133 (101).JPG;1
\vacia\vacias_2_de_2_PNC_2012_ISAAC\a5813IM000378.JPG;0
\vacia\empty_SnapshotMountainZebra\MTZ_S1_E06_R3_IMAG0231.JPG;0
\vacia\vacia_alumno_AM_2\30_20201021 (8732).JPG;0
\humanovehiculo\humanovehiculo_vacías_humanos_PNC_2012_ME\a46029IM000004.JPG;1
\vaca\COW_ZOO_5_6_7_9\17_20210318 (630).JPG;1
\micromamiferos\micromamiferos_Paco_Carro_JC\PICT0863.JPG;1
\vacia\empty_SnapshotMountainZebra\MTZ_S1_G04_R3_IMAG2590.JPG;0
\cervidae\3_ciervo_Javi_3_JC\21_20201025 (5115).JPG;1
\vacia\empty_SnapshotMountainZebra\MTZ_S1_G04_R3_IMAG3483.JPG;0
\ave\ave_ave_WellingtonCameraTraps_SS\020116063036012as121.JPG;1
\vaca\COW_ZOO_1_4\21_20201025 (3309).JPG;1
\cervidae\ciervo_PNM_2013-O_ISAAC\f11202IM000211.JPG;1
\ave\petrel_IslandConservationCameraTraps\ecuador2_ic1618_20181025_041312_img_0011.jpg;1
\jabali\WILDBOAR_ZOO_1_4\37_20210115 (507).JPG;1
\cervidae\CERVIDREDORFALLOWDEER_ZOO_5_6_7_9\24_20210318 (3823).JPG;1
\vacia\NOANIMAL_ZOO_5_6_7_9\2_20210618 (16380).JPG;0
\leporido\conejo_PNM_2013-I_ISAAC\e3399IM000081.JPG;1
\vacia\empty_IslandConservationCameraTraps\dominicanrepublic_cam0425abril2015_20130826_055226_sunp6223.jpg;0
\vacia\empty_SnapshotMountainZebra\MTZ_S1_G04_R3_IMAG1226.JPG;0
\vacia\Nothing_mammalWeb\61216.jpg;0
\cervidae\deer_CaltechCameraTrap\59b484fe-23d2-11e8-a6a3-ec086b02610b.jpg;1
\vacia\empty_caltechCameraTraps\5a07cde7-23d2-11e8-a6a3-ec086b02610b.jpg;0
\ave\petrel_IslandConservationCameraTraps\chile_filipiananbek2013_03112013104602.jpg;1
\vacia\NOANIMAL_ZOO_5_6_7_9\19_20210319 (1547).JPG;0
\vacia\vacias_PNM_2013-O_ISAAC\f3132IMAG0015.JPG;0
\vacia\NOANIMAL_ZOO_1_4\26_20201020 (3685).JPG;0
\cervidae\CERVIDREDORFALLOWDEER_ZOO_5_6_7_9\19_20210319 (695).JPG;1
\vacia\NOANIMAL_ZOO_1_4\34_20210115 (2406).JPG;0
\cervidae\CERVIDREDORFALLOWDEER_ZOO_1_4\15_20210117 (883).JPG;1
\ave\ave_ave_WellingtonCameraTraps_SS\091116165944040a1123.JPG;1
\leporido\conejo_leo_donana\0004272.JPG;1
\cervidae\ciervo_PNC_2013-O_RED_ISAAC\b6976FILE0116.JPG;1
\cervidae\CERVIDREDORFALLOWDEER_ZOO_1_4\2_20201117 (1584).JPG;1
\ave\ave_ave_WellingtonCameraTraps_SS\090816080628040bs391.JPG;1
\ave\ave_Soraya_Padilla_Alumno_1_TH\DSCF0086_frame050.jpg;1
\jabali\WILDBOAR_ZOO_1_4\20_20210115 (260).JPG;1
\vaca\COW_ZOO_1_4\2_20210115 (9990).JPG;1
\humanovehiculo\humano_vehiculo_PNM_2012_ISAAC\d16227IM000005.JPG;1
\vacia\vacias_ME_CASA\IMG_0692.JPG;0
\gato_domestico\gato_WellingtonCameraTraps_SS\160616182126043a7513.JPG;1
\cervidae\Ciervo_PNC_2014_JC\c17330IM000246.JPG;1
\cervidae\CERVIDREDORFALLOWDEER_ZOO_5_6_7_9\38_20210618 (2518).JPG;1
\micromamiferos\micromamifero_WellingtonCameraTraps_SS\250416234432045a1162.JPG;1
\zorro\REDFOX_ZOO_1_4\39_20201218 (225).JPG;1
\vacia\NOANIMAL_ZOO_5_6_7_9\39_20210417 (1437).JPG;0
\caballo\HORSE_ZOO_1_4\38_20210117 (918).JPG;1
\vacia\vacia_alumno_1_TH\Nada (55)_frame070.jpg;0
\cervidae\ciervo_Javi_3_JC\21_20201025 (235).JPG;1
\vacia\empty_SnapshotMountainZebra\MTZ_S1_G04_R3_IMAG0217.JPG;0
\vacia\NOANIMAL_ZOO_5_6_7_9\25_20210417 (12615).JPG;0
\ave\ave_Soraya_Padilla_Alumno_1_TH\DSCF0030_frame119.jpg;1
\leporido\rabbit_IslandConservationCameraTraps\chile_frances012013_0801201372823.jpg;1
\ave\ave_ave_WellingtonCameraTraps_SS\090916181010047b1131.JPG;1
\vacia\empty_IslandConservationCameraTraps\ecuador1_ic1611_20150101_000003_img_0548.jpg;0
\leporido\rabbit_CaltechCameraTrap_ME\58995a3b-23d2-11e8-a6a3-ec086b02610b.jpg;1
\cervidae\gamo_Javi_3_JC\21_20201025 (305).JPG;1
\vacia\empty_IslandConservationCameraTraps\dominicanrepublic_cam1826junio2015_20150505_075712_img_1354.jpg;0
\leporido\rabbit_IslandConservationCameraTraps\chile_frances012013_0401201372447.jpg;1
\vaca\2_vaca_Paco_Carro_JC\PICT0093.JPG;1
\ave\ave_Soraya_Padilla_Alumno_1_TH\DSCF0035_frame050 (2).jpg;1
\cervidae\ciervo_PNC_2014_ISAAC\c11392IMAG0154.JPG;1
\ave\Petirrojo_PNC_2013-O_ME\b4809IMAG0688.JPG;1
\vacia\NOANIMAL_ZOO_1_4\43_20201217 (1495).JPG;0
\leporido\rabbit_IslandConservationCameraTraps\chile_piedra012013_28012013181820.jpg;1
\perro\perro_WellingtonCameraTraps_SS\24101515362202359701.JPG;1
\vacia\NOANIMAL_ZOO_5_6_7_9\39_20210615 (2673).JPG;0
\micromamiferos\micromamifero_WellingtonCameraTraps_SS\1307152252260549S263.JPG;1
\cervidae\ciervo_Javi_3_JC\30_20201021 (44).JPG;1
\vacia\empty_caltechCameraTraps\596109ae-23d2-11e8-a6a3-ec086b02610b.jpg;0
\cervidae\CERVIDREDORFALLOWDEER_ZOO_5_6_7_9\15_20210219 (5329) (2021_04_15 06_16_22 UTC).JPG;1
\zorro\zorro_PNC_2013-I_ME\7838IM000143.JPG;1
\ave\bird_CaltechCameraTrap\59ac6cf0-23d2-11e8-a6a3-ec086b02610b.jpg;1
\vacia\NOANIMAL_ZOO_1_4\26_20201020 (2278).JPG;0
\zorro\zorro_PNC_2013-I_ME\5108IM000038.JPG;1
\humanovehiculo\humanovehiculo_PNC_2014_manuel\c13757IMAG0225.JPG;1
\leporido\rabbit_IslandConservationCameraTraps\chile_frances022013_17042013155556.jpg;1
\vaca\COW_ZOO_5_6_7_9\17_20210218 (657) (2021_04_15 06_16_22 UTC).JPG;1
\ave\shearwater_IslandConservationCameraTraps\chile_vaqueria2013_2001201343959.jpg;1
\cervidae\CERVIDREDORFALLOWDEER_ZOO_1_4\9_20201025 (873).JPG;1
\vaca\cow_CaltechCameraTrap\59420e98-23d2-11e8-a6a3-ec086b02610b.jpg;1
\vaca\COW_ZOO_1_4\21_20201217 (1546).JPG;1
\vacia\vacias_2_de_2_PNC_2012_ISAAC\a5608IM000417.JPG;0
\leporido\rabbit_IslandConservationCameraTraps\chile_frances022013_17042013160710.jpg;1
\vacia\empty_caltechCameraTraps\5a1e5208-23d2-11e8-a6a3-ec086b02610b.jpg;0
\caballo\HORSE_ZOO_1_4\15_20210117 (1328).JPG;1
\gato_domestico\gato_WellingtonCameraTraps_SS\010416052440034cs083.JPG;1
\jabali\WILDBOAR_ZOO_1_4\15_20210117 (6833).JPG;1
\vacia\empty_IslandConservationCameraTraps\dominicanrepublic_cam1826junio2015_20150505_101832_img_2172.jpg;0
\caballo\caballos_javier_JC\2_20201117 (451).JPG;1
\ave\ave_Soraya_Padilla_Alumno_1_TH\IMAG0064_frame120.jpg;1
\leporido\rabbit_CaltechCameraTrap_ME\5a116eb8-23d2-11e8-a6a3-ec086b02610b.jpg;1
\vacia\empty_IslandConservationCameraTraps\dominicanrepublic_cam1826junio2015_20150505_071854_img_1144.jpg;0
\vacia\NOANIMAL_ZOO_1_4\6_20201812 (12238).JPG;0
\jabali\WILDBOAR_ZOO_1_4\22_20210115 (800).JPG;1
\ave\ave_ave_WellingtonCameraTraps_SS\180116184350035c3425.JPG;1
\vacia\empty_SnapshotMountainZebra\MTZ_S1_D05_R1_IMAG1848.JPG;0
\gato_domestico\gato_WellingtonCameraTraps_SS\16101511104602678801.JPG;1
\zorro\zorro_PNC_2014_manuel\c13961IMAG0058.JPG;1
\vacia\vacia_PNM_2013-O_ME\f10596IMAG0104.JPG;0
\vacia\empty_caltechCameraTraps\59942043-23d2-11e8-a6a3-ec086b02610b.jpg;0
\vacia\NOANIMAL_ZOO_1_4\34_20210115 (6697).JPG;0
\ave\Mirlo_PNC_2014_JC\c14400IMAG0107.JPG;1
\zorro\zorro_PNM_2012_ME\d10536IM000603.JPG;1
\leporido\Rabbit_mammalWeb\70068.jpg;1
\jabali\jabali_revGinetasJC_REV1_4_donana\37_20201116 (12536).JPG;1
\vacia\NOANIMAL_ZOO_5_6_7_9\20_20210319 (5879).JPG;0
\vacia\NOANIMAL_ZOO_5_6_7_9\25_20210615 (17040).JPG;0
\caballo\HORSE_ZOO_5_6_7_9\46_20210618 (122).JPG;1
\humanovehiculo\HUMANORVEHICLE_ZOO_5_6_7_9\11_20210615 (1).JPG;1
\zorro\Zorro_PNC_2013-O_ME\b116FILE0052.JPG;1
\vacia\vacias_2_de_2_PNC_2012_ISAAC\a4820IM000668.JPG;0
\ave\yellow-crowned_night_heron_IslandConservationCameraTraps\puertorico_25_20150504_143233_img_1290.jpg;1
\leporido\rabbit_IslandConservationCameraTraps\chile_frances022013_2905201375653.jpg;1
\vacia\empty_SnapshotMountainZebra\MTZ_S1_E06_R3_IMAG1582.JPG;0
\cervidae\Ciervo_PNC_2013-O_ME\b5822IM000282.JPG;1
\vacia\vacia_ave_WellingtonCameraTraps_SS\090116144006043c1603.JPG;0
\vacia\NOANIMAL_ZOO_1_4\34_20210115 (3577).JPG;0
\caballo\caballos_alumno_AM\caballos_alumno_AM\9_20201712 (2164).JPG;1
\vacia\empty_IslandConservationCameraTraps\ecuador1_ic1619_20181205_131546_img_4352.jpg;0
\vacia\NOANIMAL_ZOO_1_4\21_20201119 (4447).JPG;0
\vacia\NOANIMAL_ZOO_5_6_7_9\28_20210318 (13695).JPG;0
\cervidae\CERVIDREDORFALLOWDEER_ZOO_5_6_7_9\5_20210417 (466).JPG;1
\vacia\NOANIMAL_ZOO_5_6_7_9\50_20210408 (3284).JPG;0
\leporido\rabbit_CaltechCameraTrap_ME\590ebdfd-23d2-11e8-a6a3-ec086b02610b.jpg;1
\zorro\fox_CaltechCameraTrap_ME\5a231151-23d2-11e8-a6a3-ec086b02610b.jpg;1
\vacia\vacia_Paco_Carro_JC\01100492.JPG;0
\vacia\vacias_PNM_2013-O_ISAAC\f2704IMAG0483.JPG;0
\cervidae\corzo_alumno_2_AM_JC\DSCF0007 (2)_frame120.jpg;1
\cervidae\CERVIDREDORFALLOWDEER_ZOO_5_6_7_9\38_20210417 (461).JPG;1
\vacia\NOANIMAL_ZOO_5_6_7_9\50_20210417 (23169).JPG;0
\zorro\Zorro_Pepe_IREC\Zorro_Pepe_Irec_ME\IMAG1878_(4).JPG;1
\vacia\vacia_Paco_Carro_JC\01130531.JPG;0
\vaca\COW_ZOO_1_4\21_20201217 (2120).JPG;1
\leporido\conejo_PNC_2014_manuel\c8719IM000020.JPG;1
\vacia\empty_SnapshotMountainZebra\MTZ_S1_F04_R3_IMAG7683.JPG;0
\vacia\NOANIMAL_ZOO_1_4\7_20210115 (1864).JPG;0
\humanovehiculo\humano_vehiculo_PNC_2013-I_ISAAC\8048IM000083.JPG;1
\jabali\WILDBOAR_ZOO_1_4\21_20201025 (5014).JPG;1
\vacia\NOANIMAL_ZOO_5_6_7_9\2_20210618 (19078).JPG;0
\humanovehiculo\car_CaltechCameraTrap_ME\vehiculo\59adfe68-23d2-11e8-a6a3-ec086b02610b.jpg;1
\vacia\NOANIMAL_ZOO_1_4\43_20201217 (1649).JPG;0
\ave\bird_CaltechCameraTrap\595c6968-23d2-11e8-a6a3-ec086b02610b.jpg;1
\gato_domestico\cat_IslandConservationCameraTraps\dominicanrepublic_cam1426julio2015_20150626_043914_img_0002.jpg;1
\ave\bird_CaltechCameraTrap\59ddc337-23d2-11e8-a6a3-ec086b02610b.jpg;1
\cervidae\ciervo_PNC_2013-O_RED_ISAAC\b16779IM000141.JPG;1
\cervidae\CERVIDREDORFALLOWDEER_ZOO_1_4\21_20201025 (1589).JPG;1
\vacia\empty_IslandConservationCameraTraps\dominicanrepublic_cam1826julio2015_20150628_122019_img_0661.jpg;0
\meloncillo\Meloncillo_PEPE_IREC_JC\IMAG0138_(3).JPG;1
\caballo\HORSE_ZOO_5_6_7_9\44_20210618 (376).JPG;1
\vaca\COW_ZOO_1_4\2_20201215 (4297).JPG;1
\cervidae\CERVIDREDORFALLOWDEER_ZOO_1_4\29_20201117 (532).JPG;1
\cervidae\ciervo_vacías_humanos_PNC_2012_ME\a20048IM000176.JPG;1
\vacia\vacia_alumno_2_2_TH_JC\27_20201023 (7918).JPG;0
\vacia\NOANIMAL_ZOO_5_6_7_9\2_20210417 (21209).JPG;0
\cervidae\Ciervo_PNC_2012_JC\a14459IM000392.JPG;1
\cervidae\Ciervo_PNC_2014_JC\c29426IM000060.JPG;1
\leporido\conejo_Paco_Carro_JC\PICT0370 (2).JPG;1
\humanovehiculo\humano_vehiculo_PNM_2012_ISAAC\d11236IM000003.JPG;1
\vacia\NOANIMAL_ZOO_1_4\24_20201117 (270).JPG;0
\cervidae\deer_CaltechCameraTrap\592de512-23d2-11e8-a6a3-ec086b02610b.jpg;1
\humanovehiculo\HUMANORVEHICLE_ZOO_5_6_7_9\33_20210218 (4) (2021_04_15 06_16_22 UTC).JPG;1
\ave\shearwater_IslandConservationCameraTraps\chile_vaqueria2013_0901201343632.jpg;1
\vacia\NOANIMAL_ZOO_5_6_7_9\36_20210319 (7083).JPG;0
\gato_domestico\gato_WellingtonCameraTraps_SS\280316040240047a1162.JPG;1
\gineta\gineta_vacías_humanos_PNC_2012_ME\a2290IM000087.JPG;1
\vaca\cow_CaltechCameraTrap\58e93a12-23d2-11e8-a6a3-ec086b02610b.jpg;1
\cervidae\ciervo_PNC_2013-I_RED_ME\8410IMAG0035.JPG;1
\vacia\empty_IslandConservationCameraTraps\dominicanrepublic_cam1718octubre2015_20151016_051403_img_0069.jpg;0
\cervidae\gamo_buscar_cab_isaac_sin_contar\9_20201118 (1158).JPG;1
\vacia\empty_SnapshotMountainZebra\MTZ_S1_D06_R1_IMAG1320.JPG;0
\zorro\Zorro_PNC_2013-O_ME\b16765IM000127.JPG;1
\vacia\NOANIMAL_ZOO_1_4\7_20210115 (3795).JPG;0
\vacia\empty_SnapshotMountainZebra\MTZ_S1_D04_R1_IMAG3398.JPG;0
\cervidae\ciervo_PNC_2013-O_RED_ISAAC\b16305IM000562.JPG;1
\vacia\NOANIMAL_ZOO_1_4\34_20210115 (3722).JPG;0
\jabali\WILDBOAR_ZOO_1_4\43_20201118 (364).JPG;1
\leporido\conejo_leo_donana\0001489.JPG;1
\cervidae\ciervo_Javi_3_JC\21_20201025 (2248).JPG;1
\cervidae\ciervo_simone_2\34_20201024 (5494).JPG;1
\cervidae\ciervo_PNC_2013-I_RED_ME\1573IM000125.JPG;1
\vacia\NOANIMAL_ZOO_1_4\6_20201812 (13311).JPG;0
\lince\Lince_a_Linces2_Leo_JC\lince103 (383).JPG;1
\vacia\Nothing_mammalWeb\16707.jpg;0
\vacia\empty_SnapshotMountainZebra\MTZ_S1_D06_R1_IMAG2015.JPG;0
\micromamiferos\rat_IslandConservationCameraTraps\micronesia_cam06_cam06june2019_pig_20190629195525_1877.jpg;1
\cervidae\CERVIDREDORFALLOWDEER_ZOO_1_4\9_20201025 (334).JPG;1
\humanovehiculo\humanovehiculo_ss\21_20201025 (6266).JPG;1
\gato_domestico\cat_CaltechCameraTrap\589e6822-23d2-11e8-a6a3-ec086b02610b.jpg;1
\vacia\NOANIMAL_ZOO_1_4\37_20201024 (803).JPG;0
\cervidae\cervicidae_alumno_TH_3_TH_JC\9_20201025 (871).JPG;1
\lince\Lince_a_Linces2_Leo_JC\lince103 (314).JPG;1
\zorro\zorro_PNC_2012_JC\a173IM000035.JPG;1
\vacia\NOANIMAL_ZOO_5_6_7_9\31_20210615 (6505).JPG;0
\vacia\empty_caltechCameraTraps\598f77b4-23d2-11e8-a6a3-ec086b02610b.jpg;0
\zorro\zorro_Saul Martin_FRAMES_SIN_REPETIDOS_REVISADOS_DIEGO\IMAG0025_frame320.jpg;1
\jabali\jabali_vacías_humanos_PNC_2012_ME\a28797IM000086.JPG;1
\vacia\vacia_javi_2_JC\27_20201023 (7597).JPG;0
\vacia\empty_SnapshotMountainZebra\MTZ_S1_G04_R3_IMAG3199.JPG;0
\humanovehiculo\humanovehiculo_Caltech\5a2af6d8-23d2-11e8-a6a3-ec086b02610b.jpg;1
\jabali\WILDBOAR_ZOO_5_6_7_9\9_20210218 (1858) (2021_04_15 06_16_22 UTC).JPG;1
\cervidae\CERVIDREDORFALLOWDEER_ZOO_5_6_7_9\10_20210219 (1292) (2021_04_15 06_16_22 UTC).JPG;1
\gato_domestico\gato_WellingtonCameraTraps_SS\270116201216045a1603.JPG;1
\vacia\empty_SnapshotMountainZebra\MTZ_S1_D07_R1_IMAG0760.JPG;0
\cervidae\ciervo_PNC_2013-O_RED_ISAAC\b16331IM000589.JPG;1
\vacia\empty_IslandConservationCameraTraps\ecuador1_ic1611_20150101_000005_img_0408.jpg;0
\zorro\zorro_PNM_2013-O_ISAAC\f12426IM000621.JPG;1
\cervidae\ciervo_PNC_2014_ISAAC\c23747IMAG0088.JPG;1
\jabali\WILDBOAR_ZOO_1_4\7_20201118 (1164).JPG;1
\vacia\empty_IslandConservationCameraTraps\dominicanrepublic_cam23agosto2015_20150823_085832_img_0042.jpg;0
\vacia\empty_SnapshotMountainZebra\MTZ_S1_D07_R1_IMAG2492.JPG;0
\vacia\empty_SnapshotMountainZebra\MTZ_S1_D06_R1_IMAG1730.JPG;0
\ave\OTHERSPECIES_ZOO_5_6_7_9\38_20210618 (2588).JPG;1
\cervidae\CERVIDREDORFALLOWDEER_ZOO_1_4\34_20201024 (3598).JPG;1
\ave\American Crow_ena24\8779.jpg;1
\cervidae\2_ciervo_simone_2\34_20201024 (4883).JPG;1
\vacia\vacio_Saul Martin_FRAMES_SIN_REPETIDOS_REVISADOS_DIEGO\IMAG0010_frame140.jpg;0
\cervidae\gamo_Javi_3_JC\9_20201025 (96).JPG;1
\vacia\NOANIMAL_ZOO_5_6_7_9\31_20210615 (2791).JPG;0
\vacia\NOANIMAL_ZOO_5_6_7_9\37_20210220 (1362) (2021_04_15 06_16_22 UTC).JPG;0
\jabali\WILDBOAR_ZOO_1_4\43_20201217 (846).JPG;1
\ave\OTHERSPECIES_ZOO_5_6_7_9\37_20210220 (612) (2021_04_15 06_16_22 UTC).JPG;1
\leporido\2_conejo_Soraya_Padilla_Alumno_1_TH\STC_0111_frame160.jpg;1
\vacia\vacias_PNM_2013-O_ISAAC\f11011IM000029.JPG;0
\vaca\COW_ZOO_1_4\35_20210114 (366).JPG;1
\caballo\HORSE_ZOO_1_4\4_20210117 (4297).JPG;1
\cervidae\CERVIDREDORFALLOWDEER_ZOO_5_6_7_9\24_20210219 (938) (2021_04_15 06_16_22 UTC).JPG;1
\ave\ave_Soraya_Padilla_Alumno_1_TH\STC_0162_frame240.jpg;1
\vacia\empty_IslandConservationCameraTraps\dominicanrepublic_cam0425abril2015_20130809_024149_sunp1467.jpg;0
\vacia\empty_caltechCameraTraps\5a116d92-23d2-11e8-a6a3-ec086b02610b.jpg;0
\vaca\COW_ZOO_1_4\21_20201217 (1639).JPG;1
\tejon\Tejon_PEPE_IREC_JC\PTDC0683.JPG;1
\leporido\conejo_leo_donana\0001359.JPG;1
\vacia\NOANIMAL_ZOO_1_4\26_20201020 (4350).JPG;0
\vacia\vacias_PNM_2013-O_ISAAC\f26606IMAG0079.JPG;0
\vacia\vacia_Paco_Carro_JC\IMG_1396.JPG;0
\mapache\raccoon_CaltechCameraTrap_ME\59be40c2-23d2-11e8-a6a3-ec086b02610b.jpg;1
\zorro\zorro_PNC_2014_manuel\c2732IM000275.JPG;1
\ave\ave_Paco_Carro_JC\IMG_0132.JPG;1
\mapache\raccoon_CaltechCameraTrap_ME\58aa5b49-23d2-11e8-a6a3-ec086b02610b.jpg;1
\vacia\NOANIMAL_ZOO_1_4\26_20201020 (16225).JPG;0
\vacia\NOANIMAL_ZOO_1_4\7_20210115 (3181).JPG;0
\ave\ZORZAL_PNM_2013-I_ISAAC\e5282IMAG0051.JPG;1
\leporido\conejo_Paco_Carro_JC\PICT0179 (2).JPG;1
\ave\ave_Soraya_Padilla_Alumno_1_TH\DSCF0113_frame130.jpg;1
\cervidae\CERVIDREDORFALLOWDEER_ZOO_5_6_7_9\28_20210615 (1259).JPG;1
\gato_domestico\gato_WellingtonCameraTraps_SS\1006152037160106S473.JPG;1
\gato_domestico\gato_WellingtonCameraTraps_SS\29111516142208899231.JPG;1
\zorro\zorro_PNC_2013-I_ME\9035IM000134.JPG;1
\cervidae\ciervo_simone_2\34_20201024 (2940).JPG;1
\cervidae\deer_CaltechCameraTrap\596d6588-23d2-11e8-a6a3-ec086b02610b.jpg;1
\cervidae\ciervo_PNC_2014_ISAAC\c24197IMAG0188.JPG;1
\vacia\vacia_alumno_1_TH\Nada (27)_frame140.jpg;0
\cervidae\CERVIDREDORFALLOWDEER_ZOO_5_6_7_9\1_20210618 (1869).JPG;1
\cervidae\ciervo_PNM_2012_ME\d16034FILE0040.JPG;1
\vacia\empty_IslandConservationCameraTraps\dominicanrepublic_cam0527septiembre2015_20130809_082554_sunp0553.jpg;0
\zorro\Red fox_mammalWeb\29217.jpg;1
\vacia\NOANIMAL_ZOO_1_4\7_20210115 (2906).JPG;0
\cervidae\CERVIDREDORFALLOWDEER_ZOO_5_6_7_9\19_20210319 (2065).JPG;1
\cervidae\Ciervo_PNC_2012_JC\a44491IM000077.JPG;1
\humanovehiculo\humanovehiculo_Caltech\59973f4d-23d2-11e8-a6a3-ec086b02610b.jpg;1
\vacia\empty_IslandConservationCameraTraps\puertorico_26_20141122_173821_ek000222.jpg;0
\caballo\caballos_alumno_AM\caballos_alumno_AM\9_20201712 (2276).JPG;1
\caballo\caballos_alumno_AM\caballos_alumno_AM\9_20201712 (1948).JPG;1
\leporido\conejo_Paco_Carro_JC\PICT0572.JPG;1
\vacia\NOANIMAL_ZOO_1_4\7_20210115 (1464).JPG;0
\vacia\empty_IslandConservationCameraTraps\dominicanrepublic_cam0527septiembre2015_20130805_113202_sunp0493.jpg;0
\micromamiferos\micromamiferos_Paco_Carro_JC\IMG_0062 (2).JPG;1
\leporido\rabbit_CaltechCameraTrap_ME\5a02fc5b-23d2-11e8-a6a3-ec086b02610b.jpg;1
\cervidae\CERVIDREDORFALLOWDEER_ZOO_1_4\21_20201025 (5216).JPG;1
\humanovehiculo\HUMANORVEHICLE_ZOO_5_6_7_9\20_20210319 (1).JPG;1
\vacia\vacia_PNM_2013-O_ME\f17366IM000315.JPG;0
\cervidae\CERVIDREDORFALLOWDEER_ZOO_1_4\42_20201118 (122).JPG;1
\vaca\COW_ZOO_1_4\17_20201026 (362).JPG;1
\vacia\SnampshotEnonkishu\ENO_S1_D06_R1_IMAG0709.JPG;0
\cervidae\cervidae_ME_rev_3_donana\40_20201024 (3144).JPG;1
\vacia\empty_SnapshotMountainZebra\MTZ_S1_G04_R3_IMAG1815.JPG;0
\vacia\vacia_alumno_2_AM_JC\STC_0004_frame240.jpg;0
\leporido\Lagomorpha2__diego_2_rev_donana\6_20201023 (2524).JPG;1
\cervidae\CERVIDREDORFALLOWDEER_ZOO_1_4\21_20201119 (3396).JPG;1
\vacia\NOANIMAL_ZOO_5_6_7_9\13_20210218 (523) (2021_04_15 06_16_22 UTC).JPG;0
\tejon\tejon_PNC_2014_manuel\c25179IM000011.JPG;1
\vacia\vacias_PNM_2013-O_ISAAC\f3350IMAG0225.JPG;0
\zorro\Zorro_Pepe_IREC\Zorro_Pepe_Irec_ME\IMAG0083_(33).JPG;1
\vacia\vacias_2_de_2_PNC_2012_ISAAC\a10340IM000004.JPG;0
\vacia\NOANIMAL_ZOO_5_6_7_9\10_20210219 (920) (2021_04_15 06_16_22 UTC).JPG;0
\cervidae\CERVIDREDORFALLOWDEER_ZOO_5_6_7_9\38_20210618 (3167).JPG;1
\vacia\NOANIMAL_ZOO_5_6_7_9\11_20210615 (7606).JPG;0
\micromamiferos\Small rodent_mammalWeb\30894.jpg;1
\vacia\vacias_PNC_2014_ISAAC\c8534IM000893.JPG;0
\vacia\NOANIMAL_ZOO_5_6_7_9\24_20210418 (3962).JPG;0
\vacia\empty_IslandConservationCameraTraps\dominicanrepublic_cam0425abril2015_20130815_053533_sunp2659.jpg;0
\vacia\NOANIMAL_ZOO_5_6_7_9\11_20210418 (2912).JPG;0
\vacia\NOANIMAL_ZOO_5_6_7_9\37_20210220 (1361) (2021_04_15 06_16_22 UTC).JPG;0
\ave\birdsofprey_SnapshotKgalagai\KGA_S1_B09_R1_IMAG0384.JPG;1
\vacia\NOANIMAL_ZOO_1_4\28_20201019 (1959).JPG;0
\cervidae\CERVIDREDORFALLOWDEER_ZOO_5_6_7_9\28_20210615 (1088).JPG;1
\leporido\2_conejo_Paco_Carro_JC\PICT1164.JPG;1
\jabali\Jabali1_diego_2_rev_donana\40_20201024 (3083).JPG;1
\humanovehiculo\car_CaltechCameraTrap_ME\vehiculo\58f73d22-23d2-11e8-a6a3-ec086b02610b.jpg;1
\caballo\caballos_javier_JC\2_20201117 (5182).JPG;1
\caballo\HORSE_ZOO_1_4\10_20201117 (1420).JPG;1
\leporido\Rabbit_mammalWeb\8903.jpg;1
\vacia\NOANIMAL_ZOO_5_6_7_9\2_20210417 (25580).JPG;0
\vacia\NOANIMAL_ZOO_1_4\26_20201020 (3165).JPG;0
\cervidae\CERVIDREDORFALLOWDEER_ZOO_1_4\36_20201117 (446).JPG;1
\cervidae\corzo_alumno_2_AM_JC\STC_0439_frame090.jpg;1
\jabali\WILDBOAR_ZOO_1_4\37_20201116 (12474).JPG;1
\vacia\empty_SnapshotMountainZebra\MTZ_S1_G04_R3_IMAG3852.JPG;0
\vacia\NOANIMAL_ZOO_5_6_7_9\39_20210417 (1630).JPG;0
\cervidae\CERVIDREDORFALLOWDEER_ZOO_1_4\7_20201217 (922).JPG;1
\jabali\jabali_javi_JC\34_20201024 (2965).JPG;1
\vacia\NOANIMAL_ZOO_1_4\37_20201024 (539).JPG;0
\vacia\vacias_2_de_2_PNC_2012_ISAAC\a840IM000184.JPG;0
\cervidae\CERVIDREDORFALLOWDEER_ZOO_5_6_7_9\50_20210616 (12121).JPG;1
\vacia\empty_caltechCameraTraps\597e632a-23d2-11e8-a6a3-ec086b02610b.jpg;0
\vacia\NOANIMAL_ZOO_1_4\34_20210115 (3474).JPG;0
\mapache\raccoon_CaltechCameraTrap_ME\590a1035-23d2-11e8-a6a3-ec086b02610b.jpg;1
\humanovehiculo\HUMANORVEHICLE_ZOO_1_4\43_20201118 (12).JPG;1
\cervidae\Ciervo_PNC_2012_JC\a44295IMAG0079.JPG;1
\jabali\WILDBOAR_ZOO_1_4\20_20210115 (1454).JPG;1
\lince\Lince_a_Linces2_Leo_JC\lince71 (78).JPG;1
\vacia\empty_caltechCameraTraps\5a2c83c6-23d2-11e8-a6a3-ec086b02610b.jpg;0
\vacia\NOANIMAL_ZOO_5_6_7_9\24_20210318 (6995).JPG;0
\humanovehiculo\humanovehiculo_PNM_2013-I_ME\e4553IM000008.JPG;1
\cervidae\CERVIDREDORFALLOWDEER_ZOO_1_4\21_20201025 (663).JPG;1
\vacia\NOANIMAL_ZOO_5_6_7_9\2_20210417 (18482).JPG;0
\cervidae\ciervo_simone_2\37_20201024 (9738).JPG;1
\humanovehiculo\humanovehiculo_PNC_2014_manuel\c30365IM000141.JPG;1
\micromamiferos\micromamifero_WellingtonCameraTraps_SS\030716032014038bs233.JPG;1
\vacia\NOANIMAL_ZOO_1_4\28_20201218 (14886).JPG;0
\jabali\Jabali_PNC_2014_JC\c23069IM000113.JPG;1
\cervidae\Ciervo_PNC_2014_JC\c18912IMAG0095.JPG;1
\ave\petrel_IslandConservationCameraTraps\chile_filipianalamatris2013_2909201380110.jpg;1
\vacia\empty_IslandConservationCameraTraps\dominicanrepublic_cam1725abril2015_20150406_102451_img_0119.jpg;0
\cervidae\CERVIDREDORFALLOWDEER_ZOO_1_4\21_20201025 (5968).JPG;1
\vaca\cow_CaltechCameraTrap\591b2297-23d2-11e8-a6a3-ec086b02610b.jpg;1
\vacia\NOANIMAL_ZOO_5_6_7_9\2_20210618 (9047).JPG;0
\gineta\gineta_PNM_2013-O_ISAAC\f4520IM000184.JPG;1
\vacia\vacia_Paco_Carro_JC\MDGC0533.JPG;0
\zorro\REDFOX_ZOO_5_6_7_9\48_20210418 (401).JPG;1
\humanovehiculo\humanovehiculo_PNC_2014_manuel\c27758IM000007.JPG;1
\humanovehiculo\car_CaltechCameraTrap_ME\vehiculo\585a64b0-23d2-11e8-a6a3-ec086b02610b.jpg;1
\zorro\zorro_PNC_2014_manuel\c6942IM000037.JPG;1
\vacia\NOANIMAL_ZOO_1_4\32_20201022 (691).JPG;0
\cervidae\4_Ciervos_PNC_2014_JC\c22042IM000099.JPG;1
\vacia\empty_IslandConservationCameraTraps\dominicanrepublic_cam0425abril2015_20130823_084028_sunp5002.jpg;0
\leporido\rabbit_IslandConservationCameraTraps\chile_frances012013_2512201261202.jpg;1
\cervidae\ciervo_Javi_3_JC\26_20201020 (1731).JPG;1
\cervidae\ciervo_simone_2\34_20201024 (6023).JPG;1
\vacia\empty_SnapshotMountainZebra\MTZ_S1_E06_R3_IMAG1641.JPG;0
\vacia\NOANIMAL_ZOO_1_4\15_20201117 (8887).JPG;0
\caballo\HORSE_ZOO_1_4\9_20210114 (743).JPG;1
\gato_domestico\cat_IslandConservationCameraTraps\puertorico_9a_20150318_090206_img_0073.jpg;1
\vacia\empty_caltechCameraTraps\5a1cb0d2-23d2-11e8-a6a3-ec086b02610b.jpg;0
\cervidae\CERVIDREDORFALLOWDEER_ZOO_5_6_7_9\19_20210319 (704).JPG;1
\vacia\empty_IslandConservationCameraTraps\dominicanrepublic_cam1425abril2015_20150421_141502_img_2144.jpg;0
\zorro\zorro_vacías_humanos_PNC_2012_ME\a442IM000110.JPG;1
\vacia\empty_IslandConservationCameraTraps\dominicanrepublic_cam2015abril2015_20150327_140739_img_1868.jpg;0
\cervidae\CERVIDREDORFALLOWDEER_ZOO_5_6_7_9\28_20210615 (3195).JPG;1
\vacia\NOANIMAL_ZOO_1_4\26_20201020 (15229).JPG;0
\humanovehiculo\HUMANORVEHICLE_ZOO_1_4\10_20210115 (2).JPG;1
\caballo\HORSE_ZOO_1_4\10_20201117 (1290).JPG;1
\leporido\conejo_Paco_Carro_JC\PICT0203.JPG;1
\ave\ave_ave_WellingtonCameraTraps_SS\051116073018045c1112.JPG;1
\cervidae\ciervo_vacías_humanos_PNC_2012_ME\a31594IM000927.JPG;1
\vacia\NOANIMAL_ZOO_5_6_7_9\25_20210417 (9555).JPG;0
\gato_domestico\gato_WellingtonCameraTraps_SS\0504151713580830L301.JPG;1
\tejon\Tejon_PEPE_IREC_JC\CA_19-01.26-04_07_(2).JPG;1
\cervidae\cervidae_ME_rev_3_donana\37_20201024 (2510).JPG;1
\leporido\rabbit_CaltechCameraTrap_ME\595dee91-23d2-11e8-a6a3-ec086b02610b.jpg;1
\zorro\fox_CaltechCameraTrap_ME\5903cb7e-23d2-11e8-a6a3-ec086b02610b.jpg;1
\cervidae\Cervidae1___diego_1_rev_donana\21_20201025 (5210).JPG;1
\humanovehiculo\humanovehiculo_vacías_humanos_PNC_2012_ME\a30461IM000013.JPG;1
\ave\pigeon_IslandConservationCameraTraps\chile_filipianalamatris2013_25102013141353.jpg;1
\humanovehiculo\humano_vehiculo_PNM_2012_ISAAC\d2811IMAG0006.JPG;1
\zorro\Zorro_PNC_2013-O_ME\b7688IM000269.JPG;1
\lince\Lince_a_Linces2_Leo_JC\lince86 (86).JPG;1
\vaca\cow_CaltechCameraTrap\58d2ebda-23d2-11e8-a6a3-ec086b02610b.jpg;1
\lince\linces_fecha_Linces2_Leo_JC\2_Lince_flecha_Linces2_Leo_JC\lince176 (130).JPG;1
\jabali\jabali_PNC_2014_manuel\c23833IMAG0160.JPG;1
\cervidae\CERVIDREDORFALLOWDEER_ZOO_5_6_7_9\24_20210219 (571) (2021_04_15 06_16_22 UTC).JPG;1
\cervidae\CERVIDREDORFALLOWDEER_ZOO_5_6_7_9\47_20210418 (1623).JPG;1
\jabali\WILDBOAR_ZOO_1_4\7_20201118 (807).JPG;1
\vacia\NOANIMAL_ZOO_1_4\33_20201025 (51).JPG;0
\vacia\empty_caltechCameraTraps\5968c2f4-23d2-11e8-a6a3-ec086b02610b.jpg;0
\jabali\WILDBOAR_ZOO_1_4\20_20210115 (392).JPG;1
\cervidae\CERVIDREDORFALLOWDEER_ZOO_1_4\24_20210115 (2787).JPG;1
\vacia\empty_IslandConservationCameraTraps\dominicanrepublic_cam0425abril2015_20130822_082016_sunp4611.jpg;0
\jabali\WILDBOAR_ZOO_1_4\41_20201025 (39).JPG;1
\vacia\NOANIMAL_ZOO_5_6_7_9\25_20210417 (2223).JPG;0
\vacia\NOANIMAL_ZOO_1_4\7_20210115 (1064).JPG;0
\cervidae\deer_CaltechCameraTrap\5a096b50-23d2-11e8-a6a3-ec086b02610b.jpg;1
\vacia\NOANIMAL_ZOO_5_6_7_9\2_20210417 (19142).JPG;0
\humanovehiculo\car_CaltechCameraTrap_ME\vehiculo\5a0b0339-23d2-11e8-a6a3-ec086b02610b.jpg;1
\zorro\Zorro_PNC_2014_JC\c15213IM000008.JPG;1
\vacia\empty_IslandConservationCameraTraps\ecuador1_ic1611_20150101_000002_img_2338.jpg;0
\vacia\NOANIMAL_ZOO_1_4\7_20210115 (1277).JPG;0
\vaca\COW_ZOO_1_4\21_20201217 (2167).JPG;1
\vaca\Vaca_ME_rev_1_donana\17_20201026 (272).JPG;1
\vacia\vacias_PNC_2014_ISAAC\c9150IM000010.JPG;0
\vacia\NOANIMAL_ZOO_1_4\26_20201020 (14791).JPG;0
\vacia\NOANIMAL_ZOO_5_6_7_9\37_20210319 (898).JPG;0
\cervidae\CERVIDREDORFALLOWDEER_ZOO_1_4\21_20201025 (5592).JPG;1
\jabali\WILDBOAR_ZOO_1_4\24_20201019 (1040).JPG;1
\cervidae\ciervo_simone_2\34_20201024 (3601).JPG;1
\cervidae\CERVIDREDORFALLOWDEER_ZOO_1_4\1_20210115 (195).JPG;1
\cervidae\CERVIDREDORFALLOWDEER_ZOO_1_4\14_20201218 (1790).JPG;1
\cervidae\Ciervo_PNC_2012_JC\a2560IM000208.JPG;1
\vacia\NOANIMAL_ZOO_1_4\26_20201020 (17397).JPG;0
\cervidae\CERVIDREDORFALLOWDEER_ZOO_1_4\40_20201024 (285).JPG;1
\jabali\WILDBOAR_ZOO_5_6_7_9\20_20210219 (692) (2021_04_15 06_16_22 UTC).JPG;1
\ave\bird_CaltechCameraTrap\59c31a1e-23d2-11e8-a6a3-ec086b02610b.jpg;1
\cervidae\ciervo_PNM_2013-I_ISAAC\e4629IM000083.JPG;1
\vacia\NOANIMAL_ZOO_5_6_7_9\24_20210318 (11863).JPG;0
\vacia\vacias_PNM_2013-O_ISAAC\f27133IMAG0120.JPG;0
\zorro\zorro_PNM_2012_ME\d7FILE0007.JPG;1
\leporido\conejo_Paco_Carro_JC\PICT2011 (2).JPG;1
\vacia\NOANIMAL_ZOO_1_4\9_20201712 (2351).JPG;0
\tejon\tejon_alumno_2_AM_JC\STC_0070_frame070.jpg;1
\vacia\empty_IslandConservationCameraTraps\dominicanrepublic_cam1125abril2015_20150414_173009_img_1425.jpg;0
\jabali\Jabali_PNC_2014_JC\c15717IM000073.JPG;1
\jabali\WILDBOAR_ZOO_1_4\31_20201218 (298).JPG;1
\cervidae\CERVIDREDORFALLOWDEER_ZOO_5_6_7_9\2_20210417 (276).JPG;1
\vacia\vacia_Soraya_Padilla_Alumno_1_TH\DSCF0005_frame030.jpg;0
\cervidae\CERVIDREDORFALLOWDEER_ZOO_5_6_7_9\1_20210618 (4975).JPG;1
\vacia\empty_SnapshotMountainZebra\MTZ_S1_D07_R1_IMAG2447.JPG;0
\cervidae\ciervo_PNC_2013-O_RED_ISAAC\b5864IM000327.JPG;1
\vacia\vacia_Paco_Carro_JC\IMG_1822.JPG;0
\jabali\WILDBOAR_ZOO_1_4\20_20201215 (757).JPG;1
\gineta\gineta_Saul Martin_FRAMES_SIN_REPETIDOS_REVISADOS_DIEGO\IMAG0028_frame580.jpg;1
\vaca\cow_CaltechCameraTrap\58f423f5-23d2-11e8-a6a3-ec086b02610b.jpg;1
\cervidae\ciervo_vacías_humanos_PNC_2012_ME\a27695IM000037.JPG;1
\ave\bird_CaltechCameraTrap\596bd7e7-23d2-11e8-a6a3-ec086b02610b.jpg;1
\vacia\NOANIMAL_ZOO_5_6_7_9\31_20210615 (6482).JPG;0
\jabali\WILDBOAR_ZOO_1_4\37_20201116 (7992).JPG;1
\vaca\COW_ZOO_5_6_7_9\21_20210418 (1506).JPG;1
\caballo\caballos_javier_JC\2_20201117 (3752).JPG;1
\vacia\NOANIMAL_ZOO_5_6_7_9\13_20210218 (1231) (2021_04_15 06_16_22 UTC).JPG;0
\vaca\COW_ZOO_1_4\17_20201026 (809).JPG;1
\jabali\WILDBOAR_ZOO_5_6_7_9\35_20210418 (441).JPG;1
\vacia\NOANIMAL_ZOO_5_6_7_9\25_20210319 (10314).JPG;0
\jabali\WILDBOAR_ZOO_5_6_7_9\1_20210219 (469) (2021_04_15 06_16_22 UTC).JPG;1
\humanovehiculo\humanos_Paco_Carro_JC\PICT0004 (3).JPG;1
\cervidae\CERVIDREDORFALLOWDEER_ZOO_5_6_7_9\28_20210615 (3848).JPG;1
\vacia\NOANIMAL_ZOO_1_4\23_20201117 (248).JPG;0
\cervidae\CERVIDREDORFALLOWDEER_ZOO_1_4\21_20201025 (4142).JPG;1
\cervidae\ciervo_PNC_2014_ISAAC\c24606IMAG0113.JPG;1
\lince\Lince_a_Linces2_Leo_JC\Lince46 (127).JPG;1
\vacia\empty_caltechCameraTraps\59c318b7-23d2-11e8-a6a3-ec086b02610b.jpg;0
\vacia\vacia_alumno_1_AM_2\30_20201021 (9320).JPG;0
\vacia\NOANIMAL_ZOO_5_6_7_9\50_20210408 (23666).JPG;0
\jabali\WILDBOAR_ZOO_1_4\6_20201116 (620).JPG;1
\cervidae\CERVIDREDORFALLOWDEER_ZOO_1_4\15_20210117 (8094).JPG;1
\leporido\rabbit_CaltechCameraTrap_ME\598ad0fe-23d2-11e8-a6a3-ec086b02610b.jpg;1
\cervidae\ciervo_Javi_3_JC\21_20201025 (53).JPG;1
\caballo\HORSE_ZOO_1_4\15_20201117 (8260).JPG;1
\vacia\SnampshotEnonkishu\ENO_S1_D06_R1_IMAG1399.JPG;0
\vacia\NOANIMAL_ZOO_5_6_7_9\50_20210417 (20901).JPG;0
\vacia\vacias_PNC_2014_ISAAC\c12654IMAG0175.JPG;0
\leporido\conejo_Paco_Carro_JC\PICT1412.JPG;1
\vacia\NOANIMAL_ZOO_5_6_7_9\25_20210417 (7460).JPG;0
\zorro\zorro_PNC_2014_manuel\c28779IM000049.JPG;1
\vacia\Nothing_mammalWeb\75778.jpg;0
\jabali\3_jabali_javi_JC\37_20201024 (858).JPG;1
\zorro\Red fox_mammalWeb\48869.jpg;1
\vacia\vacia_alumno_AM_2\25_20201024 (81).JPG;0
\cervidae\Ciervo_PNC_2012_JC\a6035IM000852.JPG;1
\zorro\Zorro_Pepe_IREC\Zorro_Pepe_Irec_ME\IMAG2778.JPG;1
\jabali\jabali_javi_JC\40_20201024 (3058).JPG;1
\vacia\empty_SnapshotMountainZebra\MTZ_S1_G04_R3_IMAG1123.JPG;0
\vacia\NOANIMAL_ZOO_1_4\2_20210115 (9466).JPG;0
\vaca\COW_ZOO_5_6_7_9\21_20210318 (15022).JPG;1
\ave\ave_ave_WellingtonCameraTraps_SS\090216184250045c5175.JPG;1
\vacia\NOANIMAL_ZOO_5_6_7_9\20_20210319 (9061).JPG;0
\ave\ave_Soraya_Padilla_Alumno_1_TH\DSCF0035_frame090 (2).jpg;1
\vacia\empty_IslandConservationCameraTraps\palau_cam09a12132018_20180830_120000_rcnx0135.jpg;0
\vacia\vacia_alumno_TH_3_TH_JC\10_20201019 (1487).JPG;0
\cervidae\ciervo_PNC_2013-O_RED_ISAAC\b7789IM000376.JPG;1
\micromamiferos\rat_IslandConservationCameraTraps\palau_cam10a12122018_20181010_032032_rcnx0594.jpg;1
\vacia\empty_caltechCameraTraps\59f463b0-23d2-11e8-a6a3-ec086b02610b.jpg;0
\cervidae\CERVIDREDORFALLOWDEER_ZOO_1_4\16_20210116 (95).JPG;1
\gato_domestico\cat_CaltechCameraTrap\59782f98-23d2-11e8-a6a3-ec086b02610b.jpg;1
\cervidae\ciervo_PNC_2013-O_RED_ISAAC\b6713FILE0012.JPG;1
\cervidae\2_ciervo_alumno_2_TH\37_20201024 (9291).JPG;1
\vacia\vacias_2_de_2_PNC_2012_ISAAC\a1241IM000207.JPG;0
\caballo\HORSE_ZOO_1_4\15_20210117 (3418).JPG;1
\lince\Lince_b_Linces2_Leo_JC\lince228 (140).jpg;1
\leporido\conejo_Paco_Carro_JC\PICT0325 (2).JPG;1
\caballo\HORSE_ZOO_1_4\28_20210115 (1861).JPG;1
\jabali\jabali_Leo_Otra_fauna_PASADA_POR_LA_RED_JC\Otrafauna (953).JPG;1
\zorro\zorro_PNC_2014_manuel\c5847IM000046.JPG;1
\vacia\NOANIMAL_ZOO_1_4\34_20210115 (4957).JPG;0
\cervidae\ciervo_simone_2\37_20201024 (12492).JPG;1
\zorro\ZORRO_PNM_2013-I_ISAAC\e1540IM000040.JPG;1
\ave\bird_CaltechCameraTrap\58d47c98-23d2-11e8-a6a3-ec086b02610b.jpg;1
\cervidae\ciervo_alumno_2_TH\34_20201024 (2866).JPG;1
\humanovehiculo\humanovehiculo_PNM_2013-I_ME\e4032IM000001.JPG;1
\ave\bird_CaltechCameraTrap\591fd0ff-23d2-11e8-a6a3-ec086b02610b.jpg;1
\jabali\WILDBOAR_ZOO_1_4\20_20210115 (582).JPG;1
\humanovehiculo\HUMANORVEHICLE_ZOO_1_4\42_20201026 (200).JPG;1
\vacia\NOANIMAL_ZOO_1_4\17_20210114 (1390).JPG;0
\zorro\zorro_vacías_humanos_PNC_2012_ME\a52213IM000019.JPG;1
\cervidae\deer_CaltechCameraTrap\58c97c96-23d2-11e8-a6a3-ec086b02610b.jpg;1
\vacia\empty_IslandConservationCameraTraps\ecuador1_cam1612_20150212_011447_img_1481.jpg;0
\vacia\NOANIMAL_ZOO_5_6_7_9\25_20210417 (5968).JPG;0
\tejon\Tejon_ME_rev_2_donana\42_20201026 (183).JPG;1
\micromamiferos\micromamiferos_Paco_Carro_JC\IMG_0017 (2).JPG;1
\vacia\NOANIMAL_ZOO_1_4\20_20201117 (358).JPG;0
\lince\linces_fecha_Linces2_Leo_JC\2_Lince_flecha_Linces2_Leo_JC\lince171 (29).JPG;1
\vacia\empty_SnapshotMountainZebra\MTZ_S1_G04_R3_IMAG2073.JPG;0
\caballo\caballos_alumno_AM\caballos_alumno_AM\2_20201215 (5706).JPG;1
\caballo\HORSE_ZOO_1_4\2_20201117 (4586).JPG;1
\meloncillo\Meloncillo_PEPE_IREC_JC\IMAG2739_(2).JPG;1
\gato_domestico\cat_IslandConservationCameraTraps\palau_cam04a12132018_20180824_221328_rcnx0618.jpg;1
\caballo\HORSE_ZOO_1_4\2_20201117 (3533).JPG;1
\ave\ave_ave_WellingtonCameraTraps_SS\050416175214049c5351.JPG;1
\vacia\vacia_alumno_1_TH\Nada (16)_frame120.jpg;0
\jabali\jabali_PNM_2012_ISAAC\d15972FILE0031.JPG;1
\vaca\COW_ZOO_5_6_7_9\9_20210615 (1884).JPG;1
\vacia\empty_IslandConservationCameraTraps\dominicanrepublic_cam1826julio2015_20150707_081701_img_1241.jpg;0
\vacia\vacia_alumno_1_AM\40_20201024 (554).JPG;0
\vaca\3_vaca_alumno_1_AM_2\15_20201024 (7488).JPG;1
\humanovehiculo\humanovehiculo_PNC_2014_manuel\c13766IMAG0235.JPG;1
\cervidae\CERVIDREDORFALLOWDEER_ZOO_1_4\7_20201217 (385).JPG;1
\cervidae\deer_CaltechCameraTrap\599fbf8a-23d2-11e8-a6a3-ec086b02610b.jpg;1
\vacia\NOANIMAL_ZOO_5_6_7_9\3_20210417 (679).JPG;0
\caballo\HORSE_ZOO_1_4\15_20210117 (1546).JPG;1
\caballo\HORSE_ZOO_1_4\10_20201218 (3483).JPG;1
\vacia\vacias_1_de_2_PNC_2012_ISAAC\a46914IM000907.JPG;0
\vacia\empty_IslandConservationCameraTraps\dominicanrepublic_cam1826julio2015_20150627_120820_img_0427.jpg;0
\vacia\NOANIMAL_ZOO_5_6_7_9\50_20210408 (19211).JPG;0
\caballo\HORSE_ZOO_1_4\2_20201117 (190).JPG;1
\cervidae\ciervo_PNC_2014_ISAAC\c22568IM000057.JPG;1
\vacia\empty_IslandConservationCameraTraps\dominicanrepublic_cam1425abril2015_20150326_134442_img_0065.jpg;0
\vaca\COW_ZOO_1_4\6_20201116 (2587).JPG;1
\gato_domestico\gato_WellingtonCameraTraps_SS\270316081826013as313.JPG;1
\vacia\empty_SnapshotMountainZebra\MTZ_S1_D07_R1_IMAG2560.JPG;0
\vacia\NOANIMAL_ZOO_1_4\6_20201812 (15437).JPG;0
\jabali\WILDBOAR_ZOO_1_4\4_20210117 (3025).JPG;1
\vacia\vacia_vacías_humanos_PNC_2012_ME\a35004IMAG0121.JPG;0
\jabali\jabali_alumno_2_2_TH_JC\33_20201025 (152).JPG;1
\cervidae\Ciervo_PNC_2012_JC\a12710IM001136.JPG;1
\vacia\empty_SnapshotMountainZebra\MTZ_S1_C06_R1_IMAG1901.JPG;0
\gato_domestico\gato_WellingtonCameraTraps_SS\2304151758300106S471.JPG;1
\vacia\NOANIMAL_ZOO_5_6_7_9\50_20210417 (21193).JPG;0
\jabali\WILDBOAR_ZOO_1_4\37_20201215 (119).JPG;1
\jabali\WILDBOAR_ZOO_1_4\7_20201118 (561).JPG;1
\gato_domestico\cat_CaltechCameraTrap\59adfea8-23d2-11e8-a6a3-ec086b02610b.jpg;1
\vacia\empty_caltechCameraTraps\59da8c01-23d2-11e8-a6a3-ec086b02610b.jpg;0
\vacia\empty_IslandConservationCameraTraps\dominicanrepublic_cam1926junio2015_20150415_143857_img_0096.jpg;0
\zorro\zorro_PNC_2014_manuel\c18143IMAG0010.JPG;1
\ave\OTHERSPECIES_ZOO_5_6_7_9\38_20210618 (1317).JPG;1
\vacia\empty_SnapshotMountainZebra\MTZ_S1_D06_R1_IMAG1563.JPG;0
\vacia\NOANIMAL_ZOO_5_6_7_9\25_20210417 (5682).JPG;0
\vacia\NOANIMAL_ZOO_5_6_7_9\31_20210417 (263).JPG;0
\vacia\NOANIMAL_ZOO_5_6_7_9\50_20210417 (20170).JPG;0
\vaca\cow_CaltechCameraTrap\5911d762-23d2-11e8-a6a3-ec086b02610b.jpg;1
\vacia\NOANIMAL_ZOO_5_6_7_9\32_20210615 (3946).JPG;0
\ave\ave_ave_WellingtonCameraTraps_SS\090116095354047c5021.JPG;1
\vacia\NOANIMAL_ZOO_1_4\7_20210115 (2215).JPG;0
\leporido\Rabbit_mammalWeb\34070.jpg;1
\cervidae\CERVIDREDORFALLOWDEER_ZOO_5_6_7_9\28_20210318 (15592).JPG;1
\vacia\NOANIMAL_ZOO_5_6_7_9\25_20210417 (4648).JPG;0
\cervidae\2_ciervo_Javi_3_JC\34_20201024 (2720).JPG;1
\caballo\HORSE_ZOO_5_6_7_9\44_20210618 (364).JPG;1
\ave\ave_Soraya_Padilla_Alumno_1_TH\DSCF0056_frame140.jpg;1
\vacia\vacia_alumno_2_AM\Orycun 05_frame240.jpg;0
\cervidae\CERVIDREDORFALLOWDEER_ZOO_1_4\10_20201117 (4649).JPG;1
\cervidae\CERVIDREDORFALLOWDEER_ZOO_1_4\28_20201019 (2296).JPG;1
\vacia\NOANIMAL_ZOO_5_6_7_9\25_20210417 (15595).JPG;0
\vacia\empty_IslandConservationCameraTraps\dominicanrepublic_cam0425abril2015_20130727_042315_sunp0168.jpg;0
\vacia\empty_SnapshotMountainZebra\MTZ_S1_G04_R3_IMAG3202.JPG;0
\ave\shearwater_IslandConservationCameraTraps\chile_piedra012013_12052013230114.jpg;1
\cervidae\CERVIDREDORFALLOWDEER_ZOO_5_6_7_9\49_20210408 (27).JPG;1
\ave\bird_CaltechCameraTrap\59adfc05-23d2-11e8-a6a3-ec086b02610b.jpg;1
\zorro\Zorro_PNC_2014_JC\c3028IM000136.JPG;1
\lince\Lince_b_Linces2_Leo_JC\lince224 (243).jpg;1
\vacia\NOANIMAL_ZOO_5_6_7_9\25_20210417 (2229).JPG;0
\ave\2_ave_ave_WellingtonCameraTraps_SS\070916150458046c9702.JPG;1
\cervidae\ciervo_PNM_2012_ME\d6433IMAG0055.JPG;1
\leporido\rabbit_CaltechCameraTrap_ME\59a17c5e-23d2-11e8-a6a3-ec086b02610b.jpg;1
\leporido\conejo_WellingtonCameraTraps_SS\051116051254002a5753.JPG;1
\cervidae\ciervo_PNC_2013-I_RED_ME\7637IM000210.JPG;1
\zorro\zorro_vacías_humanos_PNC_2012_ME\a11565IM000651.JPG;1
\vacia\NOANIMAL_ZOO_1_4\34_20210115 (6996).JPG;0
\zorro\Zorro_Pepe_IREC\Zorro_Pepe_Irec_ME\IMAG0771_(2).JPG;1
\caballo\caballos_alumno_AM\caballos_alumno_AM\2_20201215 (1989).JPG;1
\vacia\empty_IslandConservationCameraTraps\micronesia_cam04_cam04june2019_20190618230003_rcnx3242.jpg;0
\vacia\empty_SnapshotMountainZebra\MTZ_S1_D05_R1_IMAG2179.JPG;0
\jabali\WILDBOAR_ZOO_5_6_7_9\32_20210218 (574) (2021_04_15 06_16_22 UTC).JPG;1
\humanovehiculo\car_CaltechCameraTrap_ME\vehiculo\5a07cf01-23d2-11e8-a6a3-ec086b02610b.jpg;1
\jabali\jabali_javi_JC\7_20201025 (259).JPG;1
\jabali\WILDBOAR_ZOO_1_4\37_20201116 (4641).JPG;1
\zorro\Zorro_PNC_2014_JC\c20064IM000013.JPG;1
\jabali\jabali_Leo_Otra_fauna_PASADA_POR_LA_RED_JC\Otrafauna (1520).JPG;1
\vacia\NOANIMAL_ZOO_1_4\26_20201020 (12027).JPG;0
\vaca\COW_ZOO_5_6_7_9\49_20210418 (2032).JPG;1
\ave\ave_ave_WellingtonCameraTraps_SS\2005150820160324L073.JPG;1
\cervidae\ciervo_PNC_2013-I_RED_ME\3931IMAG0035.JPG;1
\vacia\empty_IslandConservationCameraTraps\dominicanrepublic_cam0526junio2015_20150623_121030_sunp2558.jpg;0
\cervidae\CERVIDREDORFALLOWDEER_ZOO_5_6_7_9\35_20210318 (390).JPG;1
\cervidae\gamo_buscar_cab_isaac_sin_contar\9_20201118 (1341).JPG;1
\mapache\raccoon_CaltechCameraTrap_ME\59f9470a-23d2-11e8-a6a3-ec086b02610b.jpg;1
\vacia\vacia_alumno_TH_3_TH_JC\30_20201021 (12498).JPG;0
\zorro\zorro_PNC_2013-I_ME\1329IM000028.JPG;1
\cervidae\CERVIDREDORFALLOWDEER_ZOO_1_4\4_20201220 (8696).JPG;1
\cervidae\ciervo_vacías_humanos_PNC_2012_ME\a10170IM000133.JPG;1
\vacia\empty_caltechCameraTraps\5a2639e2-23d2-11e8-a6a3-ec086b02610b.jpg;0
\vacia\NOANIMAL_ZOO_5_6_7_9\50_20210417 (23541).JPG;0
\lince\linces_fecha_Linces2_Leo_JC\3_Lince_flecha_Linces2_Leo_JC\lince172 (79).JPG;1
\caballo\caballos_simone\4_20201220 (7711).JPG;1
\cervidae\CERVIDREDORFALLOWDEER_ZOO_1_4\28_20201218 (249).JPG;1
\cervidae\ciervo_PNC_2013-I_RED_ME\2448IM000027.JPG;1
\cervidae\ciervo_Javi_3_JC\22_20201022 (751).JPG;1
\vacia\NOANIMAL_ZOO_1_4\6_20201812 (11409).JPG;0
\humanovehiculo\car_CaltechCameraTrap_ME\vehiculo\5965aa5f-23d2-11e8-a6a3-ec086b02610b.jpg;1
\vacia\NOANIMAL_ZOO_5_6_7_9\39_20210417 (3625).JPG;0
\vaca\cow_CaltechCameraTrap\5879d2a3-23d2-11e8-a6a3-ec086b02610b.jpg;1
\vacia\empty_SnapshotMountainZebra\MTZ_S1_D05_R1_IMAG2665.JPG;0
\gato_domestico\gato_WellingtonCameraTraps_SS\080516085234011c7201.JPG;1
\leporido\rabbit_IslandConservationCameraTraps\chile_frances022013_21042013163808.jpg;1
\vacia\SnampshotEnonkishu\ENO_S1_D06_R1_IMAG1662.JPG;0
\vacia\empty_SnapshotKaroo\KAR_S1_B01_R1_IMAG0664.JPG;0
\vacia\NOANIMAL_ZOO_5_6_7_9\15_20210219 (4383) (2021_04_15 06_16_22 UTC).JPG;0
\cervidae\CERVIDREDORFALLOWDEER_ZOO_5_6_7_9\24_20210219 (1306) (2021_04_15 06_16_22 UTC).JPG;1
\lince\Lince_a_Linces2_Leo_JC\lince125 (150).JPG;1
\cervidae\ciervo_PNC_2014_ISAAC\c23746IMAG0087.JPG;1
\caballo\HORSE_ZOO_1_4\38_20201117 (2011).JPG;1
\meloncillo\Meloncillo_PEPE_IREC_JC\IMAG0068.JPG;1
\vacia\empty_IslandConservationCameraTraps\ecuador2_ic1607_20150122_064129_img_1071.jpg;0
\zorro\Zorro_PNC_2014_JC\c21854IM000020.JPG;1
\humanovehiculo\car_CaltechCameraTrap_ME\vehiculo\59087fba-23d2-11e8-a6a3-ec086b02610b.jpg;1
\vacia\empty_IslandConservationCameraTraps\dominicanrepublic_cam1826julio2015_20150707_130140_img_1452.jpg;0
\cervidae\CERVIDREDORFALLOWDEER_ZOO_1_4\37_20201116 (6374).JPG;1
\vacia\empty_caltechCameraTraps\595f7b05-23d2-11e8-a6a3-ec086b02610b.jpg;0
\jabali\WILDBOAR_ZOO_1_4\37_20201116 (4791).JPG;1
\cervidae\3_ciervo_simone_2\34_20201024 (5577).JPG;1
\vacia\NOANIMAL_ZOO_5_6_7_9\21_20210615 (56).JPG;0
\jabali\WILDBOAR_ZOO_1_4\33_20201217 (472).JPG;1
\ave\Ave_Leo_Otra_fauna_PASADA_POR_LA_RED_JC\Otrafauna (630).JPG;1
\cervidae\CERVIDREDORFALLOWDEER_ZOO_5_6_7_9\10_20210319 (4975).JPG;1
\jabali\WILDBOAR_ZOO_1_4\28_20201019 (1751).JPG;1
\cervidae\corzo_alumno_2_AM_JC\STC_0439_frame060.jpg;1
\vacia\empty_IslandConservationCameraTraps\dominicanrepublic_cam10601agosto2017_20170116_121021_img_0123.jpg;0
\vacia\NOANIMAL_ZOO_1_4\33_20201217 (567).JPG;0
\zorro\Zorro_PNC_2014_JC\c27526IM000158.JPG;1
\vacia\empty_caltechCameraTraps\5957c4cb-23d2-11e8-a6a3-ec086b02610b.jpg;0
\gato_domestico\gato_WellingtonCameraTraps_SS\130516075940019a5751.JPG;1
\jabali\jabali_vacías_humanos_PNC_2012_ME\a79IM000019.JPG;1
\cervidae\Ciervo_PNM_2013-0_ME\f20393IM000138.JPG;1
\cervidae\CERVIDREDORFALLOWDEER_ZOO_1_4\21_20201025 (3148).JPG;1
\vacia\vacias_PNC_2014_ISAAC\c11075FILE0004.JPG;0
\cervidae\cervido_simone_2\34_20201024 (3263).JPG;1
\vacia\NOANIMAL_ZOO_5_6_7_9\50_20210417 (20270).JPG;0
\vacia\NOANIMAL_ZOO_5_6_7_9\32_20210417 (42).JPG;0
\cervidae\deer_CaltechCameraTrap\5a2e1379-23d2-11e8-a6a3-ec086b02610b.jpg;1
\gato_domestico\gato_WellingtonCameraTraps_SS\28111503045202859193.JPG;1
\perro\perro_WellingtonCameraTraps_SS\140516154512001a1603.JPG;1
\caballo\caballos_javier_JC\2_20201117 (3502).JPG;1
\vacia\NOANIMAL_ZOO_1_4\34_20210115 (1927).JPG;0
\jabali\WILDBOAR_ZOO_1_4\15_20210117 (8036).JPG;1
\cervidae\CERVIDREDORFALLOWDEER_ZOO_1_4\15_20201117 (4188).JPG;1
\vacia\NOANIMAL_ZOO_1_4\34_20210115 (3980).JPG;0
\leporido\rabbit_CaltechCameraTrap_ME\59421096-23d2-11e8-a6a3-ec086b02610b.jpg;1
\vacia\empty_caltechCameraTraps\59a49ad1-23d2-11e8-a6a3-ec086b02610b.jpg;0
\jabali\WILDBOAR_ZOO_1_4\11_20201118 (310).JPG;1
\cervidae\ciervo_vacías_humanos_PNC_2012_ME\a19130IM000259.JPG;1
\caballo\HORSE_ZOO_1_4\15_20201117 (8250).JPG;1
\lince\Lince_a_Linces2_Leo_JC\lince122 (132).JPG;1
\vacia\empty_IslandConservationCameraTraps\micronesia_cam04_cam04june2019_20190617181503_rcnx2802.jpg;0
\jabali\WILDBOAR_ZOO_1_4\7_20201118 (280).JPG;1
\caballo\HORSE_ZOO_1_4\2_20210115 (6606).JPG;1
\vacia\NOANIMAL_ZOO_1_4\34_20210115 (1614).JPG;0
\leporido\conejo_leo_donana\0007537.JPG;1
\zorro\REDFOX_ZOO_1_4\11_20210114 (579).JPG;1
\vacia\vacias_PNM_2013-O_ISAAC\f23147IM000465.JPG;0
\cervidae\CERVIDREDORFALLOWDEER_ZOO_5_6_7_9\28_20210219 (713) (2021_04_15 06_16_22 UTC).JPG;1
\humanovehiculo\HUMANORVEHICLE_ZOO_5_6_7_9\18_20210616 (23).JPG;1
\vacia\vacias_PNM_2013-O_ISAAC\f2264IMAG0034.JPG;0
\zorro\Zorro_PNC_2014_JC\c16724IM000010.JPG;1
\vacia\NOANIMAL_ZOO_5_6_7_9\10_20210219 (1394) (2021_04_15 06_16_22 UTC).JPG;0
\cervidae\CERVIDREDORFALLOWDEER_ZOO_5_6_7_9\35_20210318 (1310).JPG;1
\leporido\conejo_Paco_Carro_JC\PICT0210.JPG;1
\cervidae\CERVIDREDORFALLOWDEER_ZOO_5_6_7_9\15_20210219 (5407) (2021_04_15 06_16_22 UTC).JPG;1
\jabali\jabali_javi_JC\41_20201025 (33).JPG;1
\vaca\COW_ZOO_5_6_7_9\21_20200113 (746) (2021_04_15 06_16_22 UTC).JPG;1
\ave\OTHERSPECIES_ZOO_5_6_7_9\49_20210418 (475).JPG;1
\cervidae\deer_CaltechCameraTrap\59519041-23d2-11e8-a6a3-ec086b02610b.jpg;1
\cervidae\ciervo_ME_rev_3_donana\26_20201020 (101).JPG;1
\vacia\empty_IslandConservationCameraTraps\dominicanrepublic_cam0425abril2015_20130823_051646_sunp4770.jpg;0
\vacia\NOANIMAL_ZOO_1_4\6_20201023 (3059).JPG;0
\cervidae\ciervo_Javi_3_JC\21_20201025 (2070).JPG;1
\zorro\Zorro_PNC_2014_JC\c16987IM000268.JPG;1
\vacia\NOANIMAL_ZOO_1_4\13_20201219 (204).JPG;0
\cervidae\CERVIDREDORFALLOWDEER_ZOO_1_4\36_20201019 (2691).JPG;1
\lince\linces_Linces2_Leo_JC\2_Lince_Linces2_Leo_JC\lince91 (230).JPG;1
\vacia\vacia_Paco_Carro_JC\IMG_0372 (2).JPG;0
\humanovehiculo\humanovehiculo_PNC_2014_manuel\c15592IM000003.JPG;1
\vacia\SnampshotEnonkishu\ENO_S1_D03_R1_IMAG3096.JPG;0
\vacia\empty_IslandConservationCameraTraps\dominicanrepublic_cam2015abril2015_20150422_155022_img_6543.jpg;0
\leporido\rabbit_IslandConservationCameraTraps\chile_vaqueria2013_27112012152938.jpg;1
\cervidae\deer_CaltechCameraTrap\5962942b-23d2-11e8-a6a3-ec086b02610b.jpg;1
\vacia\NOANIMAL_ZOO_1_4\26_20201020 (18631).JPG;0
\mapache\raccoon_CaltechCameraTrap_ME\590ebb7c-23d2-11e8-a6a3-ec086b02610b.jpg;1
\vacia\NOANIMAL_ZOO_1_4\26_20201020 (17633).JPG;0
\vacia\NOANIMAL_ZOO_5_6_7_9\25_20210417 (1161).JPG;0
\leporido\rabbit_IslandConservationCameraTraps\chile_piedra012013_2905201333528.jpg;1
\caballo\HORSE_ZOO_1_4\2_20201117 (452).JPG;1
\cervidae\CERVIDREDORFALLOWDEER_ZOO_5_6_7_9\49_20210615 (20769).JPG;1
\tejon\tejon_alumno_2_AM_JC\STC_0137_frame230.jpg;1
\jabali\WILDBOAR_ZOO_1_4\20_20210115 (205).JPG;1
\vacia\Nothing_mammalWeb\95514.jpg;0
\vacia\NOANIMAL_ZOO_5_6_7_9\25_20210417 (943).JPG;0
\vacia\empty_IslandConservationCameraTraps\micronesia_cam04_cam04june2019_20190611065003_rcnx0902.jpg;0
\vacia\vacias_1_de_2_PNC_2012_ISAAC\a38843IMAG0598.JPG;0
\vacia\empty_SnapshotMountainZebra\MTZ_S1_E04_R1_IMAG0151.JPG;0
\jabali\WILDBOAR_ZOO_1_4\20_20210115 (559).JPG;1
\vacia\empty_SnapshotKaroo\KAR_S1_C02_R1_IMAG1550.JPG;0
\caballo\HORSE_ZOO_1_4\15_20210117 (1586).JPG;1
\ave\ave_Soraya_Padilla_Alumno_1_TH\STC_0049_frame160.jpg;1
\mapache\raccoon_CaltechCameraTrap_ME\59fe232d-23d2-11e8-a6a3-ec086b02610b.jpg;1
\meloncillo\Meloncillo_PNC_2014_JC\c16331IM000057.JPG;1
\cervidae\CERVIDREDORFALLOWDEER_ZOO_1_4\6_20201116 (8288).JPG;1
\gato_domestico\gato_WellingtonCameraTraps_SS\050716052806012bs221.JPG;1
\vacia\empty_caltechCameraTraps\595f7a3c-23d2-11e8-a6a3-ec086b02610b.jpg;0
\caballo\caballos_javier_JC\35_20201218 (259).JPG;1
\humanovehiculo\humano_vehiculo_PNC_2013-I_ISAAC\4479IMAG0458.JPG;1
\leporido\rabbit_CaltechCameraTrap_ME\5a09696d-23d2-11e8-a6a3-ec086b02610b.jpg;1
\vacia\vacia_PNM_2013-O_ME\f13722IMAG0762.JPG;0
\vacia\empty_caltechCameraTraps\59e2a36c-23d2-11e8-a6a3-ec086b02610b.jpg;0
\vacia\vacia_Paco_Carro_JC\IMG_0983.JPG;0
\vacia\NOANIMAL_ZOO_5_6_7_9\36_20210319 (1212).JPG;0
\cervidae\CERVIDREDORFALLOWDEER_ZOO_5_6_7_9\10_20210417 (280).JPG;1
\caballo\HORSE_ZOO_5_6_7_9\17_20210615 (171).JPG;1
\vacia\vacia_alumno_TH_3_TH_JC\30_20201021 (15085).JPG;0
\cervidae\ciervo_simone_2\37_20201024 (1208).JPG;1
\cervidae\CERVIDREDORFALLOWDEER_ZOO_5_6_7_9\19_20210319 (681).JPG;1
\lince\linces_Linces2_Leo_JC\2_Lince_Linces2_Leo_JC\lince215 (5).JPG;1
\vacia\NOANIMAL_ZOO_1_4\6_20201812 (14489).JPG;0
\cervidae\ciervo_simone_2\37_20201024 (1562).JPG;1
\vacia\NOANIMAL_ZOO_1_4\34_20210115 (3270).JPG;0
\mapache\raccoon_CaltechCameraTrap_ME\59ddc23d-23d2-11e8-a6a3-ec086b02610b.jpg;1
\ave\OTHERSPECIES_ZOO_1_4\15_20210117 (7270).JPG;1
\vacia\empty_SnapshotMountainZebra\MTZ_S1_D05_R1_IMAG0754.JPG;0
\vacia\NOANIMAL_ZOO_5_6_7_9\50_20210417 (22895).JPG;0
\cervidae\CERVIDREDORFALLOWDEER_ZOO_1_4\21_20201025 (4704).JPG;1
\mapache\raccoon_CaltechCameraTrap_ME\5900a136-23d2-11e8-a6a3-ec086b02610b.jpg;1
\vacia\vacia_ss\40_20201024 (3672).JPG;0
\jabali\Jabalí_PNC_2013-O_ME\b1349IMAG0199.JPG;1
\leporido\rabbit_CaltechCameraTrap_ME\59a30ce9-23d2-11e8-a6a3-ec086b02610b.jpg;1
\vacia\empty_IslandConservationCameraTraps\ecuador2_ic1607_20150122_064216_img_1098.jpg;0
\vacia\vacia_Paco_Carro_JC\IMG_2104.JPG;0
\cervidae\2_ciervo_simone_2\39_20201019 (323).JPG;1
\cervidae\CERVIDREDORFALLOWDEER_ZOO_1_4\38_20201117 (501).JPG;1
\vacia\empty_IslandConservationCameraTraps\dominicanrepublic_cam0425abril2015_20130809_024648_sunp1487.jpg;0
\vacia\SnampshotEnonkishu\ENO_S1_D06_R1_IMAG3712.JPG;0
\vacia\empty_IslandConservationCameraTraps\dominicanrepublic_cam1826junio2015_20150504_135659_img_0542.jpg;0
\vacia\vacias_2_de_2_PNC_2012_ISAAC\a43815IM000576.JPG;0
\vacia\vacias_ME_CASA\IMG_0335.JPG;0
\vacia\empty_IslandConservationCameraTraps\dominicanrepublic_cam2015abril2015_20150326_140332_img_0991.jpg;0
\gato_domestico\gato_WellingtonCameraTraps_SS\300116024206021bs113.JPG;1
\mapache\raccoon_CaltechCameraTrap_ME\58bb8b2f-23d2-11e8-a6a3-ec086b02610b.jpg;1
\vacia\NOANIMAL_ZOO_1_4\26_20201020 (2322).JPG;0
\cervidae\cervidae_alumno_2_2_TH_JC\21_20201025 (3796).JPG;1
\cervidae\deer_CaltechCameraTrap\593ef7e9-23d2-11e8-a6a3-ec086b02610b.jpg;1
\vacia\vacia_alumno_1_AM\39_20201019 (165).JPG;0
\jabali\WILDBOAR_ZOO_1_4\37_20201116 (7113).JPG;1
\vacia\NOANIMAL_ZOO_5_6_7_9\25_20210615 (18227).JPG;0
\zorro\zorro_PNM_2013-I_ME\e5544IMAG0145.JPG;1
\caballo\HORSE_ZOO_1_4\15_20201117 (3431).JPG;1
\vacia\NOANIMAL_ZOO_1_4\15_20201024 (23974).JPG;0
\lince\linces_fecha_Linces2_Leo_JC\2_Lince_flecha_Linces2_Leo_JC\Lince60 (162).JPG;1
\cervidae\cervidae_alumno_2_TH\29_20201023 (157).JPG;1
\vacia\NOANIMAL_ZOO_5_6_7_9\50_20210408 (23627).JPG;0
\vacia\NOANIMAL_ZOO_1_4\7_20210115 (1322).JPG;0
\leporido\rabbit_IslandConservationCameraTraps\chile_vaqueria2013_31012013163241.jpg;1
\zorro\Zorro_PNC_2014_JC\c25583IM000060.JPG;1
\vaca\COW_ZOO_1_4\21_20201217 (4103).JPG;1
\ave\ave_ave_WellingtonCameraTraps_SS\011116053918023c5953.JPG;1
\gato_domestico\gato_WellingtonCameraTraps_SS\191215085300043c1603.JPG;1
\vacia\NOANIMAL_ZOO_1_4\34_20210115 (6332).JPG;0
\jabali\WILDBOAR_ZOO_1_4\7_20201118 (868).JPG;1
\humanovehiculo\humanovehiculo_PNC_2014_manuel\c16278IM000001.JPG;1
\cervidae\ciervo_PNC_2014_ISAAC\c23718IMAG0058.JPG;1
\cervidae\gamo_Javi_3_JC\21_20201025 (263).JPG;1
\vaca\COW_ZOO_5_6_7_9\2_20210319 (3131).JPG;1
\meloncillo\meloncillo_PNM_2013-O_ME\f27631IMAG0188.JPG;1
\leporido\rabbit_CaltechCameraTrap_ME\5a049293-23d2-11e8-a6a3-ec086b02610b.jpg;1
\vacia\NOANIMAL_ZOO_5_6_7_9\44_20210418 (130).JPG;0
\cervidae\CERVIDREDORFALLOWDEER_ZOO_1_4\2_20201117 (2687).JPG;1
\jabali\jabali_PNC_2013-O_RED_ISAAC\b12409IM000041.JPG;1
\vacia\empty_caltechCameraTraps\5a2af384-23d2-11e8-a6a3-ec086b02610b.jpg;0
\vacia\NOANIMAL_ZOO_1_4\26_20201020 (12634).JPG;0
\vacia\NOANIMAL_ZOO_1_4\6_20201116 (6518).JPG;0
\leporido\LEPORIDRABBITORHARE_ZOO_1_4\6_20201023 (2617).JPG;1
\vacia\NOANIMAL_ZOO_5_6_7_9\36_20210618 (7952).JPG;0
\leporido\conejo_alumno_1_TH\Conejo_alumno_2_AM_JC\Orycun (13)_frame130.jpg;1
\vacia\NOANIMAL_ZOO_5_6_7_9\28_20210417 (439).JPG;0
\vacia\NOANIMAL_ZOO_5_6_7_9\25_20210417 (2291).JPG;0
\cervidae\CERVIDREDORFALLOWDEER_ZOO_5_6_7_9\37_20210319 (1354).JPG;1
\lince\Lince_b_Linces2_Leo_JC\lince163 (55).JPG;1
\vacia\empty_IslandConservationCameraTraps\dominicanrepublic_cam1826junio2015_20150504_130134_img_0262.jpg;0
\gato_domestico\cat_IslandConservationCameraTraps\palau_cam04a12132018_20180928_181207_rcnx1517.jpg;1
\cervidae\CERVIDREDORFALLOWDEER_ZOO_5_6_7_9\39_20210318 (351).JPG;1
\vacia\NOANIMAL_ZOO_5_6_7_9\21_20210615 (1969).JPG;0
\gato_domestico\cat_IslandConservationCameraTraps\palau_cam13a12132018_20181024_030227_rcnx0959.jpg;1
\vacia\vacia_alumno_1_AM\40_20201024 (7631).JPG;0
\jabali\jabali_vacías_humanos_PNC_2012_ME\a14214IM000133.JPG;1
\vacia\empty_SnapshotMountainZebra\MTZ_S1_G04_R3_IMAG0799.JPG;0
\cervidae\gamo_Javi_3_JC\21_20201025 (326).JPG;1
\leporido\rabbit_CaltechCameraTrap_ME\587eed13-23d2-11e8-a6a3-ec086b02610b.jpg;1
\lince\Lince_a_Linces2_Leo_JC\lince110 (82).JPG;1
\cervidae\CERVIDREDORFALLOWDEER_ZOO_1_4\15_20201215 (6808).JPG;1
\vacia\empty_caltechCameraTraps\5a0b037e-23d2-11e8-a6a3-ec086b02610b.jpg;0
\cervidae\CIERVO_PNM_2012_ISAAC\d16308IM000035.JPG;1
\ave\ave_PNC_2014_manuel\c3701IMAG0044.JPG;1
\vacia\empty_SnapshotMountainZebra\MTZ_S1_C06_R3_IMAG1046.JPG;0
\vacia\vacia_Paco_Carro_JC\IMG_0042.JPG;0
\jabali\Jabali1_diego_2_rev_donana\28_20201019 (1625).JPG;1
\cervidae\CERVIDREDORFALLOWDEER_ZOO_1_4\1_20210115 (104).JPG;1
\cervidae\CERVIDREDORFALLOWDEER_ZOO_1_4\15_20201117 (4307).JPG;1
\vacia\empty_SnapshotMountainZebra\MTZ_S1_D05_R1_IMAG2029.JPG;0
\cervidae\deer_CaltechCameraTrap\59c99c72-23d2-11e8-a6a3-ec086b02610b.jpg;1
\cervidae\CERVIDREDORFALLOWDEER_ZOO_5_6_7_9\15_20210219 (2717) (2021_04_15 06_16_22 UTC).JPG;1
\vacia\NOANIMAL_ZOO_5_6_7_9\20_20210219 (153) (2021_04_15 06_16_22 UTC).JPG;0
\vacia\NOANIMAL_ZOO_5_6_7_9\24_20210318 (15034).JPG;0
\caballo\HORSE_ZOO_1_4\15_20210117 (1614).JPG;1
\cervidae\ciervo_vacías_humanos_PNC_2012_ME\a44496IM000082.JPG;1
\cervidae\cervidae_ME_rev_3_donana\34_20201024 (2807).JPG;1
\vacia\empty_IslandConservationCameraTraps\ecuador1_ic1611_20150101_000001_img_1073.jpg;0
\humanovehiculo\humanovehiculo_PNC_2014_manuel\c13969IMAG0066.JPG;1
\garduna\Garduna_PNM_2013-0_ME\f17000IMAG0967.JPG;1
\vacia\NOANIMAL_ZOO_5_6_7_9\50_20210408 (20546).JPG;0
\vaca\COW_ZOO_1_4\21_20201217 (2928).JPG;1
\leporido\LEPORIDRABBITORHARE_ZOO_1_4\21_20201025 (1448).JPG;1
\cervidae\CERVIDREDORFALLOWDEER_ZOO_1_4\25_20201024 (1147).JPG;1
\vacia\vacia_alumno_AM_2\42_20201026 (65).JPG;0
\ave\aves_fotosManuelEmilio20200912\IMG_0737.JPG;1
\vaca\COW_ZOO_5_6_7_9\39_20210417 (1855).JPG;1
\vacia\NOANIMAL_ZOO_1_4\34_20210115 (2270).JPG;0
\caballo\caballos_alumno_AM\caballos_alumno_AM\9_20201712 (1291).JPG;1
\jabali\WILDBOAR_ZOO_5_6_7_9\48_20210418 (841).JPG;1
\zorro\zorro_PNC_2013-O_RED_ISAAC\b1065IM000100.JPG;1
\ave\ave_Paco_Carro_JC\IMG_0114.JPG;1
\cervidae\ciervo_PNM_2012_ME\d11870IM000048.JPG;1
\humanovehiculo\humano_vehiculo_PNC_2013-I_ISAAC\5173IM000011.JPG;1
\tejon\Tejon_PEPE_IREC_JC\IMAG0075_(3).JPG;1
\leporido\2_conejo_Paco_Carro_JC\PICT1598.JPG;1
\cervidae\CERVIDREDORFALLOWDEER_ZOO_1_4\9_20201025 (778).JPG;1
\zorro\REDFOX_ZOO_5_6_7_9\11_20210615 (1085).JPG;1
\vacia\NOANIMAL_ZOO_5_6_7_9\11_20210615 (5994).JPG;0
\tejon\Badger_mammalWeb\20806.jpg;1
\vacia\Nothing_mammalWeb\7125.jpg;0
\vacia\vacias_1_de_2_PNC_2012_ISAAC\a39418IMAG1173.JPG;0
\vacia\NOANIMAL_ZOO_1_4\7_20210115 (3670).JPG;0
\vaca\COW_ZOO_5_6_7_9\9_20210615 (2045).JPG;1
\lince\Lince_a_Linces2_Leo_JC\Lince60 (78).jpg;1
\humanovehiculo\humanovehiculo_PNC_2014_manuel\c27067IMAG0007.JPG;1
\vacia\NOANIMAL_ZOO_5_6_7_9\50_20210408 (7121).JPG;0
\leporido\2_conejo_Paco_Carro_JC\PICT0676.JPG;1
\cervidae\CERVIDREDORFALLOWDEER_ZOO_1_4\15_20201215 (6483).JPG;1
\meloncillo\meloncillo_Leo_Otra_fauna_PASADA_POR_LA_RED_JC\Otrafauna (1690).JPG;1
\leporido\conejo_WellingtonCameraTraps_SS\0107150857540889S041.JPG;1
\vacia\NOANIMAL_ZOO_1_4\7_20210115 (3265).JPG;0
\cervidae\CERVIDREDORFALLOWDEER_ZOO_1_4\34_20201024 (4429).JPG;1
\vacia\vacias_PNC_2013-I_RED_ME\6111IM000173.JPG;0
\zorro\REDFOX_ZOO_5_6_7_9\11_20210418 (1578).JPG;1
\vacia\NOANIMAL_ZOO_1_4\7_20210115 (1084).JPG;0
\vacia\NOANIMAL_ZOO_5_6_7_9\2_20210417 (18370).JPG;0
\gato_domestico\gato_WellingtonCameraTraps_SS\031116151834045as431.JPG;1
\cervidae\ciervo_PNC_2014_ISAAC\c30148IM000060.JPG;1
\cervidae\CERVIDREDORFALLOWDEER_ZOO_5_6_7_9\19_20210319 (140).JPG;1
\leporido\rabbit_CaltechCameraTrap_ME\58c7f255-23d2-11e8-a6a3-ec086b02610b.jpg;1
\lince\Lince_a_Linces2_Leo_JC\lince91 (198).JPG;1
\vacia\empty_IslandConservationCameraTraps\dominicanrepublic_cam0425abril2015_20130808_032301_sunp0950.jpg;0
\caballo\caballos_alumno_AM\caballos_alumno_AM\9_20201712 (1580).JPG;1
\gato_domestico\cat_CaltechCameraTrap\5a0494ee-23d2-11e8-a6a3-ec086b02610b.jpg;1
\cervidae\ciervo_PNC_2014_ISAAC\c23301IM000031.JPG;1
\leporido\rabbit_IslandConservationCameraTraps\chile_vaqueria2013_20022013181913.jpg;1
\vacia\empty_SnapshotMountainZebra\MTZ_S1_D05_R1_IMAG2949.JPG;0
\gato_domestico\cat_IslandConservationCameraTraps\ecuador1_ic1619_20180723_151054_img_0033.jpg;1
\vacia\vacias_PNC_2014_ISAAC\c8347IM000695.JPG;0
\vacia\vacia_alumno_TH_3_TH_JC\26_20201020 (13734).JPG;0
\zorro\Zorro_PNC_2014_JC\c24981IM000018.JPG;1
\cervidae\CERVIDREDORFALLOWDEER_ZOO_5_6_7_9\5_20210219 (1764) (2021_04_15 06_16_22 UTC).JPG;1
\vacia\NOANIMAL_ZOO_5_6_7_9\36_20210618 (6752).JPG;0
\leporido\conejo_PNM_2012_ME\d4542IM000821.JPG;1
\leporido\Rabbit_mammalWeb\36776.jpg;1
\cervidae\CERVIDREDORFALLOWDEER_ZOO_5_6_7_9\15_20210219 (2537) (2021_04_15 06_16_22 UTC).JPG;1
\vaca\COW_ZOO_5_6_7_9\21_20200113 (2446) (2021_04_15 06_16_22 UTC).JPG;1
\zorro\zorro_PNC_2014_manuel\c17166IM000036.JPG;1
\vacia\empty_SnapshotMountainZebra\MTZ_S1_G04_R3_IMAG0165.JPG;0
\vacia\NOANIMAL_ZOO_1_4\13_20201219 (530).JPG;0
\ave\3_ave_Soraya_Padilla_Alumno_1_TH\IMAG0176_frame100.jpg;1
\vacia\NOANIMAL_ZOO_1_4\6_20201812 (15262).JPG;0
\jabali\WILDBOAR_ZOO_1_4\37_20201024 (12752).JPG;1
\vacia\empty_SnapshotMountainZebra\MTZ_S1_D06_R1_IMAG1495.JPG;0
\cervidae\ciervo_PNC_2013-I_RED_ME\7467IM000044.JPG;1
\vacia\empty_IslandConservationCameraTraps\dominicanrepublic_cam0425abril2015_20130808_032838_sunp0972.jpg;0
\cervidae\cervidae_Javi_3_JC\30_20201021 (11898).JPG;1
\cervidae\CERVIDREDORFALLOWDEER_ZOO_5_6_7_9\21_20210615 (182).JPG;1
\vacia\NOANIMAL_ZOO_5_6_7_9\24_20210615 (14619).JPG;0
\zorro\Zorro_PNC_2014_JC\c25330IM000053.JPG;1
\zorro\Zorro_PNC_2014_JC\c24999IM000103.JPG;1
\vacia\NOANIMAL_ZOO_5_6_7_9\50_20210408 (18879).JPG;0
\vacia\NOANIMAL_ZOO_1_4\6_20201116 (1227).JPG;0
\gineta\Gineta_alumno_2_AM_JC\vlcsnap-2019-11-11-21h25m30s632.png;1
\vacia\SnampshotEnonkishu\ENO_S1_D06_R1_IMAG2379.JPG;0
\vacia\empty_SnapshotMountainZebra\MTZ_S1_E06_R1_IMAG1449.JPG;0
\humanovehiculo\humano_vehiculo_PNM_2012_ISAAC\d13380IM000009.JPG;1
\vacia\empty_caltechCameraTraps\59ec5529-23d2-11e8-a6a3-ec086b02610b.jpg;0
\vacia\NOANIMAL_ZOO_5_6_7_9\36_20210618 (5553).JPG;0
\caballo\caballos_simone\4_20201220 (7375).JPG;1
\caballo\HORSE_ZOO_1_4\10_20201218 (2961).JPG;1
\vacia\NOANIMAL_ZOO_1_4\6_20201812 (11780).JPG;0
\vacia\empty_SnapshotMountainZebra\MTZ_S1_D05_R1_IMAG2708.JPG;0
\jabali\WILDBOAR_ZOO_5_6_7_9\20_20210219 (3146) (2021_04_15 06_16_22 UTC).JPG;1
\micromamiferos\rodent_CaltechCameraTrap_JC\Roedor_ rodent_CaltechCameraTrap_JC\58aa5935-23d2-11e8-a6a3-ec086b02610b.jpg;1
\jabali\WILDBOAR_ZOO_1_4\31_20201117 (31).JPG;1
\micromamiferos\micromamifero_WellingtonCameraTraps_SS\030716025314038cs522.JPG;1
\jabali\WILDBOAR_ZOO_1_4\11_20201027 (31).JPG;1
\jabali\WILDBOAR_ZOO_1_4\37_20201215 (1935).JPG;1
\vacia\NOANIMAL_ZOO_1_4\6_20201116 (4183).JPG;0
\vacia\NOANIMAL_ZOO_1_4\7_20210115 (1801).JPG;0
\jabali\2_jabali_javi_JC\37_20201024 (896).JPG;1
\vacia\NOANIMAL_ZOO_1_4\26_20201117 (2623).JPG;0
\vacia\NOANIMAL_ZOO_1_4\6_20201812 (8899).JPG;0
\vacia\NOANIMAL_ZOO_1_4\26_20201020 (17243).JPG;0
\vacia\vacias_1_de_2_PNC_2012_ISAAC\a38912IMAG0654.JPG;0
\caballo\domesticanimal_SnapshotCamdeboo\CDB_S1_B04_R2_IMAG0228.JPG;1
\ave\American Crow_ena24\8250.jpg;1
\mapache\raccoon_CaltechCameraTrap_ME\5921634f-23d2-11e8-a6a3-ec086b02610b.jpg;1
\vacia\empty_caltechCameraTraps\59bacae9-23d2-11e8-a6a3-ec086b02610b.jpg;0
\cervidae\ciervo_Javi_3_JC\10_20201019 (646).JPG;1
\leporido\rabbit_CaltechCameraTrap_ME\587b7da0-23d2-11e8-a6a3-ec086b02610b.jpg;1
\vacia\NOANIMAL_ZOO_1_4\34_20210115 (7784).JPG;0
\cervidae\CERVIDREDORFALLOWDEER_ZOO_5_6_7_9\28_20210615 (258).JPG;1
\vacia\vacia_javi_2_JC\38_20201019 (242).JPG;0
\ave\ave_PNC_2013-O_RED_ISAAC\b4460IMAG0335.JPG;1
\vacia\NOANIMAL_ZOO_5_6_7_9\22_20210417 (5716).JPG;0
\vacia\vacia_Paco_Carro_JC\01130981.JPG;0
\gato_domestico\cat_IslandConservationCameraTraps\palau_cam13a12132018_20181210_160830_rcnx1761.jpg;1
\ave\Crow_mammalWeb\12919.jpg;1
\leporido\Rabbit_mammalWeb\7352.jpg;1
\gineta\gineta_PNM_2013-O_ISAAC\f2014IM000214.JPG;1
\cervidae\CERVIDREDORFALLOWDEER_ZOO_1_4\21_20201025 (1360).JPG;1
\vacia\empty_caltechCameraTraps\5a14a390-23d2-11e8-a6a3-ec086b02610b.jpg;0
\vacia\empty_SnapshotMountainZebra\MTZ_S1_G04_R3_IMAG0631.JPG;0
\humanovehiculo\humanovehiculo_PNM_2013-I_ME\e12IMAG0002.JPG;1
\cervidae\ciervo_simone_2\34_20201024 (4291).JPG;1
\vacia\NOANIMAL_ZOO_5_6_7_9\31_20210615 (607).JPG;0
\leporido\rabbit_CaltechCameraTrap_ME\593d6858-23d2-11e8-a6a3-ec086b02610b.jpg;1
\caballo\caballo_Paco_Carro_JC\PICT0512.JPG;1
\gineta\gineta_Saul Martin_FRAMES_SIN_REPETIDOS_REVISADOS_DIEGO\IMAG0017_frame500.jpg;1
\vacia\empty_SnapshotKaroo\KAR_S1_F02_R1_IMAG1063.JPG;0
\caballo\HORSE_ZOO_1_4\2_20201117 (3644).JPG;1
\vacia\NOANIMAL_ZOO_1_4\10_20201117 (3160).JPG;0
\jabali\jabali_PNM_2013-O_ME\f14550IMAG0474.JPG;1
\lince\linces_fecha_Linces2_Leo_JC\2_Lince_flecha_Linces2_Leo_JC\lince178 (50).JPG;1
\vacia\empty_IslandConservationCameraTraps\dominicanrepublic_cam0425abril2015_20130815_051836_sunp2632.jpg;0
\vacia\NOANIMAL_ZOO_1_4\17_20201026 (897).JPG;0
\jabali\jabali_PNC_2013-O_RED_ISAAC\b19647IMAG0224.JPG;1
\gato_domestico\cat_CaltechCameraTrap\5911d77a-23d2-11e8-a6a3-ec086b02610b.jpg;1
\cervidae\Ciervo_PNC_2014_JC\c15608IM000020.JPG;1
\ave\chicken_IslandConservationCameraTraps\palau_cam13a12132018_20181101_083224_rcnx1094.jpg;1
\leporido\rabbit_IslandConservationCameraTraps\chile_frances022013_26052013115644.jpg;1
\micromamiferos\micromamifero_WellingtonCameraTraps_SS\030716051108038cs522.JPG;1
\leporido\Rabbit_mammalWeb\39384.jpg;1
\vacia\NOANIMAL_ZOO_5_6_7_9\25_20210417 (1781).JPG;0
\cervidae\CERVIDREDORFALLOWDEER_ZOO_5_6_7_9\35_20210218 (2527) (2021_04_15 06_16_22 UTC).JPG;1
\gato_domestico\gato_WellingtonCameraTraps_SS\210416181632031bs162.JPG;1
\jabali\jabali_alumno_1_AM_2\33_20201025 (247).JPG;1
\cervidae\CERVIDREDORFALLOWDEER_ZOO_1_4\18_20201024 (343).JPG;1
\vacia\vacias_2_de_2_PNC_2012_ISAAC\a4315IM000150.JPG;0
\vacia\NOANIMAL_ZOO_5_6_7_9\32_20210417 (7666).JPG;0
\lince\Lince_a_Linces2_Leo_JC\lince86 (169).JPG;1
\zorro\zorro_PNM_2012_ME\d3409IM000018.JPG;1
\leporido\rabbit_CaltechCameraTrap_ME\59ddc21f-23d2-11e8-a6a3-ec086b02610b.jpg;1
\cervidae\corzo_alumno_2_AM_JC\STC_0077_frame090.jpg;1
\leporido\rabbit_IslandConservationCameraTraps\chile_frances012013_0801201365813.jpg;1
\cervidae\CERVIDREDORFALLOWDEER_ZOO_5_6_7_9\28_20210615 (1235).JPG;1
\cervidae\3_ciervo_simone_2\34_20201024 (3962).JPG;1
\vaca\COW_ZOO_1_4\15_20201117 (574).JPG;1
\vacia\Nothing_mammalWeb\93572.jpg;0
\vacia\empty_IslandConservationCameraTraps\dominicanrepublic_cam12018mayo2017_20170302_151932_img_0015.jpg;0
\vacia\empty_SnapshotMountainZebra\MTZ_S1_D06_R1_IMAG2770.JPG;0
\vacia\empty_SnapshotMountainZebra\MTZ_S1_C06_R3_IMAG2528.JPG;0
\cervidae\ciervo_PNC_2013-I_RED_ME\8997IM000094.JPG;1
\zorro\Zorro_PNC_2014_JC\c5731IM000020.JPG;1
\vacia\NOANIMAL_ZOO_1_4\6_20201812 (8959).JPG;0
\vacia\empty_SnapshotMountainZebra\MTZ_S1_D06_R1_IMAG0055.JPG;0
\caballo\HORSE_ZOO_1_4\9_20210114 (1387).JPG;1
\lince\Lince_a_Linces2_Leo_JC\Lince57 (191).JPG;1
\vacia\NOANIMAL_ZOO_5_6_7_9\20_20210319 (4877).JPG;0
\cervidae\CERVIDREDORFALLOWDEER_ZOO_1_4\10_20201218 (3588).JPG;1
\cervidae\ciervo_Javi_3_JC\21_20201025 (142).JPG;1
\garduna\Garduna_PNM_2013-0_ME\f22647IM000156.JPG;1
\vacia\vacia_alumno_AM_2\26_20201020 (2458).JPG;0
\vacia\NOANIMAL_ZOO_5_6_7_9\50_20210408 (7658).JPG;0
\leporido\rabbit_CaltechCameraTrap_ME\593ef5b1-23d2-11e8-a6a3-ec086b02610b.jpg;1
\vacia\empty_SnapshotMountainZebra\MTZ_S1_D06_R1_IMAG2565.JPG;0
\cervidae\deer_CaltechCameraTrap\5a1e51fb-23d2-11e8-a6a3-ec086b02610b.jpg;1
\cervidae\corzo_alumno_2_AM_JC\DSCF0035_frame020.jpg;1
\lince\Lince_b_Linces2_Leo_JC\lince144 (211).JPG;1
\vacia\NOANIMAL_ZOO_5_6_7_9\19_20210219 (1420) (2021_04_15 06_16_22 UTC).JPG;0
\vacia\NOANIMAL_ZOO_1_4\20_20210115 (1085).JPG;0
\humanovehiculo\humano_vehiculo_PNM_2013-O_ISAAC\f57IM000017.JPG;1
\vacia\NOANIMAL_ZOO_5_6_7_9\19_20210618 (542).JPG;0
\cervidae\CERVIDREDORFALLOWDEER_ZOO_5_6_7_9\19_20210417 (1488).JPG;1
\zorro\Zorro_PNC_2013-O_ME\b614IMAG0096.JPG;1
\gato_domestico\gato_WellingtonCameraTraps_SS\1105150526000235S132.JPG;1
\lince\Lince_a_Linces2_Leo_JC\Lince54 (141).JPG;1
\lince\Lince_b_Linces2_Leo_JC\lince147 (2).JPG;1
\jabali\WILDBOAR_ZOO_1_4\41_20201025 (26).JPG;1
\jabali\jabali_vacías_humanos_PNC_2012_ME\a35086IM000060.JPG;1
\vacia\NOANIMAL_ZOO_1_4\26_20201020 (14365).JPG;0
\cervidae\CERVIDREDORFALLOWDEER_ZOO_5_6_7_9\16_20210615 (161).JPG;1
\zorro\Zorro_PNC_2014_JC\c15536IM000013.JPG;1
\zorro\ZORRO_PNM_2013-I_ISAAC\e1990IM000481.JPG;1
\cervidae\ciervo_alumno_2_TH\26_20201020 (1832).JPG;1
\vacia\NOANIMAL_ZOO_5_6_7_9\20_20210618 (7065).JPG;0
\leporido\liebre\Liebre_PNC_2012_JC\a44553IM000132.JPG;1
\vacia\NOANIMAL_ZOO_5_6_7_9\24_20210418 (18437).JPG;0
\vacia\NOANIMAL_ZOO_5_6_7_9\24_20210418 (17391).JPG;0
\cervidae\deer_CaltechCameraTrap\593ef51f-23d2-11e8-a6a3-ec086b02610b.jpg;1
\cervidae\CERVIDREDORFALLOWDEER_ZOO_1_4\1_20201220 (510).JPG;1
\humanovehiculo\car_CaltechCameraTrap_ME\vehiculo\58d61563-23d2-11e8-a6a3-ec086b02610b.jpg;1
\cervidae\ciervo_simone_2\37_20201024 (2311).JPG;1
\cervidae\CERVIDREDORFALLOWDEER_ZOO_5_6_7_9\46_20210618 (1507).JPG;1
\zorro\zorro_PNM_2013-O_ISAAC\f12606IM000021.JPG;1
\vacia\vacia_revGinetasJC_REV1_4_donana\14_20201218 (335).JPG;0
\vacia\NOANIMAL_ZOO_1_4\6_20201812 (9298).JPG;0
\humanovehiculo\HUMANORVEHICLE_ZOO_5_6_7_9\19_20210618 (5404).JPG;1
\vacia\NOANIMAL_ZOO_5_6_7_9\24_20210615 (22038).JPG;0
\jabali\WILDBOAR_ZOO_1_4\15_20201215 (5838).JPG;1
\leporido\rabbit_IslandConservationCameraTraps\chile_frances022013_04052013105914.jpg;1
\vacia\empty_IslandConservationCameraTraps\palau_cam6a12132018_20180822_123939_rcnx0058.jpg;0
\vacia\vacia_alumno_1_AM\40_20201024 (545).JPG;0
\ave\ave_Soraya_Padilla_Alumno_1_TH\DSCF0034_frame060.jpg;1
\vacia\NOANIMAL_ZOO_1_4\6_20201812 (11831).JPG;0
\lince\linces_fecha_Linces2_Leo_JC\2_Lince_flecha_Linces2_Leo_JC\lince172 (77).JPG;1
\vacia\NOANIMAL_ZOO_5_6_7_9\24_20210418 (6543).JPG;0
\leporido\rabbit_CaltechCameraTrap_ME\596294f9-23d2-11e8-a6a3-ec086b02610b.jpg;1
\leporido\conejo_Paco_Carro_JC\PICT0870 (3).JPG;1
\lince\Lince_a_Linces2_Leo_JC\lince90 (124).JPG;1
\gato_domestico\gato_WellingtonCameraTraps_SS\251215220556012cs515.JPG;1
\zorro\fox_CaltechCameraTrap_ME\5a0fd1e9-23d2-11e8-a6a3-ec086b02610b.jpg;1
\vaca\cow_CaltechCameraTrap\59439c58-23d2-11e8-a6a3-ec086b02610b.jpg;1
\vacia\NOANIMAL_ZOO_5_6_7_9\24_20210418 (9615).JPG;0
\cervidae\CERVIDREDORFALLOWDEER_ZOO_1_4\28_20201218 (14870).JPG;1
\lince\Lince_b_Linces2_Leo_JC\lince230 (49).jpg;1
\vaca\COW_ZOO_1_4\6_20201116 (2978).JPG;1
\caballo\caballos_simone\4_20201220 (186).JPG;1
\vacia\vacia_alumno_2_TH\35_20201021 (93).JPG;0
\humanovehiculo\car_CaltechCameraTrap_ME\vehiculo\5995acaf-23d2-11e8-a6a3-ec086b02610b.jpg;1
\leporido\rabbit_IslandConservationCameraTraps\chile_piedra012013_01042013131308.jpg;1
\vacia\vacias_1_de_2_PNC_2012_ISAAC\a52871IM000219.JPG;0
\micromamiferos\micromamiferos_Paco_Carro_JC\IMG_0139 (2).JPG;1
\vacia\NOANIMAL_ZOO_1_4\6_20201812 (9710).JPG;0
\vacia\NOANIMAL_ZOO_1_4\28_20201019 (331).JPG;0
\micromamiferos\rodent_CaltechCameraTrap_JC\Roedor_ rodent_CaltechCameraTrap_JC\588f65b1-23d2-11e8-a6a3-ec086b02610b.jpg;1
\vacia\vacias_PNC_2014_ISAAC\c11434IMAG0199.JPG;0
\vacia\vacias_1_de_2_PNC_2012_ISAAC\a34989IMAG0105.JPG;0
\lince\Lince_a_Linces2_Leo_JC\Lince46 (64).JPG;1
\micromamiferos\rat_IslandConservationCameraTraps\micronesia_cam06_cam06june2019_pig_20190629192645_11244.jpg;1
\garduna\garduna_PNM_2013-O_ME\f18650IM000503.JPG;1
\ave\ave_ave_WellingtonCameraTraps_SS\050216071600003a9705.JPG;1
\leporido\rabbit_IslandConservationCameraTraps\chile_frances022013_2304201392209.jpg;1
\humanovehiculo\humanovehiculo_PNC_2013-O_RED_ISAAC\b7826IM000002.JPG;1
\zorro\REDFOX_ZOO_1_4\37_20201215 (607).JPG;1
\jabali\WILDBOAR_ZOO_1_4\38_20201019 (244).JPG;1
\gato_domestico\gato_WellingtonCameraTraps_SS\02101519244003791131.JPG;1
\meloncillo\Meloncillo_PEPE_IREC_JC\IMAG0085.JPG;1
\leporido\conejo_PNM_2012_ME\d15226IM000152.JPG;1
\jabali\jabali_PNC_2013-O_RED_ISAAC\b59IM000063.JPG;1
\vacia\NOANIMAL_ZOO_5_6_7_9\49_20210418 (16805).JPG;0
\cervidae\ciervo_PNC_2014_ISAAC\c24729IMAG0055.JPG;1
\leporido\rabbit_IslandConservationCameraTraps\chile_piedra012013_2101201313013.jpg;1
\humanovehiculo\humano_vehiculo_PNM_2013-O_ME\f23692IM000010.JPG;1
\lince\Lince_a_Linces2_Leo_JC\lince125 (289).JPG;1
\vacia\vacia_alumno_2_AM_JC\DSCF0097_frame153.jpg;0
\cervidae\cervidae_alumno_1_AM_2\30_20201021 (12084).JPG;1
\ave\ave_Soraya_Padilla_Alumno_1_TH\DSCF0055_frame050.jpg;1
\vacia\Nothing_mammalWeb\49020.jpg;0
\vacia\empty_IslandConservationCameraTraps\ecuador1_ic1611_20150101_000005_img_2496.jpg;0
\gato_domestico\cat_IslandConservationCameraTraps\palau_cam13a12132018_20181210_160831_rcnx1762.jpg;1
\vacia\SnampshotEnonkishu\ENO_S1_B03_R1_IMAG1487.JPG;0
\jabali\jabali_javi_JC\28_20201019 (1540).JPG;1
\vaca\2_vaca_Paco_Carro_JC\PICT0025.JPG;1
\humanovehiculo\car_CaltechCameraTrap_ME\vehiculo\58a1ca02-23d2-11e8-a6a3-ec086b02610b.jpg;1
\cervidae\ciervo_vacías_humanos_PNC_2012_ME\a23431IM000081.JPG;1
\zorro\ZORRO_PNM_2013-I_ISAAC\e745IM000019.JPG;1
\caballo\HORSE_ZOO_1_4\15_20201117 (3198).JPG;1
\leporido\rabbit_CaltechCameraTrap_ME\5965aa3c-23d2-11e8-a6a3-ec086b02610b.jpg;1
\vacia\vacia_alumno_1_AM\10_20201019 (287).JPG;0
\ave\ave_ave_WellingtonCameraTraps_SS\121116081208023a9231.JPG;1
\vacia\NOANIMAL_ZOO_5_6_7_9\25_20210417 (6433).JPG;0
\cervidae\deer_CaltechCameraTrap\59aada46-23d2-11e8-a6a3-ec086b02610b.jpg;1
\humanovehiculo\HUMANORVEHICLE_ZOO_5_6_7_9\22_20210615 (13645).JPG;1
\zorro\Zorro_Pepe_IREC\Zorro_Pepe_Irec_ME\IMAG0465_(4).JPG;1
\vacia\vacias_2_de_2_PNC_2012_ISAAC\a872IM000218.JPG;0
\perro\5_perro_Leo_Otra_fauna_PASADA_POR_LA_RED_JC\Otrafauna (145).JPG;1
\cervidae\Ciervo_PNC_2014_javier\f11335IM000352.JPG;1
\cervidae\deer_CaltechCameraTrap\5992903e-23d2-11e8-a6a3-ec086b02610b.jpg;1
\vacia\NOANIMAL_ZOO_1_4\37_20201116 (1105).JPG;0
\zorro\zorro_vacías_humanos_PNC_2012_ME\a47471IM000098.JPG;1
\vacia\empty_SnapshotMountainZebra\MTZ_S1_E06_R3_IMAG0567.JPG;0
\cervidae\ciervo_PNC_2014_ISAAC\c7097IM000028.JPG;1
\cervidae\deer_CaltechCameraTrap\5a263a16-23d2-11e8-a6a3-ec086b02610b.jpg;1
\cervidae\CERVIDREDORFALLOWDEER_ZOO_1_4\21_20201119 (3435).JPG;1
\lince\linces_fecha_Linces2_Leo_JC\2_Lince_flecha_Linces2_Leo_JC\lince70 (132).JPG;1
\cervidae\ciervo_simone_2\40_20201024 (2778).JPG;1
\cervidae\CERVIDREDORFALLOWDEER_ZOO_1_4\21_20201025 (591).JPG;1
\humanovehiculo\HUMANORVEHICLE_ZOO_1_4\39_20201019 (560).JPG;1
\gineta\Gineta_ME\f3567IM000030.JPG;1
\ave\OTHERSPECIES_ZOO_1_4\15_20210117 (2835).JPG;1
\cervidae\ciervo_PNC_2014_ISAAC\c13152IMAG0097.JPG;1
\micromamiferos\micromamiferos_Paco_Carro_JC\IMG_0567.JPG;1
\gineta\gineta_Saul Martin_FRAMES_SIN_REPETIDOS_REVISADOS_DIEGO\IMAG0009_frame240.jpg;1
\ave\Chicken_ena24\6430.jpg;1
\caballo\HORSE_ZOO_1_4\15_20210117 (10807).JPG;1
\vacia\vacia_Paco_Carro_JC\IMG_0560.JPG;0
\leporido\conejo_Paco_Carro_JC\01050086.JPG;1
\vacia\NOANIMAL_ZOO_1_4\15_20210117 (4157).JPG;0
\cervidae\ciervo_vacías_humanos_PNC_2012_ME\a6654IM000031.JPG;1
\caballo\HORSE_ZOO_1_4\2_20201215 (5361).JPG;1
\leporido\rabbit_IslandConservationCameraTraps\chile_frances022013_04052013110823.jpg;1
\caballo\caballo_Paco_Carro_JC\PICT0502.JPG;1
\jabali\Jabalí_PNC_2013-O_ME\b6367FILE0058.JPG;1
\jabali\jabali_vacías_humanos_PNC_2012_ME\a30233IM000038.JPG;1
\mapache\raccoon_CaltechCameraTrap_ME\59a30c04-23d2-11e8-a6a3-ec086b02610b.jpg;1
\lince\Lince_a_Linces2_Leo_JC\lince103 (381).JPG;1
\humanovehiculo\humano_vehiculo_PNC_2013-I_ISAAC\4486IMAG0465.JPG;1
\mapache\raccoon_CaltechCameraTrap_ME\58b9d695-23d2-11e8-a6a3-ec086b02610b.jpg;1
\zorro\2_zorros_PNC_2014_JC\c26066IM000042.JPG;1
\vacia\NOANIMAL_ZOO_1_4\34_20210115 (166).JPG;0
\vacia\empty_SnapshotMountainZebra\MTZ_S1_E06_R3_IMAG1714.JPG;0
\humanovehiculo\HUMANORVEHICLE_ZOO_5_6_7_9\1_20210618 (445).JPG;1
\garduna\Garduña_PNC_2014_JC\c13324IMAG0030.JPG;1
\lince\Lince_a_Linces2_Leo_JC\Lince60 (514).JPG;1
\jabali\jabali_PNM_2012_ME\d10252IM000302.JPG;1
\vacia\NOANIMAL_ZOO_1_4\6_20201812 (9267).JPG;0
\vacia\NOANIMAL_ZOO_5_6_7_9\25_20210417 (15853).JPG;0
\vacia\empty_SnapshotCamdeboo\CDB_S1_F03_R2_IMAG1566.JPG;0
\vacia\empty_IslandConservationCameraTraps\dominicanrepublic_cam0425abril2015_20130820_071947_sunp3416.jpg;0
\cervidae\CERVIDREDORFALLOWDEER_ZOO_5_6_7_9\17_20210218 (130) (2021_04_15 06_16_22 UTC).JPG;1
\ave\ave_Soraya_Padilla_Alumno_1_TH\DSCF0068_frame070.jpg;1
\ave\ave_ave_WellingtonCameraTraps_SS\030216143936003c9353.JPG;1
\zorro\Zorro_PNM_2013-0_ME\f21204IM000698.JPG;1
\vacia\NOANIMAL_ZOO_1_4\6_20201812 (9740).JPG;0
\vacia\SnampshotEnonkishu\ENO_S1_B03_R1_IMAG1563.JPG;0
\vaca\COW_ZOO_1_4\15_20201024 (8053).JPG;1
\vacia\NOANIMAL_ZOO_1_4\28_20201218 (1431).JPG;0
\mapache\raccoon_CaltechCameraTrap_ME\58b2ef50-23d2-11e8-a6a3-ec086b02610b.jpg;1
\cervidae\ciervo_vacías_humanos_PNC_2012_ME\a19161IM000292.JPG;1
\vacia\empty_IslandConservationCameraTraps\ecuador2_ic1607_20150122_064030_img_1043.jpg;0
\lince\Lince_a_Linces2_Leo_JC\Lince58 (139).JPG;1
\vacia\vacia_Soraya_Padilla_Alumno_1_TH\IMAG0106_frame220.jpg;0
\lince\Lince_a_Linces2_Leo_JC\lince50 (113).JPG;1
\humanovehiculo\humano_vehiculo_PNM_2012_ISAAC\d15997FILE0001.JPG;1
\cervidae\CERVIDREDORFALLOWDEER_ZOO_5_6_7_9\15_20210219 (3909) (2021_04_15 06_16_22 UTC).JPG;1
\cervidae\cervidae_PNM_2013-I_ISAAC\e4995IMAG0039.JPG;1
\caballo\HORSE_ZOO_1_4\15_20201117 (3388).JPG;1
\jabali\WILDBOAR_ZOO_1_4\22_20210115 (808).JPG;1
\vacia\empty_caltechCameraTraps\594cebcf-23d2-11e8-a6a3-ec086b02610b.jpg;0
\cervidae\3_ciervo_Javi_3_JC\34_20201024 (876).JPG;1
\vacia\empty_SnapshotMountainZebra\MTZ_S1_E06_R3_IMAG0189.JPG;0
\ave\shearwater_IslandConservationCameraTraps\chile_vaqueria2013_2212201244307.jpg;1
\jabali\WILDBOAR_ZOO_1_4\28_20201019 (1862).JPG;1
\cervidae\CERVIDREDORFALLOWDEER_ZOO_1_4\3_20210128 (35).JPG;1
\cervidae\ciervo_PNC_2013-O_RED_ISAAC\b11980IMAG0424.JPG;1
\vacia\NOANIMAL_ZOO_5_6_7_9\2_20210618 (15483).JPG;0
\leporido\2_conejo_Paco_Carro_JC\PICT0946.JPG;1
\cervidae\CERVIDREDORFALLOWDEER_ZOO_1_4\15_20201117 (2409).JPG;1
\cervidae\ciervo_PNC_2013-I_RED_ME\6333IM000222.JPG;1
\jabali\WILDBOAR_ZOO_1_4\33_20201120 (412).JPG;1
\ave\ave_ave_WellingtonCameraTraps_SS\080816100950021as232.JPG;1
\vacia\NOANIMAL_ZOO_1_4\26_20201020 (10445).JPG;0
\vacia\empty_IslandConservationCameraTraps\dominicanrepublic_cam1826julio2015_20150624_113655_img_0081.jpg;0
\vacia\NOANIMAL_ZOO_5_6_7_9\24_20210318 (8161).JPG;0
\vacia\empty_IslandConservationCameraTraps\dominicanrepublic_cam0425abril2015_20130825_055558_sunp5758.jpg;0
\lince\Lince_b_Linces2_Leo_JC\lince228 (261).JPG;1
\leporido\conejo_WellingtonCameraTraps_SS\240116101524015a1111.JPG;1
\vacia\NOANIMAL_ZOO_1_4\15_20210117 (12502).JPG;0
\caballo\HORSE_ZOO_1_4\15_20210117 (1111).JPG;1
\vaca\cow_IslandConservationCameraTraps\dominicanrepublic_cam102junio2015b_20150511_064345_img_0171.jpg;1
\vaca\cow_CaltechCameraTrap\586c882c-23d2-11e8-a6a3-ec086b02610b.jpg;1
\vacia\vacia_alumno_AM_2\21_20201025 (542).JPG;0
\vacia\NOANIMAL_ZOO_5_6_7_9\25_20210417 (2239).JPG;0
\vacia\NOANIMAL_ZOO_1_4\43_20201217 (2290).JPG;0
\vacia\empty_IslandConservationCameraTraps\dominicanrepublic_cam1826junio2015_20150505_082525_img_1518.jpg;0
\humanovehiculo\humanovehiculo_vacías_humanos_PNC_2012_ME\a35878IM000008.JPG;1
\vacia\vacia_Paco_Carro_JC\01140031.JPG;0
\zorro\REDFOX_ZOO_1_4\32_20201218 (115).JPG;1
\jabali\WILDBOAR_ZOO_5_6_7_9\20_20210219 (1700) (2021_04_15 06_16_22 UTC).JPG;1
\vacia\NOANIMAL_ZOO_1_4\6_20201812 (11730).JPG;0
\vacia\NOANIMAL_ZOO_5_6_7_9\24_20210318 (16883).JPG;0
\ave\Petirrojo_PNC_2013-O_ME\b20069IMAG0117.JPG;1
\humanovehiculo\car_CaltechCameraTrap_ME\vehiculo\5954a9cb-23d2-11e8-a6a3-ec086b02610b.jpg;1
\cervidae\ciervo_PNC_2013-O_RED_ISAAC\b14586IM000047.JPG;1
\vacia\NOANIMAL_ZOO_1_4\6_20201812 (11728).JPG;0
\cervidae\CERVIDREDORFALLOWDEER_ZOO_1_4\28_20210115 (1179).JPG;1
\vacia\NOANIMAL_ZOO_5_6_7_9\20_20210319 (15419).JPG;0
\vaca\COW_ZOO_5_6_7_9\21_20210418 (2435).JPG;1
\leporido\conejo_Paco_Carro_JC\PICT0722.JPG;1
\leporido\conejo_Paco_Carro_JC\PICT0091 (2).JPG;1
\vacia\NOANIMAL_ZOO_1_4\43_20201217 (1404).JPG;0
\vacia\vacia_Paco_Carro_JC\IMG_0085.JPG;0
\leporido\LEPORIDRABBITORHARE_ZOO_1_4\20_20201024 (377).JPG;1
\vacia\empty_caltechCameraTraps\59c31a01-23d2-11e8-a6a3-ec086b02610b.jpg;0
\vacia\vacia_alumno_1_AM\40_20201024 (3647).JPG;0
\vacia\empty_caltechCameraTraps\59b2e9a0-23d2-11e8-a6a3-ec086b02610b.jpg;0
\jabali\jabali_PNC_2014_manuel\c29515IM000143.JPG;1
\vacia\empty_SnapshotMountainZebra\MTZ_S1_D07_R1_IMAG1730.JPG;0
\cervidae\ciervo_Javi_3_JC\21_20201025 (2668).JPG;1
\gato_domestico\gato_WellingtonCameraTraps_SS\1504152005260359L101.JPG;1
\vacia\NOANIMAL_ZOO_5_6_7_9\39_20210417 (4294).JPG;0
\humanovehiculo\humanovehiculo_vacías_humanos_PNC_2012_ME\a23356IM000002.JPG;1
\cervidae\ciervo_Javi_3_JC\33_20201025 (90).JPG;1
\jabali\WILDBOAR_ZOO_5_6_7_9\10_20210319 (9586).JPG;1
\vacia\NOANIMAL_ZOO_5_6_7_9\49_20210418 (186).JPG;0
\vacia\NOANIMAL_ZOO_5_6_7_9\50_20210408 (23622).JPG;0
\vacia\empty_SnapshotMountainZebra\MTZ_S1_D05_R1_IMAG0133.JPG;0
\vacia\empty_IslandConservationCameraTraps\dominicanrepublic_cam1425abril2015_20150419_143705_img_1886.jpg;0
\tejon\tejon_PNC_2014_manuel\c5319IM000056.JPG;1
\cervidae\ciervo_PNC_2013-O_RED_ISAAC\b10950IMAG0515.JPG;1
\vacia\NOANIMAL_ZOO_5_6_7_9\25_20210417 (8816).JPG;0
\vacia\empty_IslandConservationCameraTraps\dominicanrepublic_cam1826junio2015_20150505_093453_img_1922.jpg;0
\jabali\WILDBOAR_ZOO_5_6_7_9\47_20210418 (1692).JPG;1
\cervidae\CERVIDREDORFALLOWDEER_ZOO_5_6_7_9\11_20210615 (417).JPG;1
\cervidae\CERVIDREDORFALLOWDEER_ZOO_5_6_7_9\35_20210218 (2198) (2021_04_15 06_16_22 UTC).JPG;1
\gato_domestico\gato_WellingtonCameraTraps_SS\130516004706021bs171.JPG;1
\vacia\NOANIMAL_ZOO_1_4\26_20201020 (5120).JPG;0
\vacia\Nothing_mammalWeb\67775.jpg;0
\jabali\Jabali_alumno_2_AM_JC\Susscr 24_frame060.jpg;1
\humanovehiculo\car_CaltechCameraTrap_ME\vehiculo\5978318a-23d2-11e8-a6a3-ec086b02610b.jpg;1
\vacia\vacia_Paco_Carro_JC\01130481 (2).JPG;0
\vacia\vacia_alumno_2_AM_JC\DSCF0079_frame090.jpg;0
\caballo\caballos_simone\4_20201220 (8704).JPG;1
\vacia\NOANIMAL_ZOO_5_6_7_9\35_20210418 (1043).JPG;0
\vacia\empty_IslandConservationCameraTraps\puertorico_16_20150507_160944_img_0915.jpg;0
\vacia\NOANIMAL_ZOO_1_4\21_20201025 (5298).JPG;0
\micromamiferos\Small rodent_mammalWeb\22346.jpg;1
\vacia\NOANIMAL_ZOO_1_4\9_20201712 (2039).JPG;0
\micromamiferos\micromamiferos_Paco_Carro_JC\IMG_0871.JPG;1
\vacia\NOANIMAL_ZOO_5_6_7_9\25_20210417 (20460).JPG;0
\cervidae\cervidae_alumno_1_TH\Capcap (3)_frame180.jpg;1
\vacia\NOANIMAL_ZOO_1_4\37_20201215 (2631).JPG;0
\vacia\empty_SnapshotMountainZebra\MTZ_S1_C04_R1_IMAG3145.JPG;0
\ave\birdother_SnapshotCamdeboo\CDB_S1_C03_R1_IMAG0160.JPG;1
\ave\shearwater_IslandConservationCameraTraps\chile_vaqueria2013_1412201243050.jpg;1
\humanovehiculo\humano_vehiculo_PNM_2013-O_ISAAC\f11829IM000006.JPG;1
\gato_domestico\cat_IslandConservationCameraTraps\dominicanrepublic_cam0915febrero2016_20160125_042742_img_0007.jpg;1
\humanovehiculo\humanovehiculo_ss\33_20201025 (354).JPG;1
\vacia\NOANIMAL_ZOO_5_6_7_9\21_20210418 (240).JPG;0
\vacia\NOANIMAL_ZOO_5_6_7_9\36_20210618 (4802).JPG;0
\jabali\WILDBOAR_ZOO_1_4\37_20201116 (10048).JPG;1
\mapache\raccoon_CaltechCameraTrap_ME\58a6e5f7-23d2-11e8-a6a3-ec086b02610b.jpg;1
\cervidae\Ciervo_PNC_2013-O_ME\b14421IM000105.JPG;1
\cervidae\CERVIDREDORFALLOWDEER_ZOO_5_6_7_9\21_20210418 (2919).JPG;1
\humanovehiculo\humano_vehiculo_PNM_2012_ISAAC\d14846IMAG0005.JPG;1
\cervidae\CERVIDREDORFALLOWDEER_ZOO_1_4\33_20201217 (129).JPG;1
\gato_domestico\cat_IslandConservationCameraTraps\dominicanrepublic_cam1315marzo2016_20140129_122655_img_0001.jpg;1
\leporido\rabbit_IslandConservationCameraTraps\chile_piedra012013_2901201315437.jpg;1
\humanovehiculo\humanovehiculo_PNC_2013-O_RED_ISAAC\b282FILE0207.JPG;1
\meloncillo\Meloncillo_PEPE_IREC_JC\IMAG0197_(5).JPG;1
\vacia\vacias_2_de_2_PNC_2012_ISAAC\a18248IM000222.JPG;0
\zorro\Red fox_mammalWeb\95673.jpg;1
\leporido\conejo_Paco_Carro_JC\PICT1703.JPG;1
\leporido\liebre\liebre_Paco_Garcia_JC\IMAG0025.JPG;1
\vacia\NOANIMAL_ZOO_1_4\34_20210115 (2182).JPG;0
\caballo\caballos_alumno_AM\caballos_alumno_AM\2_20201215 (4172).JPG;1
\vacia\NOANIMAL_ZOO_1_4\6_20201116 (4381).JPG;0
\vacia\empty_caltechCameraTraps\5987b47f-23d2-11e8-a6a3-ec086b02610b.jpg;0
\lince\Lince_a_Linces2_Leo_JC\lince94 (397).JPG;1
\vacia\empty_SnapshotMountainZebra\MTZ_S1_D05_R1_IMAG1836.JPG;0
\humanovehiculo\car_CaltechCameraTrap_ME\vehiculo\59f4643e-23d2-11e8-a6a3-ec086b02610b.jpg;1
\zorro\Zorro_PNM_2013-0_ME\f14721IM000034.JPG;1
\cervidae\CERVIDREDORFALLOWDEER_ZOO_5_6_7_9\19_20210319 (685).JPG;1
\ave\shearwater_IslandConservationCameraTraps\chile_vaqueria2013_19122012234800.jpg;1
\cervidae\CERVIDREDORFALLOWDEER_ZOO_1_4\24_20210115 (1035).JPG;1
\vacia\empty_IslandConservationCameraTraps\puertorico_16_20150426_213158_img_0714.jpg;0
\cervidae\deer_CaltechCameraTrap\59c17a6a-23d2-11e8-a6a3-ec086b02610b.jpg;1
\caballo\HORSE_ZOO_1_4\15_20201117 (6649).JPG;1
\micromamiferos\micromamifero_WellingtonCameraTraps_SS\120716193148026b7301.JPG;1
\ave\ave_ave_WellingtonCameraTraps_SS\041116073302023a9231.JPG;1
\leporido\conejo_WellingtonCameraTraps_SS\220316004026024as073.JPG;1
\vacia\empty_SnapshotKaroo\KAR_S1_E01_R1_IMAG0481.JPG;0
\vacia\NOANIMAL_ZOO_1_4\7_20210115 (3627).JPG;0
\cervidae\ciervo_vacías_humanos_PNC_2012_ME\a52240IM000047.JPG;1
\vacia\NOANIMAL_ZOO_5_6_7_9\50_20210417 (23535).JPG;0
\cervidae\cervidae_ME_rev_3_donana\30_20201021 (11523).JPG;1
\cervidae\CIERVO_PNM_2013-I_ISAAC\e1447IMAG0040.JPG;1
\leporido\rabbit_CaltechCameraTrap_ME\58732bfc-23d2-11e8-a6a3-ec086b02610b.jpg;1
\gato_domestico\gato_WellingtonCameraTraps_SS\150216034458001bs313.JPG;1
\vacia\NOANIMAL_ZOO_1_4\7_20210115 (2249).JPG;0
\cervidae\CERVIDREDORFALLOWDEER_ZOO_5_6_7_9\18_20210219 (2632) (2021_04_15 06_16_22 UTC).JPG;1
\humanovehiculo\car_CaltechCameraTrap_ME\vehiculo\599be8dc-23d2-11e8-a6a3-ec086b02610b.jpg;1
\cervidae\Ciervo_PNC_2013-O_ME\b1424IMAG0278.JPG;1
\gato_domestico\gato_WellingtonCameraTraps_SS\1704151614580237S061.JPG;1
\cervidae\cervidae_alumno_AM_2\34_20201024 (6501).JPG;1
\vacia\NOANIMAL_ZOO_1_4\26_20201020 (11954).JPG;0
\zorro\zorro_alumno_2_TH\12_20201025 (56).JPG;1
\tejon\tejon_PNC_2013-O_RED_ISAAC\b13642IM000065.JPG;1
\vacia\empty_IslandConservationCameraTraps\dominicanrepublic_cam1826julio2015_20150716_120512_img_2584.jpg;0
\cervidae\CERVIDREDORFALLOWDEER_ZOO_5_6_7_9\5_20210319 (3232).JPG;1
\gato_domestico\gato_WellingtonCameraTraps_SS\0406151420020745L091.JPG;1
\gato_domestico\gato_WellingtonCameraTraps_SS\111016111738045as431.JPG;1
\vacia\empty_SnapshotKaroo\KAR_S1_C03_R1_IMAG0675.JPG;0
\cervidae\2_ciervo_simone_2\34_20201024 (5851).JPG;1
\caballo\HORSE_ZOO_5_6_7_9\15_20210219 (987) (2021_04_15 06_16_22 UTC).JPG;1
\caballo\HORSE_ZOO_5_6_7_9\15_20210219 (8959) (2021_04_15 06_16_22 UTC).JPG;1
\vacia\vacias_2_de_2_PNC_2012_ISAAC\a16927IMAG1333.JPG;0
\humanovehiculo\humanovehiculo_leo_donana\0007246.JPG;1
\vacia\empty_IslandConservationCameraTraps\ecuador1_ic1611_20150101_000001_img_1490.jpg;0
\vaca\COW_ZOO_5_6_7_9\21_20200113 (225) (2021_04_15 06_16_22 UTC).JPG;1
\cervidae\CERVIDREDORFALLOWDEER_ZOO_1_4\14_20210114 (1048).JPG;1
\zorro\Zorro_PNC_2014_JC\c23043IM000036.JPG;1
\vacia\NOANIMAL_ZOO_1_4\28_20201019 (821).JPG;0
\cervidae\CERVIDREDORFALLOWDEER_ZOO_5_6_7_9\35_20210318 (107).JPG;1
\vacia\SnampshotEnonkishu\ENO_S1_D06_R1_IMAG0238.JPG;0
\vacia\SnampshotEnonkishu\ENO_S1_D06_R1_IMAG0531.JPG;0
\zorro\zorro_alumno_2_AM_JC\DSCF0033_frame000.jpg;1
\vacia\vacia_Paco_Carro_JC\PICT0912 (2).JPG;0
\gato_domestico\cat_IslandConservationCameraTraps\chile_frances012013_0601201353822.jpg;1
\humanovehiculo\humanovehiculo_vacías_humanos_PNC_2012_ME\a2904IM000002.JPG;1
\jabali\WILDBOAR_ZOO_1_4\24_20201019 (1197).JPG;1
\micromamiferos\micromamiferos_Paco_Carro_JC\IMG_0079.JPG;1
\vacia\NOANIMAL_ZOO_5_6_7_9\13_20210218 (1877) (2021_04_15 06_16_22 UTC).JPG;0
\vacia\NOANIMAL_ZOO_5_6_7_9\13_20210218 (1422) (2021_04_15 06_16_22 UTC).JPG;0
\vacia\vacia_alumno_AM_2\10_20201019 (3602).JPG;0
\lince\Lince_b_Linces2_Leo_JC\lince168 (84).JPG;1
\vacia\NOANIMAL_ZOO_5_6_7_9\50_20210408 (27222).JPG;0
\vacia\empty_caltechCameraTraps\598494e1-23d2-11e8-a6a3-ec086b02610b.jpg;0
\vacia\NOANIMAL_ZOO_5_6_7_9\2_20210417 (3436).JPG;0
\vacia\NOANIMAL_ZOO_5_6_7_9\25_20210417 (11760).JPG;0
\vacia\NOANIMAL_ZOO_1_4\37_20201116 (12803).JPG;0
\cervidae\CERVIDREDORFALLOWDEER_ZOO_5_6_7_9\22_20210219 (1019) (2021_04_15 06_16_22 UTC).JPG;1
\ave\bird_CaltechCameraTrap\588a6737-23d2-11e8-a6a3-ec086b02610b.jpg;1
\cervidae\CERVIDREDORFALLOWDEER_ZOO_1_4\38_20201019 (336).JPG;1
\vacia\NOANIMAL_ZOO_5_6_7_9\37_20210319 (303).JPG;0
\ave\ave_ave_WellingtonCameraTraps_SS\30101506070201069482.JPG;1
\mapache\raccoon_CaltechCameraTrap_ME\59bac797-23d2-11e8-a6a3-ec086b02610b.jpg;1
\ave\shearwater_IslandConservationCameraTraps\chile_vaqueria2013_0612201232034.jpg;1
\leporido\rabbit_IslandConservationCameraTraps\chile_piedra012013_23032013181135.jpg;1
\vacia\NOANIMAL_ZOO_1_4\10_20201117 (2517).JPG;0
\cervidae\CERVIDREDORFALLOWDEER_ZOO_5_6_7_9\28_20210615 (938).JPG;1
\cervidae\CERVIDREDORFALLOWDEER_ZOO_5_6_7_9\28_20210615 (1176).JPG;1
\leporido\conejo_Paco_Carro_JC\PICT0824 (2).JPG;1
\caballo\caballos_simone\4_20201220 (6757).JPG;1
\cervidae\2_Ciervos_PNC_2014_JC\c21638IM000011.JPG;1
\cervidae\CERVIDREDORFALLOWDEER_ZOO_1_4\34_20201024 (2150).JPG;1
\zorro\zorro_PNC_2013-I_RED_ME\8908IM000013.JPG;1
\cervidae\CERVIDREDORFALLOWDEER_ZOO_1_4\18_unknowndate (806).JPG;1
\lince\Lince_a_Linces2_Leo_JC\lince90 (139).JPG;1
\vacia\empty_IslandConservationCameraTraps\dominicanrepublic_cam1425abril2015_20150408_144519_img_0569.jpg;0
\ave\ave_Soraya_Padilla_Alumno_1_TH\STC_0225_frame070.jpg;1
\jabali\Jabali_PNC_2012_JC\a15620IMAG0021.JPG;1
\vacia\NOANIMAL_ZOO_5_6_7_9\50_20210417 (22335).JPG;0
\humanovehiculo\humano_vehiculo_PNM_2012_ISAAC\d3452IM000011.JPG;1
\cervidae\CERVIDREDORFALLOWDEER_ZOO_5_6_7_9\9_20210218 (18) (2021_04_15 06_16_22 UTC).JPG;1
\vacia\NOANIMAL_ZOO_5_6_7_9\19_20210319 (1943).JPG;0
\cervidae\CERVIDREDORFALLOWDEER_ZOO_1_4\21_20201025 (4779).JPG;1
\vacia\NOANIMAL_ZOO_5_6_7_9\50_20210417 (20262).JPG;0
\humanovehiculo\humano_vehiculo_PNM_2013-O_ISAAC\f10848IMAG0018.JPG;1
\vacia\vacia_Paco_Carro_JC\01130557.JPG;0
\vacia\NOANIMAL_ZOO_1_4\7_20210115 (157).JPG;0
\jabali\WILDBOAR_ZOO_1_4\42_20201218 (208).JPG;1
\vacia\vacias_PNC_2014_ISAAC\c12531IMAG0078.JPG;0
\leporido\liebre\Liebre_PNC_2012_JC\a10355IM000020.JPG;1
\vacia\empty_IslandConservationCameraTraps\palau_cam13a12132018_20181025_120000_rcnx0972.jpg;0
\gineta\gineta_PNM_2013-O_ISAAC\f18892IM000743.JPG;1
\vacia\empty_IslandConservationCameraTraps\dominicanrepublic_cam0725abril2015a_20130812_064401_sunp1666.jpg;0
\vaca\COW_ZOO_1_4\6_20201116 (2566).JPG;1
\vacia\empty_IslandConservationCameraTraps\dominicanrepublic_cam0425abril2015_20130815_034042_sunp2468.jpg;0
\vacia\NOANIMAL_ZOO_5_6_7_9\19_20210319 (2808).JPG;0
\vacia\empty_caltechCameraTraps\59c99ee5-23d2-11e8-a6a3-ec086b02610b.jpg;0
\humanovehiculo\humano_alumno_AM_2\13_20201025 (70).JPG;1
\jabali\jabali_PNC_2013-I_RED_ME\1735IM000033.JPG;1
\zorro\REDFOX_ZOO_5_6_7_9\42_20210618 (35).JPG;1
\cervidae\ciervo_vacías_humanos_PNC_2012_ME\a17862IM000065.JPG;1
\vacia\Vacia_Paco_Carro_camarasliron_4_2_PASADAS_POR_LA_RED_JC\MDGC0558 (2).JPG;0
\humanovehiculo\HUMANORVEHICLE_ZOO_5_6_7_9\39_20210615 (17).JPG;1
\vacia\NOANIMAL_ZOO_1_4\43_20201217 (2181).JPG;0
\ave\OTHERSPECIES_ZOO_1_4\15_20210117 (938).JPG;1
\cervidae\CERVIDREDORFALLOWDEER_ZOO_1_4\25_20201024 (408).JPG;1
\vacia\vacia_Paco_Carro_JC\01130690.JPG;0
\cervidae\deer_CaltechCameraTrap\59cb3997-23d2-11e8-a6a3-ec086b02610b.jpg;1
\vacia\NOANIMAL_ZOO_5_6_7_9\24_20210318 (16493).JPG;0
\mapache\raccoon_CaltechCameraTrap_ME\59910644-23d2-11e8-a6a3-ec086b02610b.jpg;1
\humanovehiculo\humanovehiculo_PNC_2014_manuel\c9834IM000014.JPG;1
\jabali\WILDBOAR_ZOO_1_4\43_20201118 (641).JPG;1
\vacia\NOANIMAL_ZOO_5_6_7_9\2_20210417 (13357).JPG;0
\caballo\caballos_javier_JC\35_20201218 (264).JPG;1
\leporido\conejo_leo_donana\0008633.JPG;1
\vacia\NOANIMAL_ZOO_1_4\10_20201117 (6627).JPG;0
\perro\Domestic dog_mammalWeb\10229.jpg;1
\leporido\rabbit_CaltechCameraTrap_ME\58d7a216-23d2-11e8-a6a3-ec086b02610b.jpg;1
\vacia\empty_IslandConservationCameraTraps\dominicanrepublic_cam0425abril2015_20130821_000917_sunp3649.jpg;0
\cervidae\ciervo_ME_rev_3_donana\15_20201024 (2582).JPG;1
\cervidae\CERVIDREDORFALLOWDEER_ZOO_1_4\15_20201215 (8052).JPG;1
\cervidae\CERVIDREDORFALLOWDEER_ZOO_1_4\37_20201116 (1928).JPG;1
\vacia\NOANIMAL_ZOO_5_6_7_9\13_20210218 (211) (2021_04_15 06_16_22 UTC).JPG;0
\cervidae\CERVIDREDORFALLOWDEER_ZOO_1_4\21_20201119 (3231).JPG;1
\cervidae\ciervo_simone_2\37_20201024 (8078).JPG;1
\vacia\empty_IslandConservationCameraTraps\ecuador1_ic1611_20150101_000005_img_1880.jpg;0
\jabali\jabali_PNC_2013-I_ME\2889IM000022.JPG;1
\vacia\NOANIMAL_ZOO_1_4\22_20201218 (372).JPG;0
\caballo\HORSE_ZOO_1_4\15_20210117 (1596).JPG;1
\gineta\gineta_vacías_humanos_PNC_2012_ME\a37352IM000472.JPG;1
\cervidae\cervidae_alumno_2_AM_JC\DSCF0035_frame010.jpg;1
\vaca\COW_ZOO_5_6_7_9\2_20210219 (900) (2021_04_15 06_16_22 UTC).JPG;1
\vacia\vacias_PNM_2013-O_ISAAC\f3615IM000075.JPG;0
\vacia\NOANIMAL_ZOO_1_4\40_20201117 (602).JPG;0
\cervidae\deer_CaltechCameraTrap\59a17ba2-23d2-11e8-a6a3-ec086b02610b.jpg;1
\vacia\NOANIMAL_ZOO_5_6_7_9\24_20210615 (21425).JPG;0
\caballo\caballos_javier_JC\35_20201218 (338).JPG;1
\cervidae\ciervo_vacías_humanos_PNC_2012_ME\a14915IM000842.JPG;1
\vacia\empty_SnapshotMountainZebra\MTZ_S1_E06_R3_IMAG0529.JPG;0
\vacia\NOANIMAL_ZOO_1_4\7_20210115 (579).JPG;0
\leporido\rabbit_CaltechCameraTrap_ME\59c99fb0-23d2-11e8-a6a3-ec086b02610b.jpg;1
\vacia\empty_caltechCameraTraps\595f7bf1-23d2-11e8-a6a3-ec086b02610b.jpg;0
\lince\linces_fecha_Linces2_Leo_JC\3_Lince_flecha_Linces2_Leo_JC\lince130 (560).JPG;1
\vaca\COW_ZOO_5_6_7_9\17_20210318 (875).JPG;1
\vacia\NOANIMAL_ZOO_5_6_7_9\11_20210418 (2892).JPG;0
\vacia\vacias_2_de_2_PNC_2012_ISAAC\a5005IM000863.JPG;0
\vacia\empty_SnapshotMountainZebra\MTZ_S1_D05_R1_IMAG0098.JPG;0
\leporido\rabbit_CaltechCameraTrap_ME\59d27e38-23d2-11e8-a6a3-ec086b02610b.jpg;1
\cervidae\CERVIDREDORFALLOWDEER_ZOO_5_6_7_9\2_20210219 (4781) (2021_04_15 06_16_22 UTC).JPG;1
\vacia\NOANIMAL_ZOO_5_6_7_9\24_20210615 (20544).JPG;0
\zorro\zorro_PNC_2014_manuel\c19820IM000024.JPG;1
\vacia\NOANIMAL_ZOO_5_6_7_9\19_20210618 (4802).JPG;0
\jabali\Jabali_PNC_2014_JC\c23057IM000101.JPG;1
\jabali\jabali_vacías_humanos_PNC_2012_ME\a30288IM000108.JPG;1
\gato_domestico\gato_WellingtonCameraTraps_SS\080216194510021bs112.JPG;1
\vacia\empty_IslandConservationCameraTraps\dominicanrepublic_cam2015abril2015_20150331_160556_img_2915.jpg;0
\lince\Lince_a_Linces2_Leo_JC\lince77 (241).JPG;1
\zorro\Zorro_PNC_2014_JC\c21643IM000016.JPG;1
\zorro\Zorro_Pepe_IREC\Zorro_Pepe_Irec_ME\IMAG0342_(4).JPG;1
\vacia\NOANIMAL_ZOO_5_6_7_9\24_20210318 (5037).JPG;0
\caballo\HORSE_ZOO_1_4\15_20210117 (2088).JPG;1
\caballo\caballos_alumno_AM\caballos_alumno_AM\2_20201215 (4641).JPG;1
\cervidae\CERVIDREDORFALLOWDEER_ZOO_1_4\4_20210117 (4222).JPG;1
\cervidae\ciervo_alumno_2_TH\37_20201024 (942).JPG;1
\vacia\NOANIMAL_ZOO_5_6_7_9\50_20210408 (19376).JPG;0
\gato_domestico\gato_WellingtonCameraTraps_SS\090816191912011a5903.JPG;1
\humanovehiculo\humanovehiculo_vacías_humanos_PNC_2012_ME\a14957IM000886.JPG;1
\jabali\WILDBOAR_ZOO_5_6_7_9\20_20210219 (2196) (2021_04_15 06_16_22 UTC).JPG;1
\tejon\3_Tejon_PEPE_IREC_JC\PTDC4375.JPG;1
\cervidae\CERVIDREDORFALLOWDEER_ZOO_1_4\8_20210115 (110).JPG;1
\zorro\REDFOX_ZOO_5_6_7_9\47_20210615 (1017).JPG;1
\leporido\rabbit_IslandConservationCameraTraps\chile_piedra012013_28012013184945.jpg;1
\vacia\empty_SnapshotKruger\KRU_S1_47_R1_IMAG0137.JPG;0
\jabali\Jabali_PNC_2012_JC\a35132IM000103.JPG;1
\cervidae\ciervo_PNC_2013-I_RED_ME\4549IM000048.JPG;1
\vacia\NOANIMAL_ZOO_5_6_7_9\25_20210417 (19510).JPG;0
\vaca\Vaca4_diego_1_rev_donana\15_20201024 (7519).JPG;1
\cervidae\Ciervo_Paco_Carro_camarasliron_4_2_PASADAS_POR_LA_RED_JC\MDGC0257 (2).JPG;1
\vacia\empty_IslandConservationCameraTraps\dominicanrepublic_cam1826julio2015_20150627_115642_img_0424.jpg;0
\cervidae\CERVIDREDORFALLOWDEER_ZOO_5_6_7_9\24_20210318 (4102).JPG;1
\cervidae\ciervo_alumno_2_TH\26_20201020 (1895).JPG;1
\vacia\SnampshotEnonkishu\ENO_S1_D06_R1_IMAG0294.JPG;0
\leporido\conejo_leo_donana\0004179.JPG;1
\cervidae\CERVIDREDORFALLOWDEER_ZOO_5_6_7_9\35_20210218 (515) (2021_04_15 06_16_22 UTC).JPG;1
\vacia\empty_SnapshotMountainZebra\MTZ_S1_D07_R3_IMAG0019.JPG;0
\ave\ave_ave_WellingtonCameraTraps_SS\240616130850046cs464.JPG;1
\cervidae\Ciervo_PNC_2014_JC\c22733IM000023.JPG;1
\vacia\NOANIMAL_ZOO_5_6_7_9\2_20210417 (3901).JPG;0
\cervidae\deer_CaltechCameraTrap\597fedcb-23d2-11e8-a6a3-ec086b02610b.jpg;1
\jabali\WILDBOAR_ZOO_1_4\37_20201116 (4893).JPG;1
\jabali\WILDBOAR_ZOO_1_4\28_20201019 (1539).JPG;1
\vacia\NOANIMAL_ZOO_1_4\17_20210114 (2805).JPG;0
\zorro\Zorro_PNC_2013-O_ME\b1105IM000142.JPG;1
\cervidae\CERVIDREDORFALLOWDEER_ZOO_5_6_7_9\10_20210319 (10802).JPG;1
\vacia\empty_SnapshotMountainZebra\MTZ_S1_D05_R1_IMAG1185.JPG;0
\vacia\Nothing_mammalWeb\74089.jpg;0
\vacia\empty_IslandConservationCameraTraps\dominicanrepublic_cam0425abril2015_20130808_042153_sunp1072.jpg;0
\caballo\HORSE_ZOO_1_4\2_20201117 (3520).JPG;1
\vacia\empty_IslandConservationCameraTraps\dominicanrepublic_cam1826julio2015_20150716_105304_img_2509.jpg;0
\vacia\NOANIMAL_ZOO_5_6_7_9\13_20210218 (1355) (2021_04_15 06_16_22 UTC).JPG;0
\vacia\NOANIMAL_ZOO_5_6_7_9\15_20210219 (6447) (2021_04_15 06_16_22 UTC).JPG;0
\zorro\REDFOX_ZOO_1_4\20_20201117 (633).JPG;1
\jabali\WILDBOAR_ZOO_1_4\21_20201025 (2434).JPG;1
\vacia\empty_IslandConservationCameraTraps\palau_cam6a12132018_20180918_093123_rcnx0563.jpg;0
\humanovehiculo\car_CaltechCameraTrap_ME\vehiculo\58c033bf-23d2-11e8-a6a3-ec086b02610b.jpg;1
\humanovehiculo\humanos_Paco_Carro_JC\PICT0030.JPG;1
\jabali\jabali_vacías_humanos_PNC_2012_ME\a2768IM000026.JPG;1
\ave\rooster_IslandConservationCameraTraps\palau_cam02a12132018_20180826_090122_rcnx0107.jpg;1
\cervidae\ciervo_Paco_Carro_JC\IMG_1845.JPG;1
\zorro\zorro_PNC_2013-O_RED_ISAAC\b14997IMAG0291.JPG;1
\cervidae\deer_CaltechCameraTrap\5a14a5a6-23d2-11e8-a6a3-ec086b02610b.jpg;1
\zorro\Zorro_Pepe_IREC\Zorro_Pepe_Irec_ME\IMAG0063_(5).JPG;1
\ave\ave_ave_WellingtonCameraTraps_SS\091116104500050a7511.JPG;1
\vacia\NOANIMAL_ZOO_1_4\6_20201812 (13942).JPG;0
\gato_domestico\cat_IslandConservationCameraTraps\palau_cam13a12132018_20181125_154416_rcnx1572.jpg;1
\vacia\empty_caltechCameraTraps\5a2639b8-23d2-11e8-a6a3-ec086b02610b.jpg;0
\humanovehiculo\car_CaltechCameraTrap_ME\vehiculo\58678e53-23d2-11e8-a6a3-ec086b02610b.jpg;1
\vacia\NOANIMAL_ZOO_5_6_7_9\5_20210219 (278) (2021_04_15 06_16_22 UTC).JPG;0
\cervidae\CERVIDREDORFALLOWDEER_ZOO_5_6_7_9\10_20210319 (9965).JPG;1
\vacia\empty_IslandConservationCameraTraps\dominicanrepublic_cam0425abril2015_20130818_043742_sunp2850.jpg;0
\perro\perros_fotosManuelEmilio20200912\IMG_0194.JPG;1
\vacia\NOANIMAL_ZOO_5_6_7_9\24_20210418 (16787).JPG;0
\jabali\jabali_javi_JC\41_20201025 (152).JPG;1
\humanovehiculo\humanovehiculo_vacías_humanos_PNC_2012_ME\a27748IM000092.JPG;1
\vacia\vacia_vacías_humanos_PNC_2012_ME\a13731IM000160.JPG;0
\caballo\HORSE_ZOO_1_4\15_20201117 (7184).JPG;1
\vaca\cow_CaltechCameraTrap\589e686d-23d2-11e8-a6a3-ec086b02610b.jpg;1
\vacia\NOANIMAL_ZOO_5_6_7_9\36_20210618 (7548).JPG;0
\ave\bird_CaltechCameraTrap\5971f8d3-23d2-11e8-a6a3-ec086b02610b.jpg;1
\cervidae\CERVIDREDORFALLOWDEER_ZOO_1_4\15_20210117 (7442).JPG;1
\vacia\Vacia_Paco_Carro_camarasliron_4_2_PASADAS_POR_LA_RED_JC\MDGC0053.JPG;0
\humanovehiculo\HUMANORVEHICLE_ZOO_5_6_7_9\19_20210319 (3132).JPG;1
\humanovehiculo\car_CaltechCameraTrap_ME\vehiculo\595decd5-23d2-11e8-a6a3-ec086b02610b.jpg;1
\ave\Ave_Leo_Otra_fauna_PASADA_POR_LA_RED_JC\Otrafauna (1920).JPG;1
\ave\shearwater_IslandConservationCameraTraps\chile_piedra012013_1901201310236.jpg;1
\vacia\NOANIMAL_ZOO_1_4\34_20210115 (1513).JPG;0
\gato_domestico\gato_WellingtonCameraTraps_SS\09101517425602375951.JPG;1
\jabali\WILDBOAR_ZOO_1_4\37_20201116 (14573).JPG;1
\cervidae\ciervo_PNC_2014_ISAAC\c24385IMAG0113.JPG;1
\zorro\REDFOX_ZOO_1_4\7_20210115 (96).JPG;1
\zorro\REDFOX_ZOO_5_6_7_9\9_20210615 (317).JPG;1
\vacia\empty_IslandConservationCameraTraps\puertorico_26_20150602_150436_ek002526.jpg;0
\cervidae\CIERVO_PNM_2012_ISAAC\d15955FILE0013.JPG;1
\ave\petrel_IslandConservationCameraTraps\chile_filipianalamatris2013_22102013103148.jpg;1
\vacia\NOANIMAL_ZOO_1_4\34_20210115 (7353).JPG;0
\vacia\NOANIMAL_ZOO_1_4\34_20210115 (2003).JPG;0
\micromamiferos\rat_IslandConservationCameraTraps\micronesia_cam06_cam06june2019_pig_20190629200349_1770.jpg;1
\zorro\Zorro_PNC_2014_JC\c9107IM000039.JPG;1
\jabali\WILDBOAR_ZOO_1_4\31_20201218 (96).JPG;1
\jabali\WILDBOAR_ZOO_5_6_7_9\28_20210417 (4556).JPG;1
\ave\Chicken_ena24\6185.jpg;1
\vacia\NOANIMAL_ZOO_1_4\6_20201812 (8855).JPG;0
\vacia\empty_SnapshotMountainZebra\MTZ_S1_D06_R1_IMAG2716.JPG;0
\vacia\empty_caltechCameraTraps\59a94dd0-23d2-11e8-a6a3-ec086b02610b.jpg;0
\cervidae\CERVIDREDORFALLOWDEER_ZOO_5_6_7_9\31_20210318 (502).JPG;1
\cervidae\ciervo_PNM_2013-O_ISAAC\f29134IMAG0725.JPG;1
\vacia\vacias_1_de_2_PNC_2012_ISAAC\a37085IM000189.JPG;0
\vacia\NOANIMAL_ZOO_1_4\6_20201812 (12040).JPG;0
\cervidae\CERVIDREDORFALLOWDEER_ZOO_1_4\34_20201215 (1605).JPG;1
\vacia\NOANIMAL_ZOO_1_4\34_20210115 (5110).JPG;0
\cervidae\CERVIDREDORFALLOWDEER_ZOO_5_6_7_9\9_20210418 (655).JPG;1
\zorro\zorro_vacías_humanos_PNC_2012_ME\a18721IM000326.JPG;1
\vacia\vacias_2_de_2_PNC_2012_ISAAC\a7795IM000112.JPG;0
\vacia\empty_IslandConservationCameraTraps\chile_filipianalamatris2013_14102013191907.jpg;0
\leporido\conejo_Paco_Carro_JC\PICT0835.JPG;1
\cervidae\ciervo_PNC_2013-O_RED_ISAAC\b14537IM000038.JPG;1
\vacia\empty_SnapshotMountainZebra\MTZ_S1_E06_R3_IMAG1228.JPG;0
\vacia\empty_caltechCameraTraps\595deeaa-23d2-11e8-a6a3-ec086b02610b.jpg;0
\cervidae\cervidae_ME_rev_3_donana\30_20201021 (12166).JPG;1
\cervidae\CERVIDREDORFALLOWDEER_ZOO_5_6_7_9\22_20210615 (2444).JPG;1
\perro\perro_donana\38_20201117 (1606).JPG;1
\ave\ave_ave_WellingtonCameraTraps_SS\031016085446007cs373.JPG;1
\vacia\NOANIMAL_ZOO_5_6_7_9\49_20210615 (317).JPG;0
\vacia\NOANIMAL_ZOO_5_6_7_9\39_20210218 (6) (2021_04_15 06_16_22 UTC).JPG;0
\ave\OTHERSPECIES_ZOO_5_6_7_9\38_20210618 (1066).JPG;1
\ave\ave_Soraya_Padilla_Alumno_1_TH\DSCF0073_frame040.jpg;1
\vacia\vacias_PNM_2013-O_ISAAC\f4114IM000179.JPG;0
\ave\ave_ave_WellingtonCameraTraps_SS\031016094734007bs382.JPG;1
\caballo\caballos_javier_JC\2_20201117 (5089).JPG;1
\vacia\empty_IslandConservationCameraTraps\dominicanrepublic_cam1826junio2015_20150505_070613_img_1084.jpg;0
\vaca\COW_ZOO_1_4\6_20201116 (1063).JPG;1
\caballo\HORSE_ZOO_1_4\15_20210117 (11452).JPG;1
\vacia\NOANIMAL_ZOO_5_6_7_9\50_20210417 (20840).JPG;0
\vacia\NOANIMAL_ZOO_5_6_7_9\50_20210408 (22392).JPG;0
\ave\rooster_IslandConservationCameraTraps\palau_cam13a12132018_20181101_104006_rcnx1121.jpg;1
\lince\Lince_b_Linces2_Leo_JC\lince143 (4).JPG;1
\vacia\empty_SnapshotMountainZebra\MTZ_S1_D05_R1_IMAG1459.JPG;0
\vacia\NOANIMAL_ZOO_1_4\7_20210115 (2858).JPG;0
\vacia\vacia_Paco_Carro_JC\PICT0084.JPG;0
\humanovehiculo\humanovehiculo_vacías_humanos_PNC_2012_ME\a52675IM000041.JPG;1
\vacia\NOANIMAL_ZOO_1_4\34_20210115 (8110).JPG;0
\ave\ave_vacías_humanos_PNC_2012_ME\a9608IM000541.JPG;1
\vacia\NOANIMAL_ZOO_5_6_7_9\50_20210417 (19706).JPG;0
\jabali\jabali_alumno_2_2_TH_JC\28_20201019 (1724).JPG;1
\cervidae\CERVIDREDORFALLOWDEER_ZOO_1_4\2_20201215 (3075).JPG;1
\caballo\caballos_alumno_AM\caballos_alumno_AM\28_20201117 (645).JPG;1
\ave\ave_Soraya_Padilla_Alumno_1_TH\STC_0545_frame200.jpg;1
\vacia\empty_SnapshotMountainZebra\MTZ_S1_D07_R1_IMAG2256.JPG;0
\cervidae\ciervo_PNC_2014_manuel\c18872IMAG0061.JPG;1
\vaca\COW_ZOO_1_4\4_20210117 (4686).JPG;1
\humanovehiculo\humano_vehiculo_PNC_2013-I_ISAAC\4313IMAG0282.JPG;1
\vaca\COW_ZOO_1_4\10_20210115 (5144).JPG;1
\cervidae\ciervo_PNC_2014_ISAAC\c28580IM000038.JPG;1
\vacia\vacia_alumno_AM_2\27_20201023 (7243).JPG;0
\vacia\NOANIMAL_ZOO_5_6_7_9\22_20210615 (2224).JPG;0
\zorro\fox_CaltechCameraTrap_ME\58c1c126-23d2-11e8-a6a3-ec086b02610b.jpg;1
\vacia\NOANIMAL_ZOO_5_6_7_9\24_20210418 (10048).JPG;0
\cervidae\CERVIDREDORFALLOWDEER_ZOO_5_6_7_9\50_20210616 (24559).JPG;1
\ave\petrel_chick_IslandConservationCameraTraps\ecuador2_ic1618_20181121_032324_img_0479.jpg;1
\cervidae\CERVIDREDORFALLOWDEER_ZOO_5_6_7_9\19_20210219 (1400) (2021_04_15 06_16_22 UTC).JPG;1
\vacia\NOANIMAL_ZOO_1_4\4_20210117 (1527).JPG;0
\vaca\cow_CaltechCameraTrap\59104898-23d2-11e8-a6a3-ec086b02610b.jpg;1
\zorro\zorro_PNM_2012_ME\d16364IM000040.JPG;1
\jabali\WILDBOAR_ZOO_1_4\31_20201023 (104).JPG;1
\vacia\vacia_javi_2_JC\42_20201026 (35).JPG;0
\tejon\tejon_vacías_humanos_PNC_2012_ME\a40363IMAG0016.JPG;1
\vacia\NOANIMAL_ZOO_5_6_7_9\28_20210318 (118).JPG;0
\cervidae\CERVIDREDORFALLOWDEER_ZOO_1_4\21_20201025 (3891).JPG;1
\vacia\vacia_Paco_Carro_JC\MDGC0050.JPG;0
\leporido\conejo_WellingtonCameraTraps_SS\090516085040035c9192.JPG;1
\cervidae\CERVIDREDORFALLOWDEER_ZOO_5_6_7_9\19_20210219 (1652) (2021_04_15 06_16_22 UTC).JPG;1
\vacia\NOANIMAL_ZOO_1_4\34_20210115 (4903).JPG;0
\gato_domestico\gato_WellingtonCameraTraps_SS\2405151434420359L101.JPG;1
\leporido\liebre\liebre_Leo_Otra_fauna_PASADA_POR_LA_RED_JC\Otrafauna (566).JPG;1
\vacia\vacia_javi_2_JC\37_20201024 (2287).JPG;0
\vacia\vacias_2_de_2_PNC_2012_ISAAC\a43708IM000532.JPG;0
\cervidae\cervidae_alumno_AM_2\10_20201019 (763).JPG;1
\vacia\empty_IslandConservationCameraTraps\puertorico_16_20150226_164124_img_0347.jpg;0
\vacia\NOANIMAL_ZOO_5_6_7_9\25_20210417 (12590).JPG;0
\vacia\empty_IslandConservationCameraTraps\palau_cam13a12132018_20180825_120000_rcnx0110.jpg;0
\cervidae\ciervo_PNC_2014_ISAAC\c4681IM000094.JPG;1
\vacia\NOANIMAL_ZOO_1_4\7_20201217 (676).JPG;0
\cervidae\cervidae_ME_rev_3_donana\40_20201024 (8698).JPG;1
\vacia\empty_SnapshotMountainZebra\MTZ_S1_D05_R1_IMAG2112.JPG;0
\ave\bird_CaltechCameraTrap\58f73f22-23d2-11e8-a6a3-ec086b02610b.jpg;1
\cervidae\CERVIDREDORFALLOWDEER_ZOO_5_6_7_9\35_20210218 (409) (2021_04_15 06_16_22 UTC).JPG;1
\gato_domestico\cat_IslandConservationCameraTraps\chile_vaqueria2013_2002201364928.jpg;1
\humanovehiculo\HUMANORVEHICLE_ZOO_1_4\28_20201019 (18).JPG;1
\vacia\NOANIMAL_ZOO_5_6_7_9\10_20210618 (398).JPG;0
\vacia\NOANIMAL_ZOO_1_4\34_20210115 (607).JPG;0
\vacia\NOANIMAL_ZOO_1_4\26_20201020 (9184).JPG;0
\vacia\empty_IslandConservationCameraTraps\dominicanrepublic_cam1826junio2015_20150505_091827_img_1825.jpg;0
\vacia\NOANIMAL_ZOO_1_4\2_20210115 (1647).JPG;0
\lince\Lince_b_Linces2_Leo_JC\lince230 (100).JPG;1
\humanovehiculo\humanovehiculo_Caltech\595c68f1-23d2-11e8-a6a3-ec086b02610b.jpg;1
\leporido\rabbit_IslandConservationCameraTraps\chile_frances022013_31052013121140.jpg;1
\cervidae\CERVIDREDORFALLOWDEER_ZOO_1_4\2_20201117 (4495).JPG;1
\zorro\REDFOX_ZOO_5_6_7_9\47_20210615 (588).JPG;1
\cervidae\deer_CaltechCameraTrap\58e5994a-23d2-11e8-a6a3-ec086b02610b.jpg;1
\mapache\raccoon_CaltechCameraTrap_ME\599d7d1b-23d2-11e8-a6a3-ec086b02610b.jpg;1
\zorro\Zorro_PNC_2014_JC\c22039IM000096.JPG;1
\vaca\COW_ZOO_1_4\35_20210114 (365).JPG;1
\vaca\COW_ZOO_5_6_7_9\21_20210318 (15007).JPG;1
\zorro\REDFOX_ZOO_1_4\31_20210115 (523).JPG;1
\zorro\zorro_revGinetasJC_REV1_4_donana\37_20201116 (14116).JPG;1
\leporido\rabbit_CaltechCameraTrap_ME\593bdcae-23d2-11e8-a6a3-ec086b02610b.jpg;1
\ave\ave_ave_WellingtonCameraTraps_SS\030216073212027b2393.JPG;1
\vacia\vacia_alumno_1_TH\Nada (56)_frame080.jpg;0
\cervidae\CERVIDREDORFALLOWDEER_ZOO_5_6_7_9\28_20210615 (2228).JPG;1
\caballo\HORSE_ZOO_1_4\28_20201117 (567).JPG;1
\micromamiferos\rat_IslandConservationCameraTraps\micronesia_cam15april2019_20190411_222846_rcnx0071.jpg;1
\zorro\zorro_PNM_2013-I_ISAAC\e5662IMAG0078.JPG;1
\vacia\Nothing_mammalWeb\29315.jpg;0
\vacia\NOANIMAL_ZOO_5_6_7_9\24_20210418 (11711).JPG;0
\jabali\jabali_Paco_Carro_camarasliron_4_2_PASADAS_POR_LA_RED_JC\MDGC0707.JPG;1
\cervidae\Ciervo_PNC_2012_JC\a17378IM000038.JPG;1
\vacia\empty_IslandConservationCameraTraps\dominicanrepublic_cam0425abril2015_20130821_071855_sunp4095.jpg;0
\tejon\tejon_alumno_2_AM_JC\STC_0060 (2)_frame110.jpg;1
\vacia\NOANIMAL_ZOO_5_6_7_9\5_20210417 (221).JPG;0
\vacia\NOANIMAL_ZOO_5_6_7_9\25_20210417 (6781).JPG;0
\vaca\cow_CaltechCameraTrap\58e7230a-23d2-11e8-a6a3-ec086b02610b.jpg;1
\vacia\empty_caltechCameraTraps\59500431-23d2-11e8-a6a3-ec086b02610b.jpg;0
\cervidae\CERVIDREDORFALLOWDEER_ZOO_5_6_7_9\31_20210318 (319).JPG;1
\cervidae\ciervo_simone_2\34_20201024 (4213).JPG;1
\jabali\WILDBOAR_ZOO_5_6_7_9\28_20210417 (5973).JPG;1
\vacia\empty_caltechCameraTraps\598f7726-23d2-11e8-a6a3-ec086b02610b.jpg;0
\leporido\rabbit_IslandConservationCameraTraps\chile_frances012013_21122012210612.jpg;1
\vacia\empty_IslandConservationCameraTraps\dominicanrepublic_cam2015abril2015_20150326_144440_img_1108.jpg;0
\humanovehiculo\humanovehiculo_PNC_2013-O_RED_ISAAC\b8314FILE0134.JPG;1
\vacia\empty_IslandConservationCameraTraps\palau_cam13a12132018_20180823_120000_rcnx0061.jpg;0
\vacia\NOANIMAL_ZOO_1_4\21_20201119 (4760).JPG;0
\jabali\jabali_PNC_2014_manuel\c25096IM000074.JPG;1
\cervidae\CERVIDREDORFALLOWDEER_ZOO_5_6_7_9\10_20210417 (457).JPG;1
\vacia\empty_IslandConservationCameraTraps\dominicanrepublic_cam1826julio2015_20150628_120746_img_0656.jpg;0
\jabali\WILDBOAR_ZOO_1_4\37_20201116 (9489).JPG;1
\vaca\COW_ZOO_1_4\21_20201025 (3557).JPG;1
\lince\Lince_a_Linces2_Leo_JC\lince101 (94).JPG;1
\cervidae\CERVIDREDORFALLOWDEER_ZOO_5_6_7_9\2_20210417 (13964).JPG;1
\mapache\raccoon_CaltechCameraTrap_ME\5874d6ae-23d2-11e8-a6a3-ec086b02610b.jpg;1
\vacia\NOANIMAL_ZOO_1_4\7_20210115 (551).JPG;0
\vacia\vacia_javi_2_JC\27_20201023 (7109).JPG;0
\tejon\tejon_alumno_2_AM_JC\DSCF0635_frame034.jpg;1
\zorro\Zorro_PNC_2014_JC\c30263IM000041.JPG;1
\leporido\conejo_Paco_Carro_JC\PICT0079 (2).JPG;1
\vacia\empty_IslandConservationCameraTraps\palau_cam09a12132018_20180827_120000_rcnx0119.jpg;0
\vacia\vacia_alumno_2_AM\Timlep_frame000.jpg;0
\vacia\vacias_2_de_2_PNC_2012_ISAAC\a13199IM000105.JPG;0
\vacia\empty_caltechCameraTraps\5a2c867a-23d2-11e8-a6a3-ec086b02610b.jpg;0
\ave\bird_CaltechCameraTrap\590ebcbc-23d2-11e8-a6a3-ec086b02610b.jpg;1
\mapache\raccoon_CaltechCameraTrap_ME\58bb8aed-23d2-11e8-a6a3-ec086b02610b.jpg;1
\vacia\empty_IslandConservationCameraTraps\dominicanrepublic_cam1826julio2015_20150628_112520_img_0617.jpg;0
\ave\Chicken_ena24\6451.jpg;1
\vaca\COW_ZOO_1_4\35_20210114 (1298).JPG;1
\caballo\caballos_alumno_AM\caballos_alumno_AM\9_20201712 (932).JPG;1
\cervidae\ciervo_vacías_humanos_PNC_2012_ME\a2070IM000064.JPG;1
\vaca\COW_ZOO_5_6_7_9\35_20210218 (1953) (2021_04_15 06_16_22 UTC).JPG;1
\vacia\NOANIMAL_ZOO_5_6_7_9\24_20210615 (14833).JPG;0
\leporido\rabbit_CaltechCameraTrap_ME\586435fa-23d2-11e8-a6a3-ec086b02610b.jpg;1
\lince\Lince_b_Linces2_Leo_JC\lince133 (54).JPG;1
\vacia\NOANIMAL_ZOO_1_4\26_20201020 (4807).JPG;0
\caballo\HORSE_ZOO_1_4\15_20201117 (3407).JPG;1
\vacia\vacias_2_de_2_PNC_2012_ISAAC\a6314IM000012.JPG;0
\cervidae\ciervo_PNC_2013-O_RED_ISAAC\b10887IMAG0448.JPG;1
\vaca\COW_ZOO_5_6_7_9\21_20210418 (2572).JPG;1
\cervidae\CERVIDREDORFALLOWDEER_ZOO_1_4\21_20201025 (2983).JPG;1
\gato_domestico\gato_fotosManuelEmilio20200912\IMG_1763_x1.JPG;1
\zorro\zorro_vacías_humanos_PNC_2012_ME\a38134IMAG0042.JPG;1
\vacia\empty_caltechCameraTraps\59f12a2f-23d2-11e8-a6a3-ec086b02610b.jpg;0
\cervidae\deer_CaltechCameraTrap\5a217876-23d2-11e8-a6a3-ec086b02610b.jpg;1
\vacia\NOANIMAL_ZOO_1_4\34_20210115 (2731).JPG;0
\vacia\empty_caltechCameraTraps\5a197ba6-23d2-11e8-a6a3-ec086b02610b.jpg;0
\mapache\raccoon_CaltechCameraTrap_ME\58768122-23d2-11e8-a6a3-ec086b02610b.jpg;1
\cervidae\ciervo_vacías_humanos_PNC_2012_ME\a17879IM000083.JPG;1
\ave\bird_CaltechCameraTrap\589e67d5-23d2-11e8-a6a3-ec086b02610b.jpg;1
\vacia\NOANIMAL_ZOO_5_6_7_9\25_20210417 (6807).JPG;0
\vacia\vacias_PNC_2014_manuel\c9197IM000060.JPG;0
\vacia\empty_IslandConservationCameraTraps\dominicanrepublic_cam0527septiembre2015_20130809_095018_sunp0570.jpg;0
\vacia\NOANIMAL_ZOO_1_4\37_20201116 (2597).JPG;0
\cervidae\CERVIDREDORFALLOWDEER_ZOO_5_6_7_9\36_20210319 (575).JPG;1
\vacia\NOANIMAL_ZOO_1_4\26_20201020 (16554).JPG;0
\cervidae\CERVIDREDORFALLOWDEER_ZOO_5_6_7_9\19_20210219 (1202) (2021_04_15 06_16_22 UTC).JPG;1
\cervidae\CERVIDREDORFALLOWDEER_ZOO_1_4\41_20210114 (152).JPG;1
\cervidae\CERVIDREDORFALLOWDEER_ZOO_5_6_7_9\18_20210219 (6115) (2021_04_15 06_16_22 UTC).JPG;1
\humanovehiculo\humanovehiculo_PNC_2013-O_RED_ISAAC\b16402IM000007.JPG;1
\vacia\vacia_javi_2_JC\34_20201024 (3546).JPG;0
\jabali\jabali_PNC_2013-O_RED_ISAAC\b1892IMAG0114.JPG;1
\vaca\COW_ZOO_5_6_7_9\46_20210618 (612).JPG;1
\vacia\empty_SnapshotMountainZebra\MTZ_S1_G04_R3_IMAG2129.JPG;0
\vacia\NOANIMAL_ZOO_5_6_7_9\11_20210615 (5846).JPG;0
\vacia\empty_SnapshotMountainZebra\MTZ_S1_D05_R1_IMAG0217.JPG;0
\vacia\empty_IslandConservationCameraTraps\micronesia_cam04april2019_20190414_203003_rcnx0120.jpg;0
\vacia\empty_SnapshotMountainZebra\MTZ_S1_G04_R3_IMAG3156.JPG;0
\vaca\cow_CaltechCameraTrap\58ec54cd-23d2-11e8-a6a3-ec086b02610b.jpg;1
\vacia\empty_SnapshotMountainZebra\MTZ_S1_E06_R3_IMAG0975.JPG;0
\jabali\WILDBOAR_ZOO_5_6_7_9\5_20210219 (1510) (2021_04_15 06_16_22 UTC).JPG;1
\vacia\empty_SnapshotMountainZebra\MTZ_S1_G04_R3_IMAG1197.JPG;0
\zorro\zorro_PNM_2012_ME\d14686IMAG0015.JPG;1
\vacia\empty_IslandConservationCameraTraps\micronesia_cam16april2019_20190415_080000_rcnx0415.jpg;0
\cervidae\3_gamo_Javi_3_JC\9_20201025 (548).JPG;1
\zorro\zorro_PNC_2013-I_ME\212IM000103.JPG;1
\vacia\empty_caltechCameraTraps\5a015d3b-23d2-11e8-a6a3-ec086b02610b.jpg;0
\vacia\empty_SnapshotMountainZebra\MTZ_S1_D06_R1_IMAG0518.JPG;0
\vacia\NOANIMAL_ZOO_5_6_7_9\50_20210417 (25419).JPG;0
\lince\Lince_a_Linces2_Leo_JC\Lince60 (202).JPG;1
\cervidae\ciervo_ME_rev_3_donana\26_20201020 (1735).JPG;1
\vacia\empty_caltechCameraTraps\5a2c86f4-23d2-11e8-a6a3-ec086b02610b.jpg;0
\jabali\4_jabali_javi_JC\37_20201024 (893).JPG;1
\vacia\vacias_PNM_2013-O_ISAAC\f6771IMAG1197.JPG;0
\zorro\2_zorro_Leo_Otra_fauna_PASADA_POR_LA_RED_JC\Otrafauna (258).JPG;1
\vacia\NOANIMAL_ZOO_1_4\26_20201020 (16216).JPG;0
\gato_domestico\gato_WellingtonCameraTraps_SS\1705151424400359L103.JPG;1
\cervidae\CERVIDREDORFALLOWDEER_ZOO_1_4\21_20201025 (5853).JPG;1
\cervidae\CERVIDREDORFALLOWDEER_ZOO_1_4\34_20201024 (875).JPG;1
\cervidae\2_ciervo_Javi_3_JC\28_20201019 (2320).JPG;1
\humanovehiculo\car_CaltechCameraTrap_ME\vehiculo\59ffb9a3-23d2-11e8-a6a3-ec086b02610b.jpg;1
\tejon\Tejon_PEPE_IREC_JC\IMAG0100_(7).JPG;1
\gato_domestico\gato_WellingtonCameraTraps_SS\190516052810011a1027.JPG;1
\vacia\empty_caltechCameraTraps\596ef00f-23d2-11e8-a6a3-ec086b02610b.jpg;0
\cervidae\2_ciervo_Javi_3_JC\10_20201019 (1303).JPG;1
\ave\ave_ave_WellingtonCameraTraps_SS\071116105622045as433.JPG;1
\vacia\NOANIMAL_ZOO_1_4\6_20201812 (11965).JPG;0
\micromamiferos\spiny_rat_MissouriCameraTrap\SEQ75292_IMG_0001.JPG;1
\vacia\vacias_2_de_2_PNC_2012_ISAAC\a10141IM000102.JPG;0
\vaca\COW_ZOO_1_4\21_20201119 (946).JPG;1
\jabali\jabali_PNC_2013-O_RED_ISAAC\b6192IMAG0016.JPG;1
\leporido\rabbit_IslandConservationCameraTraps\chile_frances022013_02052013132357.jpg;1
\micromamiferos\micromamiferos_Paco_Carro_JC\IMG_0078 (2).JPG;1
\vacia\NOANIMAL_ZOO_1_4\26_20201020 (1020).JPG;0
\mapache\raccoon_CaltechCameraTrap_ME\59c66baf-23d2-11e8-a6a3-ec086b02610b.jpg;1
\cervidae\CERVIDREDORFALLOWDEER_ZOO_5_6_7_9\24_20210318 (3912).JPG;1
\vacia\empty_SnapshotMountainZebra\MTZ_S1_D06_R1_IMAG1624.JPG;0
\leporido\rabbit_CaltechCameraTrap_ME\589cb32d-23d2-11e8-a6a3-ec086b02610b.jpg;1
\vacia\NOANIMAL_ZOO_5_6_7_9\28_20210318 (11547).JPG;0
\humanovehiculo\HUMANORVEHICLE_ZOO_5_6_7_9\46_20210618 (1).JPG;1
\vacia\vacias_PNC_2014_ISAAC\c15231IM000004.JPG;0
\vacia\vacia_ss\40_20201024 (6307).JPG;0
\zorro\REDFOX_ZOO_1_4\2_20201117 (4701).JPG;1
\vacia\NOANIMAL_ZOO_5_6_7_9\19_20210618 (436).JPG;0
\lince\Lince_a_Linces2_Leo_JC\lince128 (72).JPG;1
\tejon\Tejon_PEPE_IREC_JC\IMAG2919.JPG;1
\vacia\vacia_Soraya_Padilla_Alumno_1_TH\DSCF0111_frame130.jpg;0
\vacia\NOANIMAL_ZOO_1_4\34_20210115 (89).JPG;0
\vacia\vacia_alumno_2_2_TH_JC\27_20201023 (7144).JPG;0
\vacia\empty_SnapshotMountainZebra\MTZ_S1_G04_R3_IMAG0962.JPG;0
\humanovehiculo\HUMANORVEHICLE_ZOO_1_4\38_20210117 (9).JPG;1
\cervidae\CERVIDREDORFALLOWDEER_ZOO_1_4\21_20201025 (4023).JPG;1
\jabali\jabali_PNC_2014_manuel\c13465IMAG0168.JPG;1
\lince\Lince_a_Linces2_Leo_JC\lince74 (208).JPG;1
\cervidae\CERVIDREDORFALLOWDEER_ZOO_1_4\34_20201024 (5241).JPG;1
\vacia\NOANIMAL_ZOO_5_6_7_9\2_20210417 (11225).JPG;0
\vacia\empty_IslandConservationCameraTraps\dominicanrepublic_cam1826julio2015_20150717_093656_img_2702.jpg;0
\vacia\vacia_alumno_2_AM\Canlup 5_frame300.jpg;0
\cervidae\CERVIDREDORFALLOWDEER_ZOO_5_6_7_9\28_20210615 (797).JPG;1
\ave\ave_ave_WellingtonCameraTraps_SS\030416152412034cs081.JPG;1
\meloncillo\EGYPTIANMONGOOSE_ZOO_1_4\32_20201117 (289).JPG;1
\vacia\Vacias_PNC_2014_JC\c3340IM000080.JPG;0
\vacia\NOANIMAL_ZOO_5_6_7_9\28_20210417 (414).JPG;0
\vacia\NOANIMAL_ZOO_1_4\6_20201812 (8084).JPG;0
\caballo\HORSE_ZOO_1_4\10_20201117 (1183).JPG;1
\cervidae\CERVIDREDORFALLOWDEER_ZOO_1_4\15_20201117 (4138).JPG;1
\lince\Lince_a_Linces2_Leo_JC\lince115 (50).JPG;1
\cervidae\deer_CaltechCameraTrap\598496a6-23d2-11e8-a6a3-ec086b02610b.jpg;1
\zorro\Zorro_Pepe_IREC\Zorro_Pepe_Irec_ME\IMAG0092_(9).JPG;1
\cervidae\Ciervo_PNM_2013-0_ME\f10472IM000132.JPG;1
\vacia\vacias_2_de_2_PNC_2012_ISAAC\a23501IM000146.JPG;0
\vacia\empty_SnapshotMountainZebra\MTZ_S1_F04_R3_IMAG0841.JPG;0
\garduna\Garduna_PNM_2013-0_ME\f5520IM000149.JPG;1
\vacia\empty_IslandConservationCameraTraps\dominicanrepublic_cam1926junio2015_20150413_151917_img_0072.jpg;0
\lince\linces_fecha_Linces2_Leo_JC\2_Lince_flecha_Linces2_Leo_JC\lince90 (30).JPG;1
\leporido\rabbit_IslandConservationCameraTraps\chile_frances022013_05062013144450.jpg;1
\leporido\rabbit_IslandConservationCameraTraps\chile_frances022013_11052013131150.jpg;1
\vaca\COW_ZOO_5_6_7_9\46_20210618 (1005).JPG;1
\vaca\COW_ZOO_1_4\21_20201217 (4786).JPG;1
\vacia\vacia_Paco_Carro_JC\PICT0423.JPG;0
\jabali\WILDBOAR_ZOO_1_4\24_20201117 (381).JPG;1
\lince\linces_fecha_Linces2_Leo_JC\2_Lince_flecha_Linces2_Leo_JC\lince90 (27).JPG;1
\cervidae\ciervo_PNC_2013-I_RED_ME\6818IM000131.JPG;1
\zorro\fox_CaltechCameraTrap_ME\58c4d8be-23d2-11e8-a6a3-ec086b02610b.jpg;1
\zorro\Zorro_Pepe_IREC\Zorro_Pepe_Irec_ME\IMAG2082_(2).JPG;1
\vaca\cow_CaltechCameraTrap\58b4aba6-23d2-11e8-a6a3-ec086b02610b.jpg;1
\vacia\NOANIMAL_ZOO_5_6_7_9\24_20210418 (1677).JPG;0
\vacia\empty_caltechCameraTraps\59cb39b0-23d2-11e8-a6a3-ec086b02610b.jpg;0
\vacia\empty_IslandConservationCameraTraps\dominicanrepublic_cam1725abril2015_20150416_083924_img_0624.jpg;0
\vacia\SnampshotEnonkishu\ENO_S1_D03_R1_IMAG2151.JPG;0
\cervidae\ciervo_PNC_2013-O_RED_ISAAC\b14389IM000162.JPG;1
\vacia\vacia_alumno_1_AM\6_20201023 (255).JPG;0
\vacia\NOANIMAL_ZOO_5_6_7_9\50_20210408 (11977).JPG;0
\cervidae\ciervo_PNC_2014_ISAAC\c24887IMAG0125.JPG;1
\vacia\NOANIMAL_ZOO_5_6_7_9\50_20210408 (8544).JPG;0
\cervidae\ciervo_PNC_2013-O_RED_ISAAC\b17905IM000207.JPG;1
\cervidae\CERVIDREDORFALLOWDEER_ZOO_1_4\39_20201019 (254).JPG;1
\leporido\rabbit_IslandConservationCameraTraps\chile_frances012013_2812201201914.jpg;1
\humanovehiculo\HUMANORVEHICLE_ZOO_1_4\13_20201118 (84).JPG;1
\gineta\COMMONGENET_ZOO_5_6_7_9\47_20210418 (1789).JPG;1
\cervidae\7_ciervo_simone_2\34_20201024 (3335).JPG;1
\lince\Lince_a_Linces2_Leo_JC\lince94 (63).JPG;1
\vacia\NOANIMAL_ZOO_5_6_7_9\25_20210319 (7871).JPG;0
\cervidae\ciervo_PNC_2013-O_RED_ISAAC\b7143FILE0293.JPG;1
\vacia\vacio_Saul Martin_FRAMES_SIN_REPETIDOS_REVISADOS_DIEGO\IMAG0021_frame280 - copia.jpg;0
\jabali\WILDBOAR_ZOO_5_6_7_9\11_20210218 (39) (2021_04_15 06_16_22 UTC).JPG;1
\cervidae\CERVIDREDORFALLOWDEER_ZOO_1_4\9_20201712 (2362).JPG;1
\vacia\empty_IslandConservationCameraTraps\dominicanrepublic_cam10618mayo2017_20161009_154734_img_0012.jpg;0
\vacia\empty_SnapshotMountainZebra\MTZ_S1_G04_R3_IMAG2183.JPG;0
\humanovehiculo\HUMANORVEHICLE_ZOO_5_6_7_9\22_20210318 (9020).JPG;1
\leporido\rabbit_IslandConservationCameraTraps\chile_frances022013_14052013140753.jpg;1
\vacia\NOANIMAL_ZOO_1_4\7_20210115 (2629).JPG;0
\micromamiferos\rat_IslandConservationCameraTraps\micronesia_cam03april2019_20190412_035101_rcnx0556.jpg;1
\vacia\empty_SnapshotMountainZebra\MTZ_S1_D06_R1_IMAG2693.JPG;0
\zorro\Zorro_PNC_2014_JC\c22306IM000100.JPG;1
\humanovehiculo\car_CaltechCameraTrap_ME\vehiculo\59b93909-23d2-11e8-a6a3-ec086b02610b.jpg;1
\jabali\WILDBOAR_ZOO_1_4\31_20201218 (170).JPG;1
\vacia\NOANIMAL_ZOO_1_4\34_20210115 (7858).JPG;0
\cervidae\CERVIDREDORFALLOWDEER_ZOO_1_4\21_20201025 (190).JPG;1
\cervidae\deer_CaltechCameraTrap\59862600-23d2-11e8-a6a3-ec086b02610b.jpg;1
\jabali\WILDBOAR_ZOO_1_4\11_20201027 (211).JPG;1
\vacia\empty_caltechCameraTraps\594b5f29-23d2-11e8-a6a3-ec086b02610b.jpg;0
\humanovehiculo\car_CaltechCameraTrap_ME\vehiculo\5a263ab7-23d2-11e8-a6a3-ec086b02610b.jpg;1
\cervidae\deer_CaltechCameraTrap\595f7ac7-23d2-11e8-a6a3-ec086b02610b.jpg;1
\leporido\rabbit_IslandConservationCameraTraps\chile_frances012013_21122012145726.jpg;1
\mapache\raccoon_CaltechCameraTrap_ME\58857b41-23d2-11e8-a6a3-ec086b02610b.jpg;1
\vacia\empty_IslandConservationCameraTraps\dominicanrepublic_cam0425abril2015_20130815_054932_sunp2715.jpg;0
\micromamiferos\micromamiferos_Paco_Carro_JC\IMG_0568.JPG;1
\cervidae\CERVIDREDORFALLOWDEER_ZOO_1_4\15_20210117 (9782).JPG;1
\ave\bird_CaltechCameraTrap\586291a3-23d2-11e8-a6a3-ec086b02610b.jpg;1
\cervidae\CERVIDREDORFALLOWDEER_ZOO_1_4\18_20210115 (2751).JPG;1
\caballo\caballos_alumno_AM\caballos_alumno_AM\9_20201712 (2264).JPG;1
\vacia\vacias_PNM_2013-O_ISAAC\f2327IMAG0084.JPG;0
\vaca\COW_ZOO_1_4\17_20201026 (525).JPG;1
\cervidae\CERVIDREDORFALLOWDEER_ZOO_1_4\21_20201119 (3408).JPG;1
\vacia\vacia_alumno_1_TH\Ave (6)_frame100.jpg;0
\vaca\COW_ZOO_5_6_7_9\2_20210417 (1349).JPG;1
\cervidae\3_ciervo_simone_2\34_20201024 (3967).JPG;1
\cervidae\ciervo_PNC_2013-O_RED_ISAAC\b263IM000045.JPG;1
\vacia\NOANIMAL_ZOO_1_4\26_20201020 (17452).JPG;0
\vacia\NOANIMAL_ZOO_5_6_7_9\42_20210418 (252).JPG;0
\vacia\empty_SnapshotMountainZebra\MTZ_S1_D07_R1_IMAG1915.JPG;0
\vacia\empty_caltechCameraTraps\59594fde-23d2-11e8-a6a3-ec086b02610b.jpg;0
\vacia\NOANIMAL_ZOO_1_4\7_20210115 (2369).JPG;0
\humanovehiculo\humano_vehiculo_PNM_2013-O_ISAAC\f21294IM000003.JPG;1
\ave\Pheasant_mammalWeb\68445.jpg;1
\vaca\COW_ZOO_5_6_7_9\49_20210418 (2008).JPG;1
\caballo\HORSE_ZOO_1_4\15_20201215 (46).JPG;1
\jabali\WILDBOAR_ZOO_1_4\37_20201024 (8681).JPG;1
\jabali\WILDBOAR_ZOO_5_6_7_9\5_20210219 (1516) (2021_04_15 06_16_22 UTC).JPG;1
\cervidae\ciervo_vacías_humanos_PNC_2012_ME\a13836IM000043.JPG;1
\vacia\NOANIMAL_ZOO_5_6_7_9\2_20210219 (1694) (2021_04_15 06_16_22 UTC).JPG;0
\vacia\NOANIMAL_ZOO_5_6_7_9\24_20210418 (7828).JPG;0
\vacia\NOANIMAL_ZOO_5_6_7_9\50_20210408 (7943).JPG;0
\vacia\NOANIMAL_ZOO_5_6_7_9\38_20210618 (478).JPG;0
\vaca\cow_CaltechCameraTrap\58bea566-23d2-11e8-a6a3-ec086b02610b.jpg;1
\vacia\NOANIMAL_ZOO_1_4\6_20201116 (6528).JPG;0
\jabali\WILDBOAR_ZOO_5_6_7_9\47_20210418 (1184).JPG;1
\jabali\WILDBOAR_ZOO_1_4\11_20210114 (535).JPG;1
\vacia\NOANIMAL_ZOO_5_6_7_9\25_20210417 (5755).JPG;0
\cervidae\2_Ciervos_PNC2012_JC\a15732IMAG0122.JPG;1
\humanovehiculo\humanovehiculo_PNC_2014_manuel\c15096IMAG0569.JPG;1
\micromamiferos\micromamifero_WellingtonCameraTraps_SS\260416214738045cs242.JPG;1
\vacia\NOANIMAL_ZOO_5_6_7_9\20_20210219 (134) (2021_04_15 06_16_22 UTC).JPG;0
\leporido\rabbit_IslandConservationCameraTraps\chile_frances022013_04052013110515.jpg;1
\cervidae\CERVIDREDORFALLOWDEER_ZOO_5_6_7_9\8_20210318 (686).JPG;1
\cervidae\cervidae_alumno_1_AM_2\30_20201021 (12109).JPG;1
\micromamiferos\micromamifero_WellingtonCameraTraps_SS\180116002504044as082.JPG;1
\vaca\cow_CaltechCameraTrap\59484675-23d2-11e8-a6a3-ec086b02610b.jpg;1
\zorro\Zorro_PNC_2013-O_ME\b5831IM000292.JPG;1
\gato_domestico\cat_IslandConservationCameraTraps\puertorico_20_20150513_013502_img_0473.jpg;1
\humanovehiculo\HUMANORVEHICLE_ZOO_5_6_7_9\1_20210417 (1306).JPG;1
\vacia\NOANIMAL_ZOO_5_6_7_9\24_20210418 (12693).JPG;0
\vacia\empty_SnapshotMountainZebra\MTZ_S1_B04_R1_IMAG0165.JPG;0
\jabali\WILDBOAR_ZOO_1_4\15_20210117 (16535).JPG;1
\zorro\zorro_PNC_2013-O_RED_ISAAC\b7020FILE0163.JPG;1
\micromamiferos\rat_IslandConservationCameraTraps\micronesia_cam06_cam06june2019_pig_20190629193042_11188.jpg;1
\vacia\NOANIMAL_ZOO_5_6_7_9\24_20210418 (14953).JPG;0
\vacia\vacias_PNC_2014_ISAAC\c29578IM000209.JPG;0
\leporido\2_conejo_Paco_Carro_JC\PICT0759.JPG;1
\ave\ave_ave_WellingtonCameraTraps_SS\191215112632008bs143.JPG;1
\vacia\NOANIMAL_ZOO_1_4\37_20201116 (2448).JPG;0
\zorro\REDFOX_ZOO_5_6_7_9\47_20210418 (1461).JPG;1
\zorro\Zorro_Pepe_IREC\Zorro_Pepe_Irec_ME\IMAG1848.JPG;1
\vacia\empty_SnapshotMountainZebra\MTZ_S1_D07_R1_IMAG0838.JPG;0
\zorro\zorro_PNC_2013-O_RED_ISAAC\b1499IMAG0028.JPG;1
\leporido\rabbit_IslandConservationCameraTraps\chile_frances022013_25042013103731.jpg;1
\vacia\empty_IslandConservationCameraTraps\dominicanrepublic_cam1826junio2015_20150504_134413_img_0481.jpg;0
\vacia\vacias_2_de_2_PNC_2012_ISAAC\a7802IM000119.JPG;0
\jabali\WILDBOAR_ZOO_1_4\31_20201023 (134).JPG;1
\vacia\vacia_Paco_Carro_JC\IMG_2110.JPG;0
\vacia\empty_SnapshotMountainZebra\MTZ_S1_G04_R3_IMAG0803.JPG;0
\vacia\empty_SnapshotMountainZebra\MTZ_S1_C06_R1_IMAG2036.JPG;0
\vacia\NOANIMAL_ZOO_1_4\7_20210115 (3684).JPG;0
\ave\ave_ave_WellingtonCameraTraps_SS\060216080646002c8233.JPG;1
\vacia\NOANIMAL_ZOO_1_4\7_20210115 (940).JPG;0
\vacia\NOANIMAL_ZOO_5_6_7_9\50_20210408 (2198).JPG;0
\cervidae\CERVIDREDORFALLOWDEER_ZOO_1_4\21_20201025 (1013).JPG;1
\cervidae\ciervo_PNC_2013-O_RED_ISAAC\b19278IMAG0110.JPG;1
\vacia\NOANIMAL_ZOO_5_6_7_9\50_20210408 (9606).JPG;0
\caballo\HORSE_ZOO_1_4\2_20201215 (1839).JPG;1
\vacia\empty_SnapshotMountainZebra\MTZ_S1_G04_R3_IMAG2562.JPG;0
\zorro\ZORRO_PNM_2013-I_ISAAC\e2045IM000539.JPG;1
\vacia\SnampshotEnonkishu\ENO_S1_D06_R1_IMAG2786.JPG;0
\cervidae\CERVIDREDORFALLOWDEER_ZOO_1_4\33_20201025 (66).JPG;1
\lince\Lince_a_Linces2_Leo_JC\lince120 (91).JPG;1
\cervidae\CERVIDREDORFALLOWDEER_ZOO_5_6_7_9\15_20210219 (4287) (2021_04_15 06_16_22 UTC).JPG;1
\micromamiferos\rat_IslandConservationCameraTraps\micronesia_cam06_cam06june2019_pig_20190629201016_1708.jpg;1
\vacia\empty_SnapshotMountainZebra\MTZ_S1_C06_R3_IMAG0328.JPG;0
\jabali\WILDBOAR_ZOO_1_4\22_20210115 (787).JPG;1
\cervidae\ciervo_vacías_humanos_PNC_2012_ME\a18476IM000054.JPG;1
\vacia\empty_SnapshotMountainZebra\MTZ_S1_G04_R3_IMAG2926.JPG;0
\vacia\empty_caltechCameraTraps\5957c32f-23d2-11e8-a6a3-ec086b02610b.jpg;0
\cervidae\CERVIDREDORFALLOWDEER_ZOO_1_4\40_20201215 (2023).JPG;1
\vacia\NOANIMAL_ZOO_1_4\4_20201220 (3141).JPG;0
\vacia\empty_IslandConservationCameraTraps\dominicanrepublic_cam0425abril2015_20130812_052758_sunp1947.jpg;0
\vaca\COW_ZOO_5_6_7_9\21_20210418 (4010).JPG;1
\zorro\zorro_PNM_2013-I_ME\e2032IM000526.JPG;1
\cervidae\Ciervo_PNC_2012_JC\a24336IM000097.JPG;1
\jabali\WILDBOAR_ZOO_1_4\37_20201116 (546).JPG;1
\vacia\empty_SnapshotMountainZebra\MTZ_S1_C07_R1_IMAG1088.JPG;0
\zorro\zorro_alumno_AM_2\24_20201019 (8560).JPG;1
\vacia\NOANIMAL_ZOO_1_4\26_20201020 (8911).JPG;0
\ave\ave_Soraya_Padilla_Alumno_1_TH\STC_0172_frame050.jpg;1
\vacia\empty_SnapshotCamdeboo\CDB_S1_B06_R2_IMAG0410.JPG;0
\leporido\conejo_WellingtonCameraTraps_SS\151215220228016b7302.JPG;1
\ave\chicken_IslandConservationCameraTraps\palau_cam13a12132018_20181114_144455_rcnx1361.jpg;1
\vacia\empty_IslandConservationCameraTraps\micronesia_cam16_cam16june2019_20190618081503_rcnx3124.jpg;0
\cervidae\Cervidae1___diego_1_rev_donana\10_20201019 (1353).JPG;1
\cervidae\cervidae_ME_rev_1_donana\26_20201020 (4122).JPG;1
\vacia\NOANIMAL_ZOO_1_4\42_20201118 (101).JPG;0
\leporido\conejo_Paco_Carro_JC\PICT0809.JPG;1
\vaca\COW_ZOO_5_6_7_9\46_20210618 (597).JPG;1
\gineta\gineta_PNM_2013-O_ISAAC\f8478IM000350.JPG;1
\cervidae\ciervo_simone_2\37_20201024 (12954).JPG;1
\zorro\zorro_PNM_2012_ME\d3911IM000170.JPG;1
\jabali\WILDBOAR_ZOO_1_4\33_20201025 (323).JPG;1
\humanovehiculo\humanovehiculo_PNC_2014_manuel\c25788IM000004.JPG;1
\leporido\conejoLiebre_vacias_humanos_PNC_2012_ME_JC\Liebre_vacías_humanos_PNC_2012_ME_JC\a30765IM000083.JPG;1
\caballo\HORSE_ZOO_1_4\2_20201117 (299).JPG;1
\vacia\NOANIMAL_ZOO_5_6_7_9\24_20210418 (7068).JPG;0
\vacia\NOANIMAL_ZOO_1_4\43_20201217 (2056).JPG;0
\caballo\HORSE_ZOO_5_6_7_9\46_20210618 (96).JPG;1
\jabali\Jabali1_diego_2_rev_donana\29_20201023 (822).JPG;1
\zorro\zorro_ME_rev_1_donana\34_20201024 (3001).JPG;1
\cervidae\CERVIDREDORFALLOWDEER_ZOO_5_6_7_9\22_20210615 (3540).JPG;1
\zorro\zorro_PNC_2013-I_RED_ME\699IM000120.JPG;1
\vacia\vacias_1_de_2_PNC_2012_ISAAC\a39305IMAG1053.JPG;0
\vacia\NOANIMAL_ZOO_1_4\26_20201020 (14290).JPG;0
\jabali\WILDBOAR_ZOO_1_4\32_20201218 (438).JPG;1
\cervidae\CERVIDREDORFALLOWDEER_ZOO_1_4\3_20201217 (205).JPG;1
\leporido\Conejo_Leo_Otra_fauna_PASADA_POR_LA_RED_JC\Otrafauna (1185).JPG;1
\vacia\empty_IslandConservationCameraTraps\ecuador1_ic1619_20181202_153857_img_2343.jpg;0
\ave\bird_CaltechCameraTrap\591b25e0-23d2-11e8-a6a3-ec086b02610b.jpg;1
\vacia\empty_SnapshotMountainZebra\MTZ_S1_C06_R1_IMAG1335.JPG;0
\vacia\NOANIMAL_ZOO_5_6_7_9\5_20210319 (1704).JPG;0
\jabali\jabali_Leo_Otra_fauna_PASADA_POR_LA_RED_JC\Otrafauna (1101).JPG;1
\vacia\vacia_alumno_AM_2\24_20201019 (321).JPG;0
\zorro\zorro_alumno_1_AM_2\34_20201024 (5197).JPG;1
\vacia\empty_IslandConservationCameraTraps\dominicanrepublic_cam0526julio2015_20150624_131303_sunp0065.jpg;0
\humanovehiculo\humanovehiculo_PNC_2014_manuel\c25777IM000075.JPG;1
\leporido\conejo_Paco_Carro_JC\PICT0231.JPG;1
\ave\Bird_ena24\1655.jpg;1
\micromamiferos\micromamifero_WellingtonCameraTraps_SS\060516184322038as463.JPG;1
\vacia\empty_IslandConservationCameraTraps\dominicanrepublic_cam0425abril2015_20130821_044315_sunp3986.jpg;0
\vacia\empty_SnapshotMountainZebra\MTZ_S1_G04_R3_IMAG3902.JPG;0
\vacia\vacias_PNC_2014_ISAAC\c9494IM000241.JPG;0
\vacia\vacias_PNC_2014_manuel\c19730IMAG0298.JPG;0
\vacia\NOANIMAL_ZOO_5_6_7_9\11_20210418 (1955).JPG;0
\micromamiferos\rat_IslandConservationCameraTraps\micronesia_cam06_cam06june2019_pig_20190629192740_11229.jpg;1
\humanovehiculo\HUMANORVEHICLE_ZOO_1_4\24_20201019 (36).JPG;1
\vacia\empty_SnapshotMountainZebra\MTZ_S1_D07_R1_IMAG2463.JPG;0
\jabali\WILDBOAR_ZOO_1_4\11_20210114 (799).JPG;1
\cervidae\ciervo_PNC_2014_ISAAC\c28972IM000274.JPG;1
\vacia\NOANIMAL_ZOO_5_6_7_9\28_20210318 (15468).JPG;0
\vacia\empty_IslandConservationCameraTraps\dominicanrepublic_cam1826julio2015_20150628_083941_img_0477.jpg;0
\cervidae\CERVIDREDORFALLOWDEER_ZOO_5_6_7_9\39_20210318 (279).JPG;1
\vaca\COW_ZOO_5_6_7_9\21_20210318 (14242).JPG;1
\jabali\WILDBOAR_ZOO_1_4\37_20201116 (11954).JPG;1
\garduna\garduna_PNM_2012_ME\d2999IM000025.JPG;1
\ave\raven_IslandConservationCameraTraps\dominicanrepublic_cam11518mayo2017a_20170224_103431_img_0304.jpg;1
\vacia\empty_IslandConservationCameraTraps\palau_cam02a12132018_20181115_120000_rcnx1356.jpg;0
\zorro\fox_CaltechCameraTrap_ME\59817c9e-23d2-11e8-a6a3-ec086b02610b.jpg;1
\vacia\NOANIMAL_ZOO_1_4\7_20210115 (2665).JPG;0
\cervidae\CERVIDREDORFALLOWDEER_ZOO_5_6_7_9\38_20210219 (337) (2021_04_15 06_16_22 UTC).JPG;1
\jabali\Jabali_PNC_2014_JC\c25109IM000087.JPG;1
\leporido\rabbit_CaltechCameraTrap_ME\5879d511-23d2-11e8-a6a3-ec086b02610b.jpg;1
\vaca\cow_CaltechCameraTrap\59484456-23d2-11e8-a6a3-ec086b02610b.jpg;1
\gato_domestico\cat_IslandConservationCameraTraps\puertorico_25_20150527_163825_img_1521.jpg;1
\vacia\vacia_alumno_AM_2\30_20201021 (4252).JPG;0
\caballo\HORSE_ZOO_1_4\2_20210115 (7253).JPG;1
\leporido\rabbit_IslandConservationCameraTraps\chile_frances012013_0301201343622.jpg;1
\humanovehiculo\HUMANORVEHICLE_ZOO_1_4\5_20210115 (5).JPG;1
\micromamiferos\rodent_CaltechCameraTrap_JC\Roedor_ rodent_CaltechCameraTrap_JC\5a230fef-23d2-11e8-a6a3-ec086b02610b.jpg;1
\cervidae\Ciervo_PNC_2012_JC\a12539IM000955.JPG;1
\jabali\WILDBOAR_ZOO_5_6_7_9\32_20210218 (585) (2021_04_15 06_16_22 UTC).JPG;1
\micromamiferos\rat_IslandConservationCameraTraps\palau_cam6a12132018_20180914_224626_rcnx0468.jpg;1
\cervidae\CERVIDREDORFALLOWDEER_ZOO_1_4\21_20201025 (1732).JPG;1
\vacia\empty_caltechCameraTraps\597e62d7-23d2-11e8-a6a3-ec086b02610b.jpg;0
\zorro\zorro_vacías_humanos_PNC_2012_ME\a30492IM000046.JPG;1
\ave\ave_ave_WellingtonCameraTraps_SS\260916180556007bs383.JPG;1
\leporido\rabbit_IslandConservationCameraTraps\chile_frances012013_0901201361838.jpg;1
\vacia\empty_IslandConservationCameraTraps\dominicanrepublic_cam1826julio2015_20150701_130113_img_0791.jpg;0
\vacia\empty_IslandConservationCameraTraps\micronesia_cam04april2019_20190415_043503_rcnx0338.jpg;0
\gato_domestico\cat_IslandConservationCameraTraps\palau_cam1a12122018_20181107_070354_rcnx0975.jpg;1
\vacia\NOANIMAL_ZOO_1_4\9_20201118 (886).JPG;0
\cervidae\ciervo_PNM_2012_ME\d10401IM000460.JPG;1
\vacia\NOANIMAL_ZOO_1_4\6_20201812 (9137).JPG;0
\cervidae\ciervo_Paco_Carro_JC\IMG_1256.JPG;1
\garduna\garduna_PNM_2012_ME\d13047IM001001.JPG;1
\cervidae\ciervo_PNC_2013-O_RED_ISAAC\b7115FILE0263.JPG;1
\leporido\conejo_Paco_Carro_JC\01060225.JPG;1
\cervidae\CERVIDREDORFALLOWDEER_ZOO_5_6_7_9\17_20210218 (147) (2021_04_15 06_16_22 UTC).JPG;1
\vaca\COW_ZOO_1_4\35_20210114 (330).JPG;1
\cervidae\CERVIDREDORFALLOWDEER_ZOO_1_4\21_20201025 (915).JPG;1
\cervidae\deer_CaltechCameraTrap\59fe20d6-23d2-11e8-a6a3-ec086b02610b.jpg;1
\cervidae\ciervo_PNC_2013-O_RED_ISAAC\b17856IM000155.JPG;1
\vacia\NOANIMAL_ZOO_5_6_7_9\20_20210219 (731) (2021_04_15 06_16_22 UTC).JPG;0
\vacia\empty_IslandConservationCameraTraps\micronesia_cam04_cam04june2019_20190608230503_rcnx0072.jpg;0
\cervidae\ciervo_PNM_2012_ISAAC\d14404IMAG0013.JPG;1
\tejon\Badger_mammalWeb\34790.jpg;1
\leporido\2_lagomorpha_alumno_1_AM_2\6_20201023 (2562).JPG;1
\ave\ave_PNC_2014_ISAAC\c3968IMAG0008.JPG;1
\leporido\conejo_WellingtonCameraTraps_SS\1804150630221395L042.JPG;1
\jabali\WILDBOAR_ZOO_1_4\29_20201023 (233).JPG;1
\ave\ave_alumno_1_TH\Ave (5)_frame010.jpg;1
\ave\bird_CaltechCameraTrap\59cb3a33-23d2-11e8-a6a3-ec086b02610b.jpg;1
\vacia\empty_IslandConservationCameraTraps\dominicanrepublic_cam1826julio2015_20150707_092531_img_1279.jpg;0
\humanovehiculo\humanovehiculo_PNC_2013-O_RED_ISAAC\b18941IMAG0289.JPG;1
\ave\shearwater_IslandConservationCameraTraps\chile_vaqueria2013_1612201241351.jpg;1
\ave\Alcaudon_real_PNC_2012_JC\a23317IM000019.JPG;1
\vacia\vacia_alumno_1_AM\40_20201024 (5742).JPG;0
\vacia\empty_SnapshotKaroo\KAR_S1_B03_R1_IMAG0482.JPG;0
\zorro\Zorro_PNC_2014_JC\c27333IM000122.JPG;1
\cervidae\CERVIDREDORFALLOWDEER_ZOO_1_4\21_20201025 (1656).JPG;1
\micromamiferos\rat_IslandConservationCameraTraps\dominicanrepublic_cam10701agosto2017_20170119_063620_img_0095.jpg;1
\vacia\NOANIMAL_ZOO_5_6_7_9\50_20210408 (18128).JPG;0
\vacia\NOANIMAL_ZOO_1_4\7_20210115 (1771).JPG;0
\vacia\vacias_2_de_2_PNC_2012_ISAAC\a958IM000309.JPG;0
\gato_domestico\gato_WellingtonCameraTraps_SS\06111508321602859195.JPG;1
\jabali\WILDBOAR_ZOO_1_4\43_20201118 (187).JPG;1
\humanovehiculo\humano_vehiculo_PNC_2013-I_ISAAC\7004IM000122.JPG;1
\vacia\empty_SnapshotMountainZebra\MTZ_S1_E06_R1_IMAG1598.JPG;0
\vacia\empty_SnapshotMountainZebra\MTZ_S1_B05_R3_IMAG0960.JPG;0
\cervidae\ciervo_Javi_3_JC\16_20201025 (29).JPG;1
\zorro\zorro_ME_rev_1_donana\9_20201025 (876).JPG;1
\jabali\jabali_Saul Martin_FRAMES_SIN_REPETIDOS_REVISADOS_DIEGO\IMAG0022_frame280.jpg;1
\ave\ave_vacías_humanos_PNC_2012_ME\a10398IM000065.JPG;1
\vacia\vacia_buscar_cab_isaac_sin_contar\9_20201118 (114).JPG;0
\cervidae\ciervo_PNC_2014_ISAAC\c30050IM000100.JPG;1
\ave\Chicken_ena24\6513.jpg;1
\vacia\vacia_javi_2_JC\27_20201023 (6877).JPG;0
\ave\aves_fotosManuelEmilio20200912\IMG_0843.JPG;1
\leporido\rabbit_CaltechCameraTrap_ME\58cfcce9-23d2-11e8-a6a3-ec086b02610b.jpg;1
\vacia\SnampshotEnonkishu\ENO_S1_B03_R1_IMAG0705.JPG;0
\leporido\rabbit_CaltechCameraTrap_ME\595f79b9-23d2-11e8-a6a3-ec086b02610b.jpg;1
\jabali\WILDBOAR_ZOO_1_4\15_20210117 (7918).JPG;1
\lince\Lince_a_Linces2_Leo_JC\lince90 (117).JPG;1
\vacia\NOANIMAL_ZOO_5_6_7_9\31_20210615 (403).JPG;0
\cervidae\ciervo_vacías_humanos_PNC_2012_ME\a44291IMAG0075.JPG;1
\leporido\rabbit_IslandConservationCameraTraps\chile_frances012013_25122012173628.jpg;1
\garduna\Garduna_PNM_2013-0_ME\f3763IM000091.JPG;1
\humanovehiculo\humanovehiculo_vacías_humanos_PNC_2012_ME\a12678IM001102.JPG;1
\cervidae\ciervo_simone_2\37_20201024 (725).JPG;1
\vacia\NOANIMAL_ZOO_5_6_7_9\31_20210417 (350).JPG;0
\zorro\zorro_PNC_2012_JC\a4517IM000364.JPG;1
\caballo\HORSE_ZOO_1_4\38_20201117 (2073).JPG;1
\ave\ave_ave_WellingtonCameraTraps_SS\010516151106045b7302.JPG;1
\cervidae\ciervo_PNM_2012_ISAAC\d10794IM000170.JPG;1
\humanovehiculo\humanovehiculo_PNC_2013-O_RED_ISAAC\b4108IMAG1861.JPG;1
\zorro\Zorro_PNM_2013-0_ME\f21406IM000107.JPG;1
\lince\Lince_a_Linces2_Leo_JC\lince125 (87).JPG;1
\cervidae\CERVIDREDORFALLOWDEER_ZOO_5_6_7_9\8_20210219 (395) (2021_04_15 06_16_22 UTC).JPG;1
\leporido\rabbit_IslandConservationCameraTraps\chile_frances012013_21122012163416.jpg;1
\cervidae\ciervo_PNC_2013-O_RED_ISAAC\b16347IM000606.JPG;1
\humanovehiculo\HUMANORVEHICLE_ZOO_5_6_7_9\28_20210417 (10).JPG;1
\lince\linces_Linces2_Leo_JC\2_Lince_Linces2_Leo_JC\lince174 (30).JPG;1
\leporido\conejo_leo_donana\0005693.JPG;1
\vacia\NOANIMAL_ZOO_5_6_7_9\2_20210417 (15916).JPG;0
\vacia\vacias_1_de_2_PNC_2012_ISAAC\a38904IMAG0645.JPG;0
\lince\Lince_b_Linces2_Leo_JC\lince224 (15).jpg;1
\humanovehiculo\humanovehiculo_PNC_2014_manuel\c28418IM000002.JPG;1
\vacia\empty_SnapshotMountainZebra\MTZ_S1_E06_R3_IMAG1414.JPG;0
\leporido\LEPORIDRABBITORHARE_ZOO_1_4\21_20201025 (5484).JPG;1
\cervidae\CERVIDREDORFALLOWDEER_ZOO_5_6_7_9\5_20210219 (814) (2021_04_15 06_16_22 UTC).JPG;1
\caballo\HORSE_ZOO_1_4\15_20210117 (13836).JPG;1
\leporido\rabbit_IslandConservationCameraTraps\chile_piedra012013_1801201323311.jpg;1
\vacia\empty_IslandConservationCameraTraps\dominicanrepublic_cam0801noviembre2015_20151028_173910_sunp0015.jpg;0
\cervidae\ciervo_PNC_2012_ISAAC\a13698IM000125.JPG;1
\humanovehiculo\car_CaltechCameraTrap_ME\vehiculo\58e599d0-23d2-11e8-a6a3-ec086b02610b.jpg;1
\humanovehiculo\humanovehiculo_PNC_2013-O_RED_ISAAC\b705IMAG0192.JPG;1
\vacia\NOANIMAL_ZOO_5_6_7_9\28_20210615 (1367).JPG;0
\humanovehiculo\car_CaltechCameraTrap_ME\vehiculo\59adfba6-23d2-11e8-a6a3-ec086b02610b.jpg;1
\vacia\vacia_Paco_Carro_JC\IMG_0840.JPG;0
\jabali\jabali_alumno_1_AM_2\37_20201024 (622).JPG;1
\cervidae\CERVIDREDORFALLOWDEER_ZOO_1_4\4_20201220 (531).JPG;1
\vacia\empty_IslandConservationCameraTraps\dominicanrepublic_cam0425abril2015_20130821_022733_sunp3821.jpg;0
\ave\ave_ave_WellingtonCameraTraps_SS\131016085744027cs085.JPG;1
\jabali\WILDBOAR_ZOO_5_6_7_9\20_20210219 (1076) (2021_04_15 06_16_22 UTC).JPG;1
\vacia\vacias_1_de_2_PNC_2012_ISAAC\a34404IM000033.JPG;0
\zorro\Zorro_PNC_2014_JC\c4664IM000083.JPG;1
\humanovehiculo\humanovehiculo_vacías_humanos_PNC_2012_ME\a8273IM000011.JPG;1
\vacia\NOANIMAL_ZOO_5_6_7_9\32_20210417 (2137).JPG;0
\ave\shearwater_IslandConservationCameraTraps\chile_vaqueria2013_2312201233231.jpg;1
\cervidae\ciervo_PNC_2014_ISAAC\c23060IM000104.JPG;1
\leporido\rabbit_IslandConservationCameraTraps\chile_piedra012013_0304201372409.jpg;1
\gato_domestico\cat_IslandConservationCameraTraps\dominicanrepublic_cam0915febrero2016_20160124_060948_img_0005.jpg;1
\zorro\REDFOX_ZOO_1_4\37_20201215 (3311).JPG;1
\humanovehiculo\humanovehiculo_PNC_2013-O_RED_ISAAC\b12562IM000063.JPG;1
\vacia\NOANIMAL_ZOO_1_4\22_20201022 (463).JPG;0
\ave\ave_ave_WellingtonCameraTraps_SS\090116090726012cs513.JPG;1
\jabali\WILDBOAR_ZOO_1_4\7_20201118 (2741).JPG;1
\perro\perro_WellingtonCameraTraps_SS\05101516213203249701.JPG;1
\vaca\Vaca_ME_rev_1_donana\15_20201024 (7625).JPG;1
\ave\petrel_IslandConservationCameraTraps\chile_filipiananbek2013_13112013133445.jpg;1
\jabali\Jabali_PNC_2014_JC\c29047IM000015.JPG;1
\jabali\jabali_alumno_1_AM_2\28_20201019 (1389).JPG;1
\vacia\empty_SnapshotMountainZebra\MTZ_S1_E06_R3_IMAG0878.JPG;0
\zorro\Zorro_Pepe_IREC\Zorro_Pepe_Irec_ME\IMAG0204_(5).JPG;1
\caballo\caballos_alumno_AM\caballos_alumno_AM\2_20201215 (7193).JPG;1
\cervidae\Ciervo_PNM_2013-0_ME\f5455IM000080.JPG;1
\cervidae\CERVIDREDORFALLOWDEER_ZOO_1_4\28_20201019 (97).JPG;1
\micromamiferos\micromamiferos_fotosManuelEmilio20200912\IMG_0627_x1.JPG;1
\ave\short-eared_owl_IslandConservationCameraTraps\ecuador2_ic1605_20181024_044959_img_0124.jpg;1
\vacia\NOANIMAL_ZOO_1_4\15_20210117 (8672).JPG;0
\jabali\WILDBOAR_ZOO_1_4\29_20201023 (439).JPG;1
\vacia\empty_IslandConservationCameraTraps\dominicanrepublic_cam0425abril2015_20130821_010718_sunp3701.jpg;0
\humanovehiculo\car_CaltechCameraTrap_ME\vehiculo\5871840b-23d2-11e8-a6a3-ec086b02610b.jpg;1
\vacia\empty_IslandConservationCameraTraps\dominicanrepublic_cam0425abril2015_20130823_074901_sunp4885.jpg;0
\cervidae\4_cervido_simone_2\37_20201024 (66).JPG;1
\vacia\NOANIMAL_ZOO_1_4\37_20201116 (5073).JPG;0
\cervidae\deer_CaltechCameraTrap\59a94c00-23d2-11e8-a6a3-ec086b02610b.jpg;1
\cervidae\deer_CaltechCameraTrap\59b7a717-23d2-11e8-a6a3-ec086b02610b.jpg;1
\cervidae\CERVIDREDORFALLOWDEER_ZOO_1_4\26_20201020 (1662).JPG;1
\vacia\vacia_alumno_1_TH\Ave_frame380.jpg;0
\vacia\NOANIMAL_ZOO_1_4\21_20201119 (2024).JPG;0
\ave\Chicken_ena24\6426.jpg;1
\vacia\NOANIMAL_ZOO_5_6_7_9\32_20210615 (8001).JPG;0
\cervidae\2_Ciervos_PNC_2014_JC\c23429IM000055.JPG;1
\vacia\NOANIMAL_ZOO_1_4\43_20201217 (1469).JPG;0
\gato_domestico\gato_WellingtonCameraTraps_SS\140216202228011bs121.JPG;1
\cervidae\ciervo_simone_2\37_20201024 (2015).JPG;1
\cervidae\Ciervo_PNC_2012_JC\a15730IMAG0120.JPG;1
\lince\Lince_a_Linces2_Leo_JC\Lince60 (304).JPG;1
\cervidae\CERVIDREDORFALLOWDEER_ZOO_5_6_7_9\31_20210318 (590).JPG;1
\zorro\Zorro_Pepe_IREC\Zorro_Pepe_Irec_ME\IMAG0143_(3).JPG;1
\ave\ave_ave_WellingtonCameraTraps_SS\15111508033808586371.JPG;1
\vacia\empty_caltechCameraTraps\59c66be2-23d2-11e8-a6a3-ec086b02610b.jpg;0
\lince\linces_fecha_Linces2_Leo_JC\2_Lince_flecha_Linces2_Leo_JC\Lince57 (281).JPG;1
\vaca\COW_ZOO_5_6_7_9\9_20210615 (2721).JPG;1
\jabali\jabali_javi_JC\28_20201019 (1778).JPG;1
\lince\Lince_a_Linces2_Leo_JC\lince122 (54).JPG;1
\lince\Lince_a_Linces2_Leo_JC\Lince57 (162).JPG;1
\jabali\WILDBOAR_ZOO_1_4\28_20201019 (1928).JPG;1
\garduna\Garduna_PNC_2013-O_ME\b1438IMAG0293.JPG;1
\garduna\garduña_Saul Martin_FRAMES_SIN_REPETIDOS_REVISADOS_DIEGO\IMAG0024_frame160.jpg;1
\mapache\raccoon_CaltechCameraTrap_ME\5951911d-23d2-11e8-a6a3-ec086b02610b.jpg;1
\cervidae\deer_CaltechCameraTrap\5a263a6d-23d2-11e8-a6a3-ec086b02610b.jpg;1
\humanovehiculo\humano_vehiculo_PNC_2013-I_ISAAC\6619IM000003.JPG;1
\cervidae\deer_CaltechCameraTrap\59f944e4-23d2-11e8-a6a3-ec086b02610b.jpg;1
\cervidae\cervidae_ME_rev_3_donana\36_20201019 (2696).JPG;1
\cervidae\CERVIDREDORFALLOWDEER_ZOO_5_6_7_9\15_20210219 (2488) (2021_04_15 06_16_22 UTC).JPG;1
\vacia\empty_IslandConservationCameraTraps\dominicanrepublic_cam0425abril2015_20130809_045600_sunp1770.jpg;0
\vacia\NOANIMAL_ZOO_5_6_7_9\21_20200113 (930) (2021_04_15 06_16_22 UTC).JPG;0
\cervidae\CERVIDREDORFALLOWDEER_ZOO_5_6_7_9\36_20210618 (6906).JPG;1
\vacia\NOANIMAL_ZOO_1_4\7_20210115 (1701).JPG;0
\zorro\zorro_vacías_humanos_PNC_2012_ME\a5029IM000889.JPG;1
\vacia\vacia_PNM_2013-O_ME\f18702IM000559.JPG;0
\lince\linces_fecha_Linces2_Leo_JC\2_Lince_flecha_Linces2_Leo_JC\Lince57 (306).JPG;1
\vacia\NOANIMAL_ZOO_5_6_7_9\32_20210218 (4112) (2021_04_15 06_16_22 UTC).JPG;0
\vaca\COW_ZOO_5_6_7_9\21_20210418 (2814).JPG;1
\humanovehiculo\humanovehiculo_leo_donana\0003572.JPG;1
\micromamiferos\micromamiferos_Paco_Carro_JC\IMG_2175.JPG;1
\vacia\empty_IslandConservationCameraTraps\palau_cam13a12132018_20180823_100003_rcnx0031.jpg;0
\vacia\NOANIMAL_ZOO_1_4\31_20201218 (339).JPG;0
\lince\Lince_b_Linces2_Leo_JC\lince133 (8).JPG;1
\vacia\NOANIMAL_ZOO_5_6_7_9\24_20210418 (6063).JPG;0
\vacia\NOANIMAL_ZOO_5_6_7_9\39_20210218 (1102) (2021_04_15 06_16_22 UTC).JPG;0
\leporido\Rabbit_mammalWeb\48061.jpg;1
\zorro\Zorro_PNC_2014_JC\c413IM000014.JPG;1
\humanovehiculo\HUMANORVEHICLE_ZOO_1_4\28_20201019 (2879).JPG;1
\gineta\gineta_Saul Martin_FRAMES_SIN_REPETIDOS_REVISADOS_DIEGO\IMAG0005_frame080.jpg;1
\leporido\Lagomorpha1__diego_1_rev_donana\39_20201019 (57).JPG;1
\zorro\Zorro_PNC_2014_JC\c4728IM000143.JPG;1
\meloncillo\Meloncillo_PEPE_IREC_JC\IMAG0271.JPG;1
\ave\ave_ave_WellingtonCameraTraps_SS\011116094402050a7511.JPG;1
\humanovehiculo\humano_vehiculo_PNC_2013-I_ISAAC\449IM000003.JPG;1
\tejon\Tejon_alumno_2_AM\Melmel 19_frame000.jpg;1
\jabali\WILDBOAR_ZOO_5_6_7_9\12J_20210404 (101).JPG;1
\caballo\HORSE_ZOO_1_4\15_20201117 (4024).JPG;1
\zorro\Zorro_PNC_2014_JC\c24953IM000061.JPG;1
\vacia\empty_IslandConservationCameraTraps\micronesia_cam16_cam16june2019_20190615062003_rcnx2124.jpg;0
\jabali\2_Jabalies_PNC_2012_JC\a10366IM000031.JPG;1
\perro\perros_fotosManuelEmilio20200912\IMG_0728.JPG;1
\micromamiferos\rat_IslandConservationCameraTraps\micronesia_cam09_cam09june2019_20190622171303_rcnx0681.jpg;1
\lince\Lince_a_Linces2_Leo_JC\lince99 (58).JPG;1
\leporido\rabbit_CaltechCameraTrap_ME\59d418b7-23d2-11e8-a6a3-ec086b02610b.jpg;1
\gato_domestico\gato_WellingtonCameraTraps_SS\150216195030019as091.JPG;1
\cervidae\corzo_alumno_2_AM_JC\STC_0008_frame440.jpg;1
\cervidae\deer_CaltechCameraTrap\5a263904-23d2-11e8-a6a3-ec086b02610b.jpg;1
\jabali\WILDBOAR_ZOO_1_4\7_20201118 (1812).JPG;1
\micromamiferos\rat_IslandConservationCameraTraps\micronesia_cam02april2019_20190411_221445_rcnx0013.jpg;1
\zorro\Zorro_PNC_2014_JC\c5314IM000051.JPG;1
\zorro\zorro_PNC_2013-I_ME\5091IM000020.JPG;1
\ave\ave_alumno_1_TH\Ave (2)_frame010.jpg;1
\zorro\zorro_PNC_2012_JC\a23323IM000025.JPG;1
\vacia\NOANIMAL_ZOO_5_6_7_9\50_20210408 (4505).JPG;0
\vacia\vacia_Paco_Carro_JC\IMG_0643.JPG;0
\lince\Lince_b_Linces2_Leo_JC\lince163 (29).JPG;1
\vacia\empty_IslandConservationCameraTraps\dominicanrepublic_cam2818mayo2017_20170429_135412_img_0039.jpg;0
\mapache\raccoon_CaltechCameraTrap_ME\593ef4c2-23d2-11e8-a6a3-ec086b02610b.jpg;1
\vacia\NOANIMAL_ZOO_1_4\37_20201116 (4545).JPG;0
\jabali\WILDBOAR_ZOO_1_4\5_20210115 (1776).JPG;1
\gineta\gineta_Soraya_Padilla_Alumno_1_TH\STC_0183_frame020.jpg;1
\micromamiferos\micromamifero_WellingtonCameraTraps_SS\090716213456043a7515.JPG;1
\jabali\jabali_javi_JC\28_20201019 (1843).JPG;1
\vacia\vacia_javi_2_JC\27_20201023 (7148).JPG;0
\vacia\NOANIMAL_ZOO_5_6_7_9\11_20210615 (8219).JPG;0
\ave\OTHERSPECIES_ZOO_1_4\21_20201025 (2868).JPG;1
\humanovehiculo\car_CaltechCameraTrap_ME\vehiculo\5a1e506f-23d2-11e8-a6a3-ec086b02610b.jpg;1
\cervidae\cervidae_alumno_2_TH\34_20201024 (4546).JPG;1
\leporido\conejo_Paco_Carro_JC\PICT0590 (2).JPG;1
\vacia\NOANIMAL_ZOO_1_4\7_20210115 (2803).JPG;0
\vacia\empty_SnapshotMountainZebra\MTZ_S1_D06_R1_IMAG1856.JPG;0
\humanovehiculo\humanovehiculo_PNC_2014_manuel\c22360IM000156.JPG;1
\humanovehiculo\HUMANORVEHICLE_ZOO_5_6_7_9\28_20210417 (7688).JPG;1
\zorro\zorro_PNC_2013-I_RED_ME\6502IMAG0009.JPG;1
\vacia\Nothing_mammalWeb\50402.jpg;0
\vacia\vacia_ave_WellingtonCameraTraps_SS\0207151447540244S411.JPG;0
\vacia\NOANIMAL_ZOO_5_6_7_9\32_20210615 (1929).JPG;0
\leporido\rabbit_IslandConservationCameraTraps\chile_frances022013_20042013202012.jpg;1
\vaca\cow_CaltechCameraTrap\58857bae-23d2-11e8-a6a3-ec086b02610b.jpg;1
\ave\ave_Soraya_Padilla_Alumno_1_TH\STC_0228_frame170.jpg;1
\vacia\empty_SnapshotCamdeboo\CDB_S1_E03_R2_IMAG0460.JPG;0
\garduna\GARDUÑA_PNM_2013-I_ISAAC\e2595IM000466.JPG;1
\gineta\gineta_Leo_Otra_fauna_PASADA_POR_LA_RED_JC\Otrafauna (281).JPG;1
\vacia\NOANIMAL_ZOO_1_4\26_20201020 (17000).JPG;0
\cervidae\ciervo_PNC_2013-O_RED_ISAAC\b250IM000031.JPG;1
\lince\Lince_a_Linces2_Leo_JC\Lince55 (9).jpg;1
\cervidae\CIERVO_PNM_2012_ISAAC\d16309IM000037.JPG;1
\zorro\zorro_PNM_2012_ME\d11204IMAG0028.JPG;1
\zorro\zorro_PNM_2013-O_ISAAC\f12978IMAG0008.JPG;1
\cervidae\deer_CaltechCameraTrap\58c4d71f-23d2-11e8-a6a3-ec086b02610b.jpg;1
\cervidae\ciervo_PNC_2014_ISAAC\c23605IM000057.JPG;1
\leporido\rabbit_IslandConservationCameraTraps\chile_frances022013_26042013101345.jpg;1
\cervidae\ciervo_PNC_2013-I_RED_ME\6065IM000125.JPG;1
\gato_domestico\Domestic cat_mammalWeb\27586.jpg;1
\vacia\NOANIMAL_ZOO_5_6_7_9\31_20210615 (8224).JPG;0
\jabali\WILDBOAR_ZOO_1_4\37_20201215 (100).JPG;1
\leporido\rabbit_CaltechCameraTrap_ME\59df5b67-23d2-11e8-a6a3-ec086b02610b.jpg;1
\cervidae\CERVIDREDORFALLOWDEER_ZOO_5_6_7_9\15_20210219 (2228) (2021_04_15 06_16_22 UTC).JPG;1
\vacia\empty_SnapshotMountainZebra\MTZ_S1_D05_R1_IMAG1169.JPG;0
\micromamiferos\rodent_CaltechCameraTrap_JC\Roedor_ rodent_CaltechCameraTrap_JC\59279d0a-23d2-11e8-a6a3-ec086b02610b.jpg;1
\cervidae\deer_CaltechCameraTrap\59e5defa-23d2-11e8-a6a3-ec086b02610b.jpg;1
\vacia\empty_SnapshotMountainZebra\MTZ_S1_E06_R3_IMAG0939.JPG;0
\jabali\WILDBOAR_ZOO_1_4\37_20201116 (9078).JPG;1
\ave\shearwater_IslandConservationCameraTraps\chile_vaqueria2013_1201201332322.jpg;1
\jabali\WILDBOAR_ZOO_1_4\37_20201116 (5098).JPG;1
\garduna\garduna_PNM_2013-O_ME\f11108IM000112.JPG;1
\jabali\WILDBOAR_ZOO_5_6_7_9\31_20210219 (359) (2021_04_15 06_16_22 UTC).JPG;1
\caballo\caballos_javier_JC\2_20201117 (3559).JPG;1
\cervidae\CERVIDREDORFALLOWDEER_ZOO_1_4\21_20201025 (4491).JPG;1
\cervidae\CERVIDREDORFALLOWDEER_ZOO_5_6_7_9\18_20210319 (1206).JPG;1
\vaca\COW_ZOO_1_4\21_20201025 (3499).JPG;1
\meloncillo\Meloncillo_PEPE_IREC_JC\IMAG2020_(2).JPG;1
\zorro\zorro_PNC_2012_JC\a23143IM000079.JPG;1
\tejon\Tejon_PEPE_IREC_JC\CA_02-03.05-02_02_(2).JPG;1
\vacia\empty_IslandConservationCameraTraps\dominicanrepublic_cam0725abril2015a_20130810_025210_sunp0662.jpg;0
\vacia\vacias_PNC_2014_ISAAC\c1268IM000250.JPG;0
\caballo\caballos_javier_JC\2_20201117 (424).JPG;1
\vacia\empty_IslandConservationCameraTraps\dominicanrepublic_cam1826junio2015_20150505_113134_img_2576.jpg;0
\vacia\empty_IslandConservationCameraTraps\ecuador1_ic1611_20150101_000004_img_0887.jpg;0
\cervidae\Ciervo_PNC_2012_JC\a30791IM000094.JPG;1
\cervidae\deer_CaltechCameraTrap\59bca6f3-23d2-11e8-a6a3-ec086b02610b.jpg;1
\vacia\NOANIMAL_ZOO_1_4\37_20201116 (2467).JPG;0
\leporido\rabbit_CaltechCameraTrap_ME\587b7f16-23d2-11e8-a6a3-ec086b02610b.jpg;1
\vacia\NOANIMAL_ZOO_5_6_7_9\25_20210417 (13166).JPG;0
\ave\aves_fotosManuelEmilio20200912\IMG_0563.JPG;1
\vacia\NOANIMAL_ZOO_5_6_7_9\42_20210618 (1806).JPG;0
\leporido\Conejo_Leo_Otra_fauna_PASADA_POR_LA_RED_JC\Otrafauna (1113).JPG;1
\cervidae\ciervo_simone_2\37_20201024 (9282).JPG;1
\lince\linces_fecha_Linces2_Leo_JC\2_Lince_flecha_Linces2_Leo_JC\lince158 (37).JPG;1
\meloncillo\Meloncillo_PEPE_IREC_JC\IMAG0208.JPG;1
\vacia\empty_IslandConservationCameraTraps\dominicanrepublic_cam1125abril2015_20150420_154037_img_2095.jpg;0
\vaca\COW_ZOO_1_4\21_20210114 (2770).JPG;1
\vacia\empty_IslandConservationCameraTraps\dominicanrepublic_cam1125abril2015_20150416_160832_img_1649.jpg;0
\leporido\rabbit_CaltechCameraTrap_ME\58b2edd9-23d2-11e8-a6a3-ec086b02610b.jpg;1
\cervidae\deer_CaltechCameraTrap\59751411-23d2-11e8-a6a3-ec086b02610b.jpg;1
\vacia\empty_SnapshotKaroo\KAR_S1_F02_R1_IMAG1048.JPG;0
\cervidae\ciervo_PNC_2013-I_ME\9990IM000173.JPG;1
\humanovehiculo\humanovehiculo_leo_donana\0004004.JPG;1
\cervidae\CERVIDREDORFALLOWDEER_ZOO_1_4\18_20210115 (4852).JPG;1
\cervidae\CERVIDREDORFALLOWDEER_ZOO_5_6_7_9\2_20210417 (629).JPG;1
\vacia\empty_SnapshotMountainZebra\MTZ_S1_E06_R3_IMAG1204.JPG;0
\vacia\vacia_alumno_AM_2\30_20201021 (9248).JPG;0
\leporido\conejo_WellingtonCameraTraps_SS\130416152040024as073.JPG;1
\ave\ave_Soraya_Padilla_Alumno_1_TH\DSCF0021_frame010.jpg;1
\vacia\NOANIMAL_ZOO_5_6_7_9\2_20210417 (16166).JPG;0
\ave\ave_ave_WellingtonCameraTraps_SS\051016155824007cs373.JPG;1
\ave\ave_ave_WellingtonCameraTraps_SS\061116173632006b1022.JPG;1
\vacia\empty_SnapshotMountainZebra\MTZ_S1_D07_R1_IMAG2145.JPG;0
\ave\bird_CaltechCameraTrap\58c7f2a5-23d2-11e8-a6a3-ec086b02610b.jpg;1
\vacia\empty_SnapshotMountainZebra\MTZ_S1_D05_R1_IMAG1516.JPG;0
\vaca\cow_CaltechCameraTrap\586935df-23d2-11e8-a6a3-ec086b02610b.jpg;1
\vacia\NOANIMAL_ZOO_5_6_7_9\11_20210615 (65).JPG;0
\vacia\vacia_Paco_Carro_JC\IMG_0354 (2).JPG;0
\caballo\HORSE_ZOO_1_4\15_20201117 (6492).JPG;1
\cervidae\CERVIDREDORFALLOWDEER_ZOO_5_6_7_9\28_20210615 (826).JPG;1
\cervidae\CERVIDREDORFALLOWDEER_ZOO_5_6_7_9\28_20210318 (15796).JPG;1
\leporido\conejo_WellingtonCameraTraps_SS\140516064802016bs155.JPG;1
\vacia\NOANIMAL_ZOO_5_6_7_9\11_20210418 (304).JPG;0
\leporido\rabbit_IslandConservationCameraTraps\chile_frances012013_20122012214421.jpg;1
\garduna\garduna_PNC_2013-I_RED_ME\1869IM000029.JPG;1
\zorro\zorro_vacías_humanos_PNC_2012_ME\a35363IM000013.JPG;1
\vacia\empty_SnapshotMountainZebra\MTZ_S1_D07_R1_IMAG1595.JPG;0
\gato_domestico\cat_CaltechCameraTrap\58ddd7e8-23d2-11e8-a6a3-ec086b02610b.jpg;1
\ave\ave_Soraya_Padilla_Alumno_1_TH\STC_0050_frame200.jpg;1
\vacia\empty_SnapshotMountainZebra\MTZ_S1_D06_R1_IMAG1434.JPG;0
\lince\Lince_a_Linces2_Leo_JC\lince90 (109).JPG;1
\vacia\NOANIMAL_ZOO_5_6_7_9\36_20210618 (1402).JPG;0
\jabali\Jabali_PNC_2014_JC\c6137IM000036.JPG;1
\vacia\empty_IslandConservationCameraTraps\dominicanrepublic_cam0425abril2015_20130815_050645_sunp2594.jpg;0
\vacia\NOANIMAL_ZOO_1_4\2_20210115 (5543).JPG;0
\vacia\NOANIMAL_ZOO_5_6_7_9\50_20210417 (21883).JPG;0
\caballo\caballo_Paco_Carro_JC\PICT0342.JPG;1
\vacia\empty_IslandConservationCameraTraps\dominicanrepublic_cam0425abril2015_20130808_040722_sunp0999.jpg;0
\vacia\empty_caltechCameraTraps\59b4842a-23d2-11e8-a6a3-ec086b02610b.jpg;0
\lince\Lince_a_Linces2_Leo_JC\Lince60 (5).jpg;1
\humanovehiculo\car_CaltechCameraTrap_ME\vehiculo\5a14a3b0-23d2-11e8-a6a3-ec086b02610b.jpg;1
\cervidae\2_Ciervos_PNC_2014_JC\c21821IM000194.JPG;1
\humanovehiculo\humanovehiculo_PNC_2014_manuel\c22609IM000001.JPG;1
\vaca\cow_CaltechCameraTrap\585f4f73-23d2-11e8-a6a3-ec086b02610b.jpg;1
\vacia\NOANIMAL_ZOO_1_4\34_20210115 (4949).JPG;0
\caballo\caballos_alumno_AM\caballos_alumno_AM\2_20201215 (1957).JPG;1
\cervidae\CERVIDREDORFALLOWDEER_ZOO_5_6_7_9\28_20210615 (539).JPG;1
\lince\Lince_b_Linces2_Leo_JC\lince228 (336).JPG;1
\vacia\NOANIMAL_ZOO_1_4\7_20210115 (1404).JPG;0
\vacia\empty_SnapshotMountainZebra\MTZ_S1_E06_R3_IMAG0861.JPG;0
\micromamiferos\rat_IslandConservationCameraTraps\micronesia_cam06_cam06june2019_pig_20190629195001_1972.jpg;1
\zorro\REDFOX_ZOO_5_6_7_9\9_20210418 (79).JPG;1
\zorro\Zorro_PNC_2014_JC\c22998IM000044.JPG;1
\zorro\Zorro_PNC_2014_JC\c29797IM000021.JPG;1
\ave\OTHERSPECIES_ZOO_5_6_7_9\15_20210219 (7097) (2021_04_15 06_16_22 UTC).JPG;1
\cervidae\gamo_buscar_cab_isaac_sin_contar\9_20201118 (242).JPG;1
\leporido\rabbit_CaltechCameraTrap_ME\595adce9-23d2-11e8-a6a3-ec086b02610b.jpg;1
\vacia\NOANIMAL_ZOO_5_6_7_9\49_20210418 (5157).JPG;0
\leporido\conejo_Paco_Carro_JC\01050115.JPG;1
\jabali\jabali_buscar_cab_isaac_sin_contar\9_20201118 (917).JPG;1
\zorro\zorro_PNC_2014_manuel\c4777IM000040.JPG;1
\caballo\HORSE_ZOO_5_6_7_9\44_20210618 (358).JPG;1
\zorro\REDFOX_ZOO_1_4\34_20201116 (1209).JPG;1
\ave\ave_Soraya_Padilla_Alumno_1_TH\DSCF0031_frame120.jpg;1
\leporido\CONEJO_PNM_2013-I_ISAAC\e5323IMAG0086.JPG;1
\vacia\empty_caltechCameraTraps\59a17b96-23d2-11e8-a6a3-ec086b02610b.jpg;0
\leporido\rabbit_IslandConservationCameraTraps\chile_frances012013_25122012142740.jpg;1
\cervidae\CERVIDREDORFALLOWDEER_ZOO_5_6_7_9\19_20210319 (2058).JPG;1
\zorro\zorro_PNM_2013-I_ME\e4198IM000031.JPG;1
\humanovehiculo\humanovehiculo_PNC_2014_manuel\c14730IMAG0182.JPG;1
\vacia\empty_IslandConservationCameraTraps\dominicanrepublic_cam0601noviembre2015_20151028_113658_sunp0152.jpg;0
\cervidae\CERVIDREDORFALLOWDEER_ZOO_1_4\21_20201119 (4143).JPG;1
\lince\Lince_a_Linces2_Leo_JC\lince110 (16).JPG;1
\lince\Lince_b_Linces2_Leo_JC\lince216 (408).JPG;1
\zorro\zorro_PNM_2013-O_ISAAC\f27919IMAG0493.JPG;1
\jabali\WILDBOAR_ZOO_5_6_7_9\28_20210219 (2336) (2021_04_15 06_16_22 UTC).JPG;1
\vaca\cow_CaltechCameraTrap\59439e5a-23d2-11e8-a6a3-ec086b02610b.jpg;1
\vacia\NOANIMAL_ZOO_5_6_7_9\5_20210319 (2632).JPG;0
\humanovehiculo\car_CaltechCameraTrap_ME\vehiculo\59055f6a-23d2-11e8-a6a3-ec086b02610b.jpg;1
\vacia\NOANIMAL_ZOO_5_6_7_9\2_20210618 (14457).JPG;0
\gineta\gineta_Saul Martin_FRAMES_SIN_REPETIDOS_REVISADOS_DIEGO\IMAG0010_frame400.jpg;1
\tejon\tejon_vacías_humanos_PNC_2012_ME\a19484IM000138.JPG;1
\cervidae\ciervo_simone_2\34_20201024 (4346).JPG;1
\cervidae\3_ciervo_Javi_3_JC\21_20201025 (5106).JPG;1
\vaca\COW_ZOO_1_4\21_20201217 (1782).JPG;1
\vacia\empty_SnapshotMountainZebra\MTZ_S1_G04_R3_IMAG1894.JPG;0
\gato_domestico\gato_WellingtonCameraTraps_SS\310116062726023cs371.JPG;1
\vacia\empty_SnapshotMountainZebra\MTZ_S1_C06_R1_IMAG0400.JPG;0
\cervidae\cervidae_buscar_cab_isaac_sin_contar\2_20201215 (8443).JPG;1
\vacia\vacias_1_de_2_PNC_2012_ISAAC\a38822IMAG0575.JPG;0
\cervidae\ciervo_PNC_2014_ISAAC\c26578IM000048.JPG;1
\cervidae\CIERVO_PNM_2013-I_ISAAC\e1838IM000320.JPG;1
\zorro\zorro_PNC_2014_manuel\c2480IM000024.JPG;1
\vacia\vacias_PNC_2014_ISAAC\c10454IM000028.JPG;0
\vacia\NOANIMAL_ZOO_1_4\7_20201217 (1069).JPG;0
\leporido\rabbit_IslandConservationCameraTraps\chile_frances012013_1401201395341.jpg;1
\cervidae\CERVIDREDORFALLOWDEER_ZOO_1_4\26_20201020 (3483).JPG;1
\vacia\empty_IslandConservationCameraTraps\dominicanrepublic_cam0425abril2015_20130824_044734_sunp5198.jpg;0
\ave\short-eared_owl_IslandConservationCameraTraps\ecuador2_ic1605_20181024_044850_img_0118.jpg;1
\vacia\vacias_ME_CASA\IMG_3707_x1.JPG;0
\caballo\HORSE_ZOO_1_4\15_20210117 (10694).JPG;1
\cervidae\CERVIDREDORFALLOWDEER_ZOO_5_6_7_9\36_20210219 (2951) (2021_04_15 06_16_22 UTC).JPG;1
\vaca\COW_ZOO_1_4\21_20201025 (3398).JPG;1
\cervidae\CERVIDREDORFALLOWDEER_ZOO_1_4\21_20201025 (495).JPG;1
\mapache\raccoon_CaltechCameraTrap_ME\596eedaf-23d2-11e8-a6a3-ec086b02610b.jpg;1
\vacia\vacias_1_de_2_PNC_2012_ISAAC\a39474IMAG1232.JPG;0
\cervidae\ciervo_Javi_3_JC\31_20201023 (152).JPG;1
\jabali\WILDBOAR_ZOO_5_6_7_9\31_20210219 (110) (2021_04_15 06_16_22 UTC).JPG;1
\lince\linces_fecha_Linces2_Leo_JC\2_Lince_flecha_Linces2_Leo_JC\lince216 (369).JPG;1
\humanovehiculo\HUMANORVEHICLE_ZOO_5_6_7_9\3_20210417 (8).JPG;1
\lince\Lince_a_Linces2_Leo_JC\lince50 (46).JPG;1
\vacia\empty_IslandConservationCameraTraps\dominicanrepublic_cam0425abril2015_20130826_001558_sunp5929.jpg;0
\cervidae\CERVIDREDORFALLOWDEER_ZOO_1_4\8_20210115 (344).JPG;1
\jabali\WILDBOAR_ZOO_1_4\39_20201019 (519).JPG;1
\tejon\Tejon_PNM_2013-0_ME\f10145IM000434.JPG;1
\ave\ave_PNC_2013-O_RED_ISAAC\b4211IMAG0288.JPG;1
\vacia\NOANIMAL_ZOO_1_4\6_20201812 (8228).JPG;0
\vacia\NOANIMAL_ZOO_5_6_7_9\19_20210618 (399).JPG;0
\vacia\empty_IslandConservationCameraTraps\ecuador1_cam1612_20150508_195344_img_0653.jpg;0
\cervidae\corzo_alumno_2_AM_JC\STC_0009 (2)_frame310.jpg;1
\micromamiferos\rodent_CaltechCameraTrap_JC\Roedor_ rodent_CaltechCameraTrap_JC\586e3049-23d2-11e8-a6a3-ec086b02610b.jpg;1
\lince\Lince_a_Linces2_Leo_JC\lince77 (159).JPG;1
\vacia\NOANIMAL_ZOO_1_4\7_20210115 (3720).JPG;0
\leporido\conejo_Paco_Carro_JC\PICT0333 (2).JPG;1
\vacia\SnampshotEnonkishu\ENO_S1_D06_R1_IMAG0870.JPG;0
\micromamiferos\micromamiferos_Paco_Carro_JC\IMG_0298.JPG;1
\tejon\tejon_alumno_2_AM_JC\DSCF0072_frame080.jpg;1
\vacia\vacias_1_de_2_PNC_2012_ISAAC\a38560IMAG0298.JPG;0
\jabali\WILDBOAR_ZOO_1_4\20_20210115 (1444).JPG;1
\jabali\WILDBOAR_ZOO_5_6_7_9\28_20210615 (1152).JPG;1
\vacia\empty_IslandConservationCameraTraps\dominicanrepublic_cam1125abril2015_20150413_170004_img_1263.jpg;0
\humanovehiculo\HUMANORVEHICLE_ZOO_1_4\21_20201119 (5045).JPG;1
\vaca\cow_CaltechCameraTrap\5946ba53-23d2-11e8-a6a3-ec086b02610b.jpg;1
\lince\Lince_b_Linces2_Leo_JC\lince149 (37).JPG;1
\leporido\rabbit_IslandConservationCameraTraps\chile_piedra012013_1901201312423.jpg;1
\jabali\WILDBOAR_ZOO_5_6_7_9\48_20210418 (733).JPG;1
\vacia\empty_IslandConservationCameraTraps\dominicanrepublic_cam0504noviembre2015_20151104_122825_sunp0011.jpg;0
\gato_domestico\gato_WellingtonCameraTraps_SS\0107151908480830L081.JPG;1
\tejon\Tejon_PNC_2014_JC\c23415IM000040.JPG;1
\leporido\rabbit_CaltechCameraTrap_ME\5a0495c0-23d2-11e8-a6a3-ec086b02610b.jpg;1
\vacia\NOANIMAL_ZOO_5_6_7_9\1_20210219 (123) (2021_04_15 06_16_22 UTC).JPG;0
\zorro\zorro_PNC_2014_manuel\c10934IMAG0008.JPG;1
\humanovehiculo\humano_vehiculo_PNM_2012_ISAAC\d15160IM000018.JPG;1
\vacia\NOANIMAL_ZOO_1_4\37_20201116 (4653).JPG;0
\cervidae\CERVIDREDORFALLOWDEER_ZOO_5_6_7_9\10_20210618 (3215).JPG;1
\gato_domestico\gato_WellingtonCameraTraps_SS\290716181904011a5901.JPG;1
\vacia\NOANIMAL_ZOO_5_6_7_9\2_20210618 (16182).JPG;0
\cervidae\ciervo_simone_2\34_20201024 (4160).JPG;1
\vacia\NOANIMAL_ZOO_5_6_7_9\11_20210418 (4730).JPG;0
\vacia\NOANIMAL_ZOO_5_6_7_9\39_20210417 (12).JPG;0
\vacia\NOANIMAL_ZOO_1_4\37_20210115 (729).JPG;0
\ave\OTHERSPECIES_ZOO_1_4\15_20210117 (6554).JPG;1
\cervidae\CIERVO_PNM_2013-I_ISAAC\e4619IM000073.JPG;1
\vacia\empty_caltechCameraTraps\5971fa14-23d2-11e8-a6a3-ec086b02610b.jpg;0
\vacia\vacia_alumno_1_TH\Ave (7)_frame060.jpg;0
\vaca\Vaca1_diego_1_rev_donana\15_20201024 (3584).JPG;1
\vacia\vacia_alumno_TH_3_TH_JC\30_20201021 (6340).JPG;0
\vacia\empty_SnapshotMountainZebra\MTZ_S1_E06_R3_IMAG0971.JPG;0
\leporido\rabbit_CaltechCameraTrap_ME\593bdbdb-23d2-11e8-a6a3-ec086b02610b.jpg;1
\zorro\REDFOX_ZOO_1_4\11_20210114 (559).JPG;1
\vacia\NOANIMAL_ZOO_1_4\6_20201812 (11030).JPG;0
\vacia\Nothing_mammalWeb\419.jpg;0
\vacia\vacia_alumno_2_2_TH_JC\27_20201023 (7998).JPG;0
\vacia\NOANIMAL_ZOO_1_4\26_20201020 (7455).JPG;0
\vacia\vacia_Soraya_Padilla_Alumno_1_TH\DSCF0064_frame130.jpg;0
\vacia\empty_IslandConservationCameraTraps\dominicanrepublic_cam0825septiembre2015_20130825_071541_sunp0030.jpg;0
\vacia\empty_IslandConservationCameraTraps\dominicanrepublic_cam1826junio2015_20150504_124737_img_0188.jpg;0
\cervidae\ciervo_alumno_2_TH\34_20201024 (2873).JPG;1
\ave\American Crow_ena24\7929.jpg;1
\vacia\NOANIMAL_ZOO_5_6_7_9\1_20210618 (3449).JPG;0
\cervidae\ciervo_PNC_2014_ISAAC\c12278IMAG0030.JPG;1
\jabali\WILDBOAR_ZOO_5_6_7_9\19_20210219 (1102) (2021_04_15 06_16_22 UTC).JPG;1
\cervidae\deer_CaltechCameraTrap\599291d0-23d2-11e8-a6a3-ec086b02610b.jpg;1
\cervidae\ciervo_PNC_2014_ISAAC\c6442IM000087.JPG;1
\vacia\NOANIMAL_ZOO_1_4\7_20210115 (3380).JPG;0
\cervidae\CERVIDREDORFALLOWDEER_ZOO_5_6_7_9\2_20210319 (4140).JPG;1
\vacia\empty_caltechCameraTraps\59b93745-23d2-11e8-a6a3-ec086b02610b.jpg;0
\jabali\WILDBOAR_ZOO_1_4\32_20201218 (433).JPG;1
\zorro\Zorro_PNC_2014_JC\c17994IMAG0047.JPG;1
\vacia\NOANIMAL_ZOO_5_6_7_9\49_20210418 (4768).JPG;0
\micromamiferos\micromamiferos_ME_CASA\IMG_0543.JPG;1
\zorro\zorro_alumno_2_AM_JC\DSCF0400_frame170.jpg;1
\vacia\empty_caltechCameraTraps\5a0e352e-23d2-11e8-a6a3-ec086b02610b.jpg;0
\vacia\vacia_Paco_Carro_JC\MDGC0579.JPG;0
\garduna\garduna_PNC_2013-O_RED_ISAAC\b6494IMAG0022.JPG;1
\zorro\zorro_PNC_2014_manuel\c26241IM000100.JPG;1
\micromamiferos\rat_IslandConservationCameraTraps\micronesia_cam14_june2019_20190620223706_rcnx0379.jpg;1
\humanovehiculo\humano_vehiculo_PNM_2013-O_ISAAC\f14568IMAG0492.JPG;1
\ave\chicken_IslandConservationCameraTraps\palau_cam13a12132018_20181101_104007_rcnx1122.jpg;1
\ave\shearwater_IslandConservationCameraTraps\chile_vaqueria2013_2601201345901.jpg;1
\cervidae\Ciervo_PNC_2014_JC\c9975IM000076.JPG;1
\cervidae\CERVIDREDORFALLOWDEER_ZOO_5_6_7_9\16_20210418 (166).JPG;1
\lince\linces_fecha_Linces2_Leo_JC\2_Lince_flecha_Linces2_Leo_JC\Lince55 (19).jpg;1
\vacia\NOANIMAL_ZOO_5_6_7_9\13_20210218 (518) (2021_04_15 06_16_22 UTC).JPG;0
\zorro\zorro_PNC_2012_JC\a29832IM000010.JPG;1
\cervidae\2_ciervo_Javi_3_JC\10_20201019 (1349).JPG;1
\garduna\GARDUÑA_PNM_2013-I_ISAAC\e511IM000014.JPG;1
\leporido\rabbit_IslandConservationCameraTraps\chile_frances012013_2012201201707.jpg;1
\zorro\zorro_alumno_2_AM_JC\DSCF0096_frame010.jpg;1
\zorro\fox_CaltechCameraTrap_ME\58ac0d47-23d2-11e8-a6a3-ec086b02610b.jpg;1
\gato_domestico\cat_IslandConservationCameraTraps\dominicanrepublic_cam1326julio2015_20150713_222046_img_0040.jpg;1
\vacia\vacias_2_de_2_PNC_2012_ISAAC\a18062IM000045.JPG;0
\jabali\WILDBOAR_ZOO_1_4\16_20201025 (292).JPG;1
\vaca\COW_ZOO_1_4\21_20201119 (3154).JPG;1
\vacia\NOANIMAL_ZOO_1_4\6_20201812 (8997).JPG;0
\vacia\NOANIMAL_ZOO_1_4\6_20201812 (12518).JPG;0
\vacia\empty_caltechCameraTraps\59a49c85-23d2-11e8-a6a3-ec086b02610b.jpg;0
\vacia\NOANIMAL_ZOO_5_6_7_9\32_20210615 (8144).JPG;0
\leporido\conejo_PNM_2013-I_ISAAC\e5322IMAG0085.JPG;1
\cervidae\CERVIDREDORFALLOWDEER_ZOO_5_6_7_9\28_20210615 (334).JPG;1
\jabali\WILDBOAR_ZOO_5_6_7_9\11_20210218 (298) (2021_04_15 06_16_22 UTC).JPG;1
\lince\Lince_b_Linces2_Leo_JC\lince188 (147).JPG;1
\cervidae\CERVIDREDORFALLOWDEER_ZOO_1_4\18_20201024 (533).JPG;1
\lince\Lince_b_Linces2_Leo_JC\lince133 (67).JPG;1
\caballo\HORSE_ZOO_5_6_7_9\17_20210615 (1606).JPG;1
\vacia\vacias_PNC_2014_ISAAC\c12827IMAG0358.JPG;0
\vacia\vacia_Paco_Carro_JC\IMG_1408.JPG;0
\lince\IBERIANLYNX_ZOO_1_4\37_20210115 (75).JPG;1
\humanovehiculo\humanovehiculo_PNC_2014_manuel\c14827IMAG0284.JPG;1
\vacia\NOANIMAL_ZOO_5_6_7_9\50_20210408 (9193).JPG;0
\ave\ave_Soraya_Padilla_Alumno_1_TH\STC_0254_frame140.jpg;1
\vacia\NOANIMAL_ZOO_1_4\43_20201217 (1781).JPG;0
\jabali\WILDBOAR_ZOO_1_4\37_20201116 (9429).JPG;1
\gato_domestico\gato_WellingtonCameraTraps_SS\160416083456030bs341.JPG;1
\cervidae\6_ciervo_Javi_3_JC\34_20201024 (1918).JPG;1
\cervidae\CERVIDREDORFALLOWDEER_ZOO_5_6_7_9\19_20210417 (765).JPG;1
\vacia\NOANIMAL_ZOO_5_6_7_9\50_20210417 (20133).JPG;0
\vacia\empty_SnapshotMountainZebra\MTZ_S1_G04_R3_IMAG1450.JPG;0
\vacia\empty_SnapshotCamdeboo\CDB_S1_F03_R2_IMAG0402.JPG;0
\zorro\Zorro_PNC_2014_JC\c25634IM000028.JPG;1
\cervidae\Ciervo_PNC_2012_JC\a32694IM000799.JPG;1
\cervidae\ciervo_Javi_3_JC\15_20201024 (2902).JPG;1
\tejon\EUROPEANBADGER_ZOO_1_4\11_20201217 (19).JPG;1
\vacia\NOANIMAL_ZOO_1_4\15_20201117 (6055).JPG;0
\tejon\tejon_alumno_2_AM_JC\STC_0102_frame200.jpg;1
\vacia\NOANIMAL_ZOO_1_4\23_20201117 (803).JPG;0
\vacia\NOANIMAL_ZOO_1_4\34_20210115 (4468).JPG;0
\cervidae\5_ciervo_alumno_2_TH\34_20201024 (1911).JPG;1
\vacia\vacia_alumno_2_AM_JC\DSCF0255_frame190.jpg;0
\cervidae\CERVIDREDORFALLOWDEER_ZOO_1_4\19_20210115 (23).JPG;1
\cervidae\ciervo_Javi_3_JC\21_20201025 (4249).JPG;1
\vacia\NOANIMAL_ZOO_1_4\16_20210116 (54).JPG;0
\ave\ave_PNC_2014_manuel\c17910IMAG0014.JPG;1
\ave\ave_Soraya_Padilla_Alumno_1_TH\DSCF0052_frame090.jpg;1
\cervidae\CERVIDREDORFALLOWDEER_ZOO_1_4\43_20201118 (550).JPG;1
\vacia\NOANIMAL_ZOO_5_6_7_9\24_20210615 (21810).JPG;0
\cervidae\CERVIDREDORFALLOWDEER_ZOO_1_4\10_20201218 (3550).JPG;1
\vacia\NOANIMAL_ZOO_1_4\26_20201020 (12677).JPG;0
\lince\Lince_b_Linces2_Leo_JC\lince161 (111).JPG;1
\jabali\WILDBOAR_ZOO_1_4\12_20210116 (119).JPG;1
\lince\Lince_b_Linces2_Leo_JC\lince228 (333).jpg;1
\vacia\Nothing_mammalWeb\174457.jpg;0
\ave\ave_Paco_Carro_JC\MDGC0592.JPG;1
\vacia\NOANIMAL_ZOO_5_6_7_9\11_20210615 (1374).JPG;0
\vaca\cow_CaltechCameraTrap\59260d13-23d2-11e8-a6a3-ec086b02610b.jpg;1
\vacia\NOANIMAL_ZOO_1_4\6_20210115 (13628).JPG;0
\zorro\Zorro_PNC_2014_JC\c30555IM000094.JPG;1
\cervidae\ciervo_PNC_2014_ISAAC\c27639IM000091.JPG;1
\vacia\empty_IslandConservationCameraTraps\dominicanrepublic_cam1926junio2015_20150428_143837_img_0183.jpg;0
\zorro\zorro_PNM_2012_ISAAC\d9982IM000033.JPG;1
\vacia\vacias_1_de_2_PNC_2012_ISAAC\a38820IMAG0573.JPG;0
\vacia\NOANIMAL_ZOO_5_6_7_9\24_20210418 (3066).JPG;0
\cervidae\ciervo_PNM_2013-I_ISAAC\e3270IM000031.JPG;1
\lince\Lince_a_Linces2_Leo_JC\lince70 (42).JPG;1
\zorro\zorro_vacías_humanos_PNC_2012_ME\a23160IM000092.JPG;1
\vacia\NOANIMAL_ZOO_1_4\7_20210115 (960).JPG;0
\cervidae\Ciervo_PNC_2014_JC\c29570IM000201.JPG;1
\vacia\vacia_Paco_Carro_JC\IMG_2237.JPG;0
\gato_domestico\cat_IslandConservationCameraTraps\dominicanrepublic_cam1226junio2015_20150619_013232_img_0629.jpg;1
\ave\bird_CaltechCameraTrap\59341a74-23d2-11e8-a6a3-ec086b02610b.jpg;1
\vacia\empty_caltechCameraTraps\5a14a54c-23d2-11e8-a6a3-ec086b02610b.jpg;0
\leporido\conejo_WellingtonCameraTraps_SS\0107150206161395L043.JPG;1
\vacia\empty_IslandConservationCameraTraps\dominicanrepublic_cam1725abril2015_20150413_083846_img_0491.jpg;0
\humanovehiculo\humano_vehiculo_PNM_2013-O_ISAAC\f4915IM000017.JPG;1
\vacia\Nothing_mammalWeb\35228.jpg;0
\jabali\WILDBOAR_ZOO_1_4\28_20201019 (1737).JPG;1
\cervidae\deer_CaltechCameraTrap\59dc24d0-23d2-11e8-a6a3-ec086b02610b.jpg;1
\cervidae\CERVIDREDORFALLOWDEER_ZOO_5_6_7_9\35_20210418 (1234).JPG;1
\caballo\HORSE_ZOO_1_4\15_20210117 (1970).JPG;1
\vacia\empty_caltechCameraTraps\59bca4f5-23d2-11e8-a6a3-ec086b02610b.jpg;0
\vacia\vacia_Paco_Carro_JC\IMG_2159.JPG;0
\vaca\COW_ZOO_5_6_7_9\39_20210417 (2052).JPG;1
\jabali\Jabalí_PNC_2013-O_ME\b17999IM000044.JPG;1
\cervidae\CERVIDREDORFALLOWDEER_ZOO_1_4\36_20201019 (2607).JPG;1
\zorro\Zorro_PNC_2014_JC\c26044IM000019.JPG;1
\mapache\raccoon_CaltechCameraTrap_ME\586ae029-23d2-11e8-a6a3-ec086b02610b.jpg;1
\caballo\HORSE_ZOO_1_4\15_20210117 (1312).JPG;1
\vacia\NOANIMAL_ZOO_1_4\7_20210115 (2089).JPG;0
\vacia\NOANIMAL_ZOO_1_4\21_20201025 (552).JPG;0
\zorro\REDFOX_ZOO_5_6_7_9\42_20210318 (14).JPG;1
\cervidae\deer_CaltechCameraTrap\59c99cd6-23d2-11e8-a6a3-ec086b02610b.jpg;1
\cervidae\CERVIDREDORFALLOWDEER_ZOO_5_6_7_9\35_20210218 (2606) (2021_04_15 06_16_22 UTC).JPG;1
\gineta\GINETA_PNM_2012_ISAAC\d14639FILE0027.JPG;1
\vacia\Vacia_ME_rev_2_donana\34_20201024 (6176).JPG;0
\leporido\rabbit_CaltechCameraTrap_ME\5908804b-23d2-11e8-a6a3-ec086b02610b.jpg;1
\vacia\empty_IslandConservationCameraTraps\dominicanrepublic_cam1425abril2015_20150419_141129_img_1878.jpg;0
\jabali\WILDBOAR_ZOO_5_6_7_9\47_20210418 (1194).JPG;1
\leporido\conejo_Paco_Carro_JC\PICT2103.JPG;1
\micromamiferos\rodent_CaltechCameraTrap_JC\Roedor_ rodent_CaltechCameraTrap_JC\59b93804-23d2-11e8-a6a3-ec086b02610b.jpg;1
\cervidae\CERVIDREDORFALLOWDEER_ZOO_1_4\21_20201025 (328).JPG;1
\vaca\COW_ZOO_1_4\15_20201024 (20701).JPG;1
\leporido\rabbit_CaltechCameraTrap_ME\58eac7dd-23d2-11e8-a6a3-ec086b02610b.jpg;1
\vacia\NOANIMAL_ZOO_5_6_7_9\24_20210418 (3128).JPG;0
\tejon\tejon_alumno_2_AM_JC\DSCF0072_frame110.jpg;1
\caballo\HORSE_ZOO_1_4\38_20201117 (2010).JPG;1
\ave\ave_ave_WellingtonCameraTraps_SS\110916111420010b5903.JPG;1
\vacia\vacia_ss\37_20201024 (2154).JPG;0
\micromamiferos\micromamiferos_Paco_Carro_JC\IMG_0033 (3).JPG;1
\leporido\rabbit_CaltechCameraTrap_ME\587eeddc-23d2-11e8-a6a3-ec086b02610b.jpg;1
\vacia\NOANIMAL_ZOO_1_4\24_20201019 (2243).JPG;0
\vacia\empty_caltechCameraTraps\59f5ffe8-23d2-11e8-a6a3-ec086b02610b.jpg;0
\vacia\NOANIMAL_ZOO_1_4\7_20210115 (2703).JPG;0
\vacia\NOANIMAL_ZOO_1_4\13_20201025 (94).JPG;0
\zorro\zorro_PNC_2013-I_RED_ME\5730IM000035.JPG;1
\lince\Lince_a_Linces2_Leo_JC\lince120 (69).JPG;1
\humanovehiculo\HUMANORVEHICLE_ZOO_1_4\13_20201025 (99).JPG;1
\cervidae\ciervo_Paco_Carro_JC\IMG_1863.JPG;1
\micromamiferos\micromamifero_WellingtonCameraTraps_SS\110716011342038bs232.JPG;1
\vacia\NOANIMAL_ZOO_1_4\7_20210115 (3119).JPG;0
\caballo\caballos_javier_JC\35_20201218 (335).JPG;1
\micromamiferos\rat_IslandConservationCameraTraps\palau_cam09a12132018_20180915_000647_rcnx0262.jpg;1
\vacia\vacia_Soraya_Padilla_Alumno_1_TH\STC_0109 (2)_frame230.jpg;0
\caballo\HORSE_ZOO_1_4\15_20201117 (2570).JPG;1
\vacia\NOANIMAL_ZOO_1_4\7_20210115 (2047).JPG;0
\mapache\raccoon_CaltechCameraTrap_ME\58d92f44-23d2-11e8-a6a3-ec086b02610b.jpg;1
\vacia\NOANIMAL_ZOO_1_4\26_20201020 (13411).JPG;0
\cervidae\Ciervo_PNC_2014_JC\c7235IM000034.JPG;1
\humanovehiculo\humanovehiculo_PNC_2014_manuel\c7590IM000002.JPG;1
\cervidae\ciervo_Javi_3_JC\21_20201025 (2669).JPG;1
\vacia\NOANIMAL_ZOO_5_6_7_9\24_20210418 (7639).JPG;0
\vacia\NOANIMAL_ZOO_1_4\6_20201812 (14572).JPG;0
\jabali\WILDBOAR_ZOO_5_6_7_9\19_20210319 (501).JPG;1
\cervidae\deer_CaltechCameraTrap\59929194-23d2-11e8-a6a3-ec086b02610b.jpg;1
\vacia\NOANIMAL_ZOO_1_4\43_20201217 (2005).JPG;0
\vacia\vacias_2_de_2_PNC_2012_ISAAC\a36348IM000297.JPG;0
\jabali\WILDBOAR_ZOO_5_6_7_9\33_20210418 (35).JPG;1
\gato_domestico\gato_WellingtonCameraTraps_SS\1904151800120235S131.JPG;1
\cervidae\gamo_Javi_3_JC\9_20201025 (847).JPG;1
\humanovehiculo\car_CaltechCameraTrap_ME\vehiculo\591995aa-23d2-11e8-a6a3-ec086b02610b.jpg;1
\ave\ave_ave_WellingtonCameraTraps_SS\040216133620044b7484.JPG;1
\tejon\EUROPEANBADGER_ZOO_5_6_7_9\47_20210404 (828).JPG;1
\lince\Lince_a_Linces2_Leo_JC\lince128 (60).JPG;1
\cervidae\Ciervo_PNC_2012_JC\a12179IM000607.JPG;1
\jabali\WILDBOAR_ZOO_1_4\7_20201217 (201).JPG;1
\ave\chicken_IslandConservationCameraTraps\palau_cam04a12132018_20181104_085659_rcnx2075.jpg;1
\perro\dog_caltechCameraTraps\597516fa-23d2-11e8-a6a3-ec086b02610b.jpg;1
\gato_domestico\gato_WellingtonCameraTraps_SS\2705150827320549S263.JPG;1
\cervidae\CERVIDREDORFALLOWDEER_ZOO_1_4\10_20201117 (5736).JPG;1
\vacia\empty_SnapshotMountainZebra\MTZ_S1_D07_R1_IMAG2021.JPG;0
\cervidae\CERVIDREDORFALLOWDEER_ZOO_5_6_7_9\5_20210417 (555).JPG;1
\cervidae\CERVIDREDORFALLOWDEER_ZOO_1_4\21_20201025 (3031).JPG;1
\zorro\zorro_PNC_2013-I_ME\733IM000156.JPG;1
\zorro\REDFOX_ZOO_1_4\4_20210117 (3010).JPG;1
\cervidae\ciervo_PNC_2013-I_RED_ME\7407IM000073.JPG;1
\vacia\NOANIMAL_ZOO_5_6_7_9\24_20210418 (17111).JPG;0
\gato_domestico\cat_CaltechCameraTrap\590d2c95-23d2-11e8-a6a3-ec086b02610b.jpg;1
\vacia\NOANIMAL_ZOO_5_6_7_9\25_20210417 (5680).JPG;0
\vacia\NOANIMAL_ZOO_5_6_7_9\24_20210615 (9801).JPG;0
\lince\Lince_a_Linces2_Leo_JC\lince102 (1).jpg;1
\vacia\NOANIMAL_ZOO_5_6_7_9\2_20210417 (12).JPG;0
\lince\linces_fecha_Linces2_Leo_JC\2_Lince_flecha_Linces2_Leo_JC\lince125 (183).JPG;1
\vacia\vacia_Paco_Carro_JC\IMG_1538.JPG;0
\leporido\conejo_leo_donana\0003577.JPG;1
\vacia\NOANIMAL_ZOO_1_4\26_20201020 (4624).JPG;0
\vacia\NOANIMAL_ZOO_5_6_7_9\50_20210417 (25294).JPG;0
\cervidae\corzo_alumno_2_AM_JC\DSCF0127_frame068.jpg;1
\leporido\rabbit_IslandConservationCameraTraps\chile_frances022013_26042013100945.jpg;1
\cervidae\ciervo_PNC_2014_ISAAC\c10965FILE0019.JPG;1
\leporido\2_conejo_Paco_Carro_JC\PICT0141.JPG;1
\vaca\COW_ZOO_5_6_7_9\17_20210318 (1285).JPG;1
\cervidae\ciervo_PNM_2013-O_ISAAC\f1027IM000720.JPG;1
\leporido\Rabbit_mammalWeb\130691.jpg;1
\vacia\NOANIMAL_ZOO_1_4\12_20201217 (364).JPG;0
\humanovehiculo\humano_vehiculo_PNM_2012_ISAAC\d243IM000132.JPG;1
\cervidae\6_ciervo_simone_2\34_20201024 (5790).JPG;1
\vacia\vacia_Paco_Carro_JC\IMG_2095.JPG;0
\vacia\vacia_javi_2_JC\27_20201023 (8281).JPG;0
\zorro\Zorro_Pepe_IREC\Zorro_Pepe_Irec_ME\IMAG0140_(4).JPG;1
\vacia\NOANIMAL_ZOO_1_4\10_20201117 (3163).JPG;0
\leporido\conejo_Paco_Carro_JC\PICT0895.JPG;1
\cervidae\CERVIDREDORFALLOWDEER_ZOO_5_6_7_9\22_20210417 (5916).JPG;1
\vacia\NOANIMAL_ZOO_5_6_7_9\2_20210417 (15265).JPG;0
\jabali\WILDBOAR_ZOO_5_6_7_9\1_20210319 (39).JPG;1
\vacia\empty_SnapshotMountainZebra\MTZ_S1_D05_R1_IMAG1982.JPG;0
\gato_domestico\Gato_domestico_alumno_2_AM_JC\Gato (1)_frame100.jpg;1
\vacia\vacia_alumno_2_AM_JC\DSCF0020_frame000.jpg;0
\mapache\raccoon_CaltechCameraTrap_ME\59a94acd-23d2-11e8-a6a3-ec086b02610b.jpg;1
\leporido\conejo_Paco_Carro_JC\PICT2339.JPG;1
\vaca\COW_ZOO_5_6_7_9\46_20210618 (793).JPG;1
\humanovehiculo\HUMANORVEHICLE_ZOO_5_6_7_9\32_20210218 (4) (2021_04_15 06_16_22 UTC).JPG;1
\vacia\empty_IslandConservationCameraTraps\ecuador1_ic1611_20150101_000004_img_0879.jpg;0
\lince\IBERIANLYNX_ZOO_1_4\20_20201024 (806).JPG;1
\cervidae\CERVIDREDORFALLOWDEER_ZOO_5_6_7_9\21_20210615 (252).JPG;1
\vacia\NOANIMAL_ZOO_1_4\26_20201020 (13384).JPG;0
\vacia\NOANIMAL_ZOO_1_4\15_20210117 (16501).JPG;0
\vacia\empty_IslandConservationCameraTraps\dominicanrepublic_cam0425abril2015_20130822_050921_sunp4339.jpg;0
\vacia\vacias_PNC_2013-I_RED_ME\5068IMAG0026.JPG;0
\meloncillo\Meloncillo_PEPE_IREC_JC\IMAG0787.JPG;1
\leporido\rabbit_CaltechCameraTrap_ME\595f7bcd-23d2-11e8-a6a3-ec086b02610b.jpg;1
\vacia\SnampshotEnonkishu\ENO_S1_D06_R1_IMAG1301.JPG;0
\vacia\empty_caltechCameraTraps\59eab9d8-23d2-11e8-a6a3-ec086b02610b.jpg;0
\vacia\NOANIMAL_ZOO_1_4\34_20201024 (5425).JPG;0
\cervidae\ciervo_Javi_3_JC\34_20201024 (174).JPG;1
\zorro\zorro_PNC_2014_manuel\c17114IM000037.JPG;1
\leporido\rabbit_IslandConservationCameraTraps\chile_frances012013_0601201375846.jpg;1
\gato_domestico\gato_WellingtonCameraTraps_SS\02101519262009565903.JPG;1
\cervidae\gamo_buscar_cab_isaac_sin_contar\9_20201118 (141).JPG;1
\jabali\jabali_javi_2_JC\37_20201024 (10591).JPG;1
\vacia\vacias_ME_CASA\IMG_0503.JPG;0
\cervidae\CERVIDREDORFALLOWDEER_ZOO_5_6_7_9\35_20210218 (1195) (2021_04_15 06_16_22 UTC).JPG;1
\vacia\empty_IslandConservationCameraTraps\dominicanrepublic_cam0901noviembre2015_20151028_141144_img_0024.jpg;0
\caballo\caballos_alumno_AM\caballos_alumno_AM\2_20201215 (542).JPG;1
\vacia\empty_IslandConservationCameraTraps\ecuador1_ic1611_20150101_000004_img_1222.jpg;0
\vacia\Nothing_mammalWeb\73758.jpg;0
\jabali\WILDBOAR_ZOO_1_4\37_20201116 (4620).JPG;1
\vacia\vacia_Soraya_Padilla_Alumno_1_TH\DSCF0046_frame050.jpg;0
\vacia\vacia_Soraya_Padilla_Alumno_1_TH\DSCF0057_frame250.jpg;0
\garduna\garduna_PNC_2013-I_ME\7574IM000143.JPG;1
\zorro\zorro_PNC_2014_manuel\c11697IMAG0477.JPG;1
\zorro\zorro_PNC_2013-I_ME\1542IM000093.JPG;1
\leporido\rabbit_CaltechCameraTrap_ME\595adc4c-23d2-11e8-a6a3-ec086b02610b.jpg;1
\leporido\conejo_Paco_Carro_JC\PICT0094.JPG;1
\cervidae\CERVIDREDORFALLOWDEER_ZOO_1_4\37_20201024 (12778).JPG;1
\vacia\NOANIMAL_ZOO_5_6_7_9\12J_20210404 (147).JPG;0
\leporido\conejo_leo_donana\0003182.JPG;1
\zorro\zorro_PNM_2012_ISAAC\d7938IMAG0047.JPG;1
\perro\perros_fotosManuelEmilio20200912\IMG_0200.JPG;1
\vacia\empty_caltechCameraTraps\59bca6db-23d2-11e8-a6a3-ec086b02610b.jpg;0
\leporido\rabbit_IslandConservationCameraTraps\chile_frances022013_17042013105441.jpg;1
\humanovehiculo\humano_vehiculo_PNM_2012_ISAAC\d11429IM000007.JPG;1
\cervidae\ciervo_Paco_Carro_JC\PICT0025.JPG;1
\gato_domestico\gato_WellingtonCameraTraps_SS\1605150415200359L103.JPG;1
\cervidae\CERVIDREDORFALLOWDEER_ZOO_5_6_7_9\1_20210618 (1863).JPG;1
\cervidae\ciervo_PNM_2012_ME\d2418IM000710.JPG;1
\cervidae\CERVIDREDORFALLOWDEER_ZOO_5_6_7_9\10_20210618 (3538).JPG;1
\vacia\NOANIMAL_ZOO_5_6_7_9\36_20210618 (5415).JPG;0
\vacia\empty_IslandConservationCameraTraps\dominicanrepublic_cam1826junio2015_20150506_062528_img_3354.jpg;0
\perro\Domestic dog_mammalWeb\40206.jpg;1
\vaca\COW_ZOO_5_6_7_9\21_20210418 (357).JPG;1
\zorro\Zorro_Pepe_IREC\Zorro_Pepe_Irec_ME\CA_42-02.25-21_59.JPG;1
\jabali\jabali_revGinetasJC_REV1_4_donana\37_20201116 (2330).JPG;1
\humanovehiculo\HUMANORVEHICLE_ZOO_1_4\39_20201116 (575).JPG;1
\vacia\vacia_ss\40_20201024 (4858).JPG;0
\zorro\ZORRO_PNM_2012_ISAAC\d15149IM000079.JPG;1
\vacia\vacias_1_de_2_PNC_2012_ISAAC\a39261IMAG1006.JPG;0
\ave\raven_IslandConservationCameraTraps\dominicanrepublic_cam11401octubre2017_20171008_085627_img_0038.jpg;1
\jabali\WILDBOAR_ZOO_1_4\11_20210114 (895).JPG;1
\cervidae\CERVIDREDORFALLOWDEER_ZOO_5_6_7_9\19_20210319 (1910).JPG;1
\vacia\NOANIMAL_ZOO_5_6_7_9\24_20210615 (14667).JPG;0
\caballo\HORSE_ZOO_5_6_7_9\46_20210618 (1095).JPG;1
\vacia\NOANIMAL_ZOO_5_6_7_9\24_20210418 (6201).JPG;0
\caballo\HORSE_ZOO_1_4\2_20210115 (3887).JPG;1
\leporido\rabbit_IslandConservationCameraTraps\chile_frances012013_06012013133347.jpg;1
\micromamiferos\rat_IslandConservationCameraTraps\palau_cam13a12132018_20181207_200054_rcnx1715.jpg;1
\vacia\NOANIMAL_ZOO_5_6_7_9\2_20210417 (11021).JPG;0
\vaca\COW_ZOO_1_4\17_20201026 (235).JPG;1
\leporido\rabbit_CaltechCameraTrap_ME\59a17cc8-23d2-11e8-a6a3-ec086b02610b.jpg;1
\leporido\LEPORIDRABBITORHARE_ZOO_1_4\6_20201023 (3127).JPG;1
\tejon\Tejon_ME_rev_2_donana\42_20201026 (192).JPG;1
\leporido\rabbit_CaltechCameraTrap_ME\59cb3a42-23d2-11e8-a6a3-ec086b02610b.jpg;1
\vacia\NOANIMAL_ZOO_5_6_7_9\24_20210418 (3207).JPG;0
\jabali\WILDBOAR_ZOO_1_4\40_20201215 (2709).JPG;1
\lince\linces_fecha_Linces2_Leo_JC\2_Lince_flecha_Linces2_Leo_JC\lince102 (241).JPG;1
\humanovehiculo\humano_vehiculo_PNC_2013-I_ISAAC\4358IMAG0330.JPG;1
\cervidae\deer_CaltechCameraTrap\5a26377f-23d2-11e8-a6a3-ec086b02610b.jpg;1
\cervidae\deer_CaltechCameraTrap\59aad9c9-23d2-11e8-a6a3-ec086b02610b.jpg;1
\ave\bird_CaltechCameraTrap\59c80675-23d2-11e8-a6a3-ec086b02610b.jpg;1
\leporido\rabbit_IslandConservationCameraTraps\chile_vaqueria2013_06022013182346.jpg;1
\cervidae\CERVIDREDORFALLOWDEER_ZOO_5_6_7_9\5_20210219 (367) (2021_04_15 06_16_22 UTC).JPG;1
\jabali\WILDBOAR_ZOO_1_4\11_20210114 (396).JPG;1
\humanovehiculo\humanovehiculo_vacías_humanos_PNC_2012_ME\a28627IM000016.JPG;1
\ave\ave_PNC_2014_manuel\c3779IMAG0115.JPG;1
\cervidae\CERVIDREDORFALLOWDEER_ZOO_1_4\37_20201215 (802).JPG;1
\leporido\conejo_Paco_Carro_JC\PICT0379.JPG;1
\cervidae\CERVIDREDORFALLOWDEER_ZOO_5_6_7_9\28_20210615 (3307).JPG;1
\jabali\WILDBOAR_ZOO_1_4\20_20210115 (943).JPG;1
\vacia\Vacio__diego_2_rev_donana\37_20201024 (4664).JPG;0
\cervidae\ciervo_PNM_2012_ME\d2505IM000802.JPG;1
\zorro\Zorro_Pepe_IREC\Zorro_Pepe_Irec_ME\CA_21-02.19-22_52.JPG;1
\humanovehiculo\humanovehiculo_PNM_2013-I_ME\e4867IM000111.JPG;1
\cervidae\deer_CaltechCameraTrap\59a7bdcb-23d2-11e8-a6a3-ec086b02610b.jpg;1
\vaca\COW_ZOO_1_4\21_20201217 (2069).JPG;1
\vaca\COW_ZOO_1_4\21_20201025 (3531).JPG;1
\lince\Lince_a_Linces2_Leo_JC\Lince46 (150).JPG;1
\cervidae\CERVIDREDORFALLOWDEER_ZOO_1_4\2_20201117 (4854).JPG;1
\vacia\empty_caltechCameraTraps\59edf046-23d2-11e8-a6a3-ec086b02610b.jpg;0
\leporido\conejo_PNC_2014_manuel\c24124IMAG0111.JPG;1
\cervidae\ciervo_PNC_2014_manuel\c12136IMAG0071.JPG;1
\cervidae\2_Ciervo_Paco_Carro_camarasliron_4_2_PASADAS_POR_LA_RED_JC\MDGC0540.JPG;1
\vacia\NOANIMAL_ZOO_1_4\6_20201116 (4476).JPG;0
\cervidae\cervidae_alumno_2_TH\34_20201024 (2540).JPG;1
\cervidae\ciervo_vacías_humanos_PNC_2012_ME\a18534IM000128.JPG;1
\vaca\cow_CaltechCameraTrap\59055ed2-23d2-11e8-a6a3-ec086b02610b.jpg;1
\vacia\empty_SnapshotMountainZebra\MTZ_S1_D06_R1_IMAG1364.JPG;0
\vacia\NOANIMAL_ZOO_5_6_7_9\24_20210219 (1584) (2021_04_15 06_16_22 UTC).JPG;0
\ave\rooster_IslandConservationCameraTraps\palau_cam04a12132018_20181101_065749_rcnx2018.jpg;1
\cervidae\deer_CaltechCameraTrap\59b48685-23d2-11e8-a6a3-ec086b02610b.jpg;1
\vacia\empty_caltechCameraTraps\59f944b0-23d2-11e8-a6a3-ec086b02610b.jpg;0
\humanovehiculo\car_CaltechCameraTrap_ME\vehiculo\597386ea-23d2-11e8-a6a3-ec086b02610b.jpg;1
\gato_domestico\gato_WellingtonCameraTraps_SS\131016005456023c5951.JPG;1
\cervidae\ciervo_PNM_2013-O_ISAAC\f797IM000698.JPG;1
\vacia\empty_IslandConservationCameraTraps\dominicanrepublic_cam0425abril2015_20130819_022427_sunp3102.jpg;0
\cervidae\CERVIDREDORFALLOWDEER_ZOO_1_4\4_20201220 (237).JPG;1
\cervidae\CERVIDREDORFALLOWDEER_ZOO_1_4\33_20201025 (82).JPG;1
\jabali\Jabali_PNC_2012_JC\a37196IM000307.JPG;1
\vacia\empty_SnapshotMountainZebra\MTZ_S1_E06_R3_IMAG0572.JPG;0
\cervidae\2_Ciervos_PNC_2014_JC\c10910IMAG0003.JPG;1
\jabali\Jabali_M_ME_rev_1_donana\41_20201025 (166).JPG;1
\leporido\rabbit_IslandConservationCameraTraps\chile_frances022013_01052013135836.jpg;1
\caballo\HORSE_ZOO_1_4\15_20210117 (8887).JPG;1
\leporido\conejo_leo_donana\0007349.JPG;1
\humanovehiculo\humanovehiculo_PNC_2013-O_RED_ISAAC\b12532IM000031.JPG;1
\vacia\NOANIMAL_ZOO_5_6_7_9\50_20210408 (19862).JPG;0
\cervidae\ciervo_simone_2\37_20201024 (8328).JPG;1
\leporido\rabbit_IslandConservationCameraTraps\chile_frances022013_27052013120541.jpg;1
\zorro\Zorro_Pepe_IREC\Zorro_Pepe_Irec_ME\IMAG0174_(4).JPG;1
\vacia\empty_IslandConservationCameraTraps\dominicanrepublic_cam1826junio2015_20150505_092401_img_1860.jpg;0
\gato_domestico\gato_WellingtonCameraTraps_SS\0506152020180835S083.JPG;1
\leporido\rabbit_CaltechCameraTrap_ME\592930b9-23d2-11e8-a6a3-ec086b02610b.jpg;1
\gato_domestico\gato_WellingtonCameraTraps_SS\061116234920011a7492.JPG;1
\vacia\NOANIMAL_ZOO_1_4\7_20210115 (2867).JPG;0
\cervidae\deer_CaltechCameraTrap\59c4c25c-23d2-11e8-a6a3-ec086b02610b.jpg;1
\vacia\empty_SnapshotMountainZebra\MTZ_S1_G04_R3_IMAG1142.JPG;0
\vacia\empty_IslandConservationCameraTraps\dominicanrepublic_cam1826julio2015_20150712_110721_img_2058.jpg;0
\vacia\NOANIMAL_ZOO_1_4\37_20201024 (12977).JPG;0
\ave\ave_ave_WellingtonCameraTraps_SS\090416140248047c7303.JPG;1
\cervidae\deer_CaltechCameraTrap\59a30d2b-23d2-11e8-a6a3-ec086b02610b.jpg;1
\zorro\zorro_PNC_2012_JC\a34997IMAG0114.JPG;1
\vacia\NOANIMAL_ZOO_1_4\7_20210115 (2808).JPG;0
\leporido\rabbit_CaltechCameraTrap_ME\589e682e-23d2-11e8-a6a3-ec086b02610b.jpg;1
\garduna\garduna_PNC_2013-I_ME\9200IM000044.JPG;1
\cervidae\CERVIDREDORFALLOWDEER_ZOO_1_4\21_20201025 (2735).JPG;1
\cervidae\CERVIDREDORFALLOWDEER_ZOO_5_6_7_9\22_20210417 (6629).JPG;1
\cervidae\ciervo_PNC_2012_ISAAC\a19981IM000105.JPG;1
\cervidae\deer_CaltechCameraTrap\59a17b4b-23d2-11e8-a6a3-ec086b02610b.jpg;1
\vacia\empty_IslandConservationCameraTraps\micronesia_cam16_cam16june2019_20190623075003_rcnx4666.jpg;0
\lince\Lince_a_Linces2_Leo_JC\lince77 (14).JPG;1
\leporido\conejo_Paco_Carro_JC\PICT0119 (2).JPG;1
\humanovehiculo\humanovehiculo_PNC_2013-O_RED_ISAAC\b17960IM000003.JPG;1
\vacia\Nothing_mammalWeb\53265.jpg;0
\jabali\WILDBOAR_ZOO_1_4\34_20210115 (696).JPG;1
\cervidae\CERVIDREDORFALLOWDEER_ZOO_5_6_7_9\39_20210318 (187).JPG;1
\perro\dog_IslandConservationCameraTraps\chile_piedra012013_0801201392005.jpg;1
\vacia\NOANIMAL_ZOO_5_6_7_9\21_20200113 (1351) (2021_04_15 06_16_22 UTC).JPG;0
\vacia\vacia_Paco_Carro_JC\01140001.JPG;0
\vacia\vacias_1_de_2_PNC_2012_ISAAC\a46643IM000432.JPG;0
\vacia\empty_SnapshotMountainZebra\MTZ_S1_G04_R3_IMAG1796.JPG;0
\vacia\NOANIMAL_ZOO_1_4\7_20210115 (4125).JPG;0
\leporido\rabbit_CaltechCameraTrap_ME\58ede0fe-23d2-11e8-a6a3-ec086b02610b.jpg;1
\cervidae\3_ciervo_simone_2\34_20201024 (5251).JPG;1
\vacia\NOANIMAL_ZOO_1_4\6_20201812 (8384).JPG;0
\ave\Bird_ena24\18.jpg;1
\micromamiferos\ratoncampo_Saul Martin_FRAMES_SIN_REPETIDOS_REVISADOS_DIEGO\IMAG0008_frame280.jpg;1
\vacia\empty_SnapshotMountainZebra\MTZ_S1_E06_R3_IMAG0824.JPG;0
\cervidae\ciervo_PNM_2013-O_ISAAC\f14775IM000087.JPG;1
\cervidae\Ciervo_Paco_Carro_camarasliron_4_2_PASADAS_POR_LA_RED_JC\MDGC0078.JPG;1
\vacia\NOANIMAL_ZOO_5_6_7_9\15_20210219 (4671) (2021_04_15 06_16_22 UTC).JPG;0
\lince\Lince_b_Linces2_Leo_JC\lince190 (10).JPG;1
\vacia\empty_SnapshotMountainZebra\MTZ_S1_D06_R1_IMAG0048.JPG;0
\vacia\NOANIMAL_ZOO_5_6_7_9\9_20210615 (607).JPG;0
\tejon\tejon_alumno_2_AM_JC\STC_0205_frame050.jpg;1
\vacia\empty_caltechCameraTraps\5a1fe8b4-23d2-11e8-a6a3-ec086b02610b.jpg;0
\lince\Lince_a_Linces2_Leo_JC\Lince56 (58).JPG;1
\vaca\vaca_Paco_Carro_JC\PICT0022.JPG;1
\leporido\rabbit_IslandConservationCameraTraps\chile_frances012013_1301201364733.jpg;1
\vacia\vacia_alumno_2_2_TH_JC\27_20201023 (6213).JPG;0
\vacia\NOANIMAL_ZOO_5_6_7_9\25_20210319 (1779).JPG;0
\vacia\vacias_PNM_2013-O_ISAAC\f7850IMAG0707.JPG;0
\cervidae\CERVIDREDORFALLOWDEER_ZOO_5_6_7_9\24_20210318 (15655).JPG;1
\zorro\Zorro_Pepe_IREC\Zorro_Pepe_Irec_ME\IMAG0062_(11).JPG;1
\cervidae\CERVIDREDORFALLOWDEER_ZOO_1_4\6_20201116 (710).JPG;1
\ave\shearwater_IslandConservationCameraTraps\chile_vaqueria2013_07012013222948.jpg;1
\vaca\COW_ZOO_5_6_7_9\9_20210615 (2288).JPG;1
\vacia\SnampshotEnonkishu\ENO_S1_D06_R1_IMAG2813.JPG;0
\cervidae\CERVIDREDORFALLOWDEER_ZOO_5_6_7_9\15_20210219 (6602) (2021_04_15 06_16_22 UTC).JPG;1
\leporido\rabbit_IslandConservationCameraTraps\chile_frances012013_21122012164703.jpg;1
\lince\Lince_a_Linces2_Leo_JC\Lince59 (29).JPG;1
\vacia\NOANIMAL_ZOO_5_6_7_9\50_20210417 (25082).JPG;0
\tejon\tejon_alumno_2_AM_JC\STC_0064 (2)_frame040.jpg;1
\cervidae\CERVIDREDORFALLOWDEER_ZOO_1_4\2_20201215 (95).JPG;1
\vacia\empty_IslandConservationCameraTraps\dominicanrepublic_cam1826junio2015_20150505_090052_img_1724.jpg;0
\zorro\zorro_PNM_2013-I_ME\e4799IM000045.JPG;1
\jabali\WILDBOAR_ZOO_5_6_7_9\20_20210219 (2915) (2021_04_15 06_16_22 UTC).JPG;1
\vacia\NOANIMAL_ZOO_5_6_7_9\11_20210615 (1522).JPG;0
\zorro\Red Fox_ena24\3420.jpg;1
\leporido\LEPORIDRABBITORHARE_ZOO_5_6_7_9\2_20210319 (8002).JPG;1
\cervidae\Ciervo_PNC_2012_JC\a10901IM000052.JPG;1
\cervidae\ciervo_simone_2\34_20201024 (6042).JPG;1
\gineta\gineta_PNM_2013-I_ISAAC\e523IM000027.JPG;1
\jabali\WILDBOAR_ZOO_5_6_7_9\11_20210218 (754) (2021_04_15 06_16_22 UTC).JPG;1
\vacia\NOANIMAL_ZOO_5_6_7_9\36_20210618 (2021).JPG;0
\leporido\Conejo_Leo_Otra_fauna_PASADA_POR_LA_RED_JC\Otrafauna (1129).JPG;1
\vacia\NOANIMAL_ZOO_1_4\6_20201812 (8607).JPG;0
\cervidae\CERVIDREDORFALLOWDEER_ZOO_1_4\34_20201024 (5211).JPG;1
\vacia\NOANIMAL_ZOO_5_6_7_9\36_20210618 (771).JPG;0
\caballo\HORSE_ZOO_5_6_7_9\46_20210618 (1377).JPG;1
\vacia\vacia_alumno_AM_2\26_20201020 (7178).JPG;0
\humanovehiculo\humanovehiculo_PNC_2014_manuel\c29101IM000001.JPG;1
\gato_domestico\Gato_domestico_alumno_2_AM_JC\Felcat 16_frame000.jpg;1
\humanovehiculo\humanos_Paco_Carro_JC\IMG_0025.JPG;1
\zorro\zorro_PNC_2012_JC\a11552IM000637.JPG;1
\vacia\NOANIMAL_ZOO_1_4\26_20201020 (15177).JPG;0
\vacia\empty_caltechCameraTraps\595c68bc-23d2-11e8-a6a3-ec086b02610b.jpg;0
\humanovehiculo\humano_vehiculo_PNC_2013-I_ISAAC\5180IM000019.JPG;1
\gato_domestico\gato_WellingtonCameraTraps_SS\2106151733140956L171.JPG;1
\ave\Chicken_ena24\6385.jpg;1
\cervidae\ciervo_PNM_2012_ISAAC\d16007FILE0011.JPG;1
\vacia\vacias_2_de_2_PNC_2012_ISAAC\a1341IM000313.JPG;0
\jabali\WILDBOAR_ZOO_1_4\37_20201024 (779).JPG;1
\cervidae\CERVIDREDORFALLOWDEER_ZOO_5_6_7_9\18_20210219 (6621) (2021_04_15 06_16_22 UTC).JPG;1
\cervidae\CERVIDREDORFALLOWDEER_ZOO_1_4\15_20201117 (1750).JPG;1
\micromamiferos\rat_IslandConservationCameraTraps\micronesia_cam09_cam09june2019_20190620154352_rcnx0531.jpg;1
\leporido\conejo_Paco_Carro_JC\PICT2357.JPG;1
\micromamiferos\rat_IslandConservationCameraTraps\micronesia_cam03april2019_20190411_194831_rcnx0090.jpg;1
\ave\ave_ave_WellingtonCameraTraps_SS\0104151018400359L103.JPG;1
\jabali\WILDBOAR_ZOO_5_6_7_9\11_20210218 (494) (2021_04_15 06_16_22 UTC).JPG;1
\cervidae\CERVIDREDORFALLOWDEER_ZOO_1_4\41_20201118 (107).JPG;1
\cervidae\deer_CaltechCameraTrap\5a27db18-23d2-11e8-a6a3-ec086b02610b.jpg;1
\vacia\NOANIMAL_ZOO_1_4\7_20210115 (2699).JPG;0
\cervidae\CERVIDREDORFALLOWDEER_ZOO_5_6_7_9\33_20210615 (147).JPG;1
\vacia\empty_IslandConservationCameraTraps\dominicanrepublic_cam1826junio2015_20150506_054407_img_3286.jpg;0
\vacia\empty_SnapshotKaroo\KAR_S1_C02_R1_IMAG0639.JPG;0
\micromamiferos\rat_IslandConservationCameraTraps\micronesia_cam14_june2019_20190618203124_rcnx0202.jpg;1
\cervidae\CERVIDREDORFALLOWDEER_ZOO_1_4\25_20201117 (20).JPG;1
\zorro\ZORRO_PNM_2013-I_ISAAC\e352IM000017.JPG;1
\cervidae\CERVIDREDORFALLOWDEER_ZOO_1_4\2_20201117 (4494).JPG;1
\ave\4_ave_Soraya_Padilla_Alumno_1_TH\DSCF0097_frame140.jpg;1
\cervidae\corzo_alumno_2_AM_JC\STC_0195_frame160.jpg;1
\cervidae\CERVIDREDORFALLOWDEER_ZOO_5_6_7_9\19_20210319 (1977).JPG;1
\vacia\empty_SnapshotKaroo\KAR_S1_B01_R1_IMAG5244.JPG;0
\vacia\NOANIMAL_ZOO_5_6_7_9\50_20210408 (25940).JPG;0
\vacia\vacias_PNM_2013-O_ISAAC\f6199IMAG0625.JPG;0
\ave\raven_IslandConservationCameraTraps\dominicanrepublic_cam2927abril2016_20160417_151806_img_0038.jpg;1
\vacia\empty_IslandConservationCameraTraps\dominicanrepublic_cam2015abril2015_20150327_150049_img_2092.jpg;0
\cervidae\CERVIDREDORFALLOWDEER_ZOO_5_6_7_9\35_20210218 (1581) (2021_04_15 06_16_22 UTC).JPG;1
\vaca\COW_ZOO_1_4\17_20201026 (778).JPG;1
\cervidae\CERVIDREDORFALLOWDEER_ZOO_5_6_7_9\15_20210219 (5989) (2021_04_15 06_16_22 UTC).JPG;1
\cervidae\ciervo_PNC_2012_ISAAC\a15374IM000418.JPG;1
\vacia\NOANIMAL_ZOO_1_4\6_20201116 (4527).JPG;0
\vacia\empty_SnapshotKaroo\KAR_S1_F02_R1_IMAG6118.JPG;0
\vacia\NOANIMAL_ZOO_5_6_7_9\24_20210418 (6999).JPG;0
\cervidae\CERVIDREDORFALLOWDEER_ZOO_5_6_7_9\15_20210219 (5558) (2021_04_15 06_16_22 UTC).JPG;1
\vacia\NOANIMAL_ZOO_1_4\34_20210115 (3221).JPG;0
\vacia\empty_IslandConservationCameraTraps\dominicanrepublic_cam0425abril2015_20130815_045057_sunp2557.jpg;0
\cervidae\CERVIDREDORFALLOWDEER_ZOO_5_6_7_9\21_20200113 (25) (2021_04_15 06_16_22 UTC).JPG;1
\vacia\empty_SnapshotMountainZebra\MTZ_S1_D05_R1_IMAG2641.JPG;0
\cervidae\CERVIDREDORFALLOWDEER_ZOO_1_4\28_20201218 (150).JPG;1
\gato_domestico\cat_IslandConservationCameraTraps\palau_cam09a12132018_20180831_200105_rcnx0152.jpg;1
\ave\Mirlo_PNC_2014_JC\c14496IMAG0209.JPG;1
\ave\Petirrojo_PNC_2013-O_ME\b19841IMAG0083.JPG;1
\cervidae\deer_CaltechCameraTrap\59ffbc50-23d2-11e8-a6a3-ec086b02610b.jpg;1
\caballo\HORSE_ZOO_1_4\15_20201117 (3075).JPG;1
\jabali\WILDBOAR_ZOO_1_4\15_20210117 (8025).JPG;1
\zorro\zorro_PNM_2013-O_ISAAC\f14189IMAG0092.JPG;1
\leporido\LEPORIDRABBITORHARE_ZOO_5_6_7_9\2_20210319 (5259).JPG;1
\cervidae\3_corzo_alumno_2_AM_JC\STC_0151_frame160.jpg;1
\vaca\cow_CaltechCameraTrap\58c664bd-23d2-11e8-a6a3-ec086b02610b.jpg;1
\lince\Lince_b_Linces2_Leo_JC\lince224 (221).jpg;1
\cervidae\CERVIDREDORFALLOWDEER_ZOO_5_6_7_9\19_20210618 (2993).JPG;1
\vacia\NOANIMAL_ZOO_5_6_7_9\5_20210319 (2911).JPG;0
\tejon\Tejon_PEPE_IREC_JC\IMAG0186_(3).JPG;1
\jabali\WILDBOAR_ZOO_1_4\43_20201118 (268).JPG;1
\cervidae\CERVIDREDORFALLOWDEER_ZOO_1_4\39_20201019 (322).JPG;1
\cervidae\deer_CaltechCameraTrap\58a52e47-23d2-11e8-a6a3-ec086b02610b.jpg;1
\vacia\NOANIMAL_ZOO_1_4\6_20201812 (10833).JPG;0
\zorro\REDFOX_ZOO_5_6_7_9\11_20210418 (3416).JPG;1
\vacia\vacias_1_de_2_PNC_2012_ISAAC\a52627IM000171.JPG;0
\vacia\NOANIMAL_ZOO_1_4\6_20201812 (14704).JPG;0
\zorro\Zorro_PNC_2014_JC\c25826IM000044.JPG;1
\vacia\vacias_2_de_2_PNC_2012_ISAAC\a1770IM000737.JPG;0
\ave\ave_PNC_2013-O_RED_ISAAC\b19820IMAG0070.JPG;1
\ave\Pheasant_mammalWeb\44562.jpg;1
\vacia\NOANIMAL_ZOO_5_6_7_9\24_20210418 (1648).JPG;0
\vaca\COW_ZOO_1_4\21_20210114 (362).JPG;1
\zorro\fox_CaltechCameraTrap_ME\5a197a78-23d2-11e8-a6a3-ec086b02610b.jpg;1
\humanovehiculo\car_CaltechCameraTrap_ME\vehiculo\586c8953-23d2-11e8-a6a3-ec086b02610b.jpg;1
\vacia\NOANIMAL_ZOO_5_6_7_9\47_20210418 (1251).JPG;0
\vacia\vacia_Paco_Carro_JC\01130569.JPG;0
\tejon\tejon_leo_donana\0000270.JPG;1
\cervidae\CERVIDREDORFALLOWDEER_ZOO_1_4\21_20201025 (3696).JPG;1
\vacia\NOANIMAL_ZOO_1_4\6_20201812 (9342).JPG;0
\garduna\Garduna_PNM_2013-0_ME\f4608IM000277.JPG;1
\vacia\NOANIMAL_ZOO_1_4\6_20201812 (15061).JPG;0
\vacia\empty_IslandConservationCameraTraps\palau_cam03a08312018_20180826_135234_rcnx0133.jpg;0
\leporido\rabbit_IslandConservationCameraTraps\chile_frances012013_04012013203552.jpg;1
\vacia\NOANIMAL_ZOO_5_6_7_9\20_20210618 (1938).JPG;0
\vacia\vacias_2_de_2_PNC_2012_ISAAC\a41653IM000792.JPG;0
\cervidae\cervidae_ME_rev_1_donana\9_20201025 (785).JPG;1
\vacia\NOANIMAL_ZOO_5_6_7_9\50_20210417 (24530).JPG;0
\vacia\NOANIMAL_ZOO_5_6_7_9\39_20210318 (814).JPG;0
\caballo\HORSE_ZOO_5_6_7_9\15_20210219 (8652) (2021_04_15 06_16_22 UTC).JPG;1
\vacia\Vacio__diego_1_rev_donana\38_20201019 (221).JPG;0
\cervidae\CERVIDREDORFALLOWDEER_ZOO_1_4\10_20201117 (6063).JPG;1
\gato_domestico\gato_WellingtonCameraTraps_SS\1806152158420359L101.JPG;1
\vacia\NOANIMAL_ZOO_5_6_7_9\24_20210615 (21835).JPG;0
\cervidae\ciervo_simone_2\37_20201024 (8981).JPG;1
\vacia\NOANIMAL_ZOO_1_4\26_20201020 (14942).JPG;0
\vacia\vacia_Paco_Carro_JC\IMG_0826 (2).JPG;0
\vaca\COW_ZOO_5_6_7_9\21_20210418 (1302).JPG;1
\humanovehiculo\car_CaltechCameraTrap_ME\vehiculo\59292d90-23d2-11e8-a6a3-ec086b02610b.jpg;1
\jabali\WILDBOAR_ZOO_5_6_7_9\32_20210218 (579) (2021_04_15 06_16_22 UTC).JPG;1
\vacia\Nothing_mammalWeb\32133.jpg;0
\vacia\NOANIMAL_ZOO_5_6_7_9\25_20210417 (1320).JPG;0
\cervidae\CERVIDREDORFALLOWDEER_ZOO_5_6_7_9\47_20210404 (688).JPG;1
\jabali\jabalí_alumno_1_AM\29_20201023 (824).JPG;1
\cervidae\ciervo_PNM_2012_ISAAC\d13120IM000039.JPG;1
\zorro\zorro_PNC_2012_JC\a28969IM000126.JPG;1
\cervidae\CERVIDREDORFALLOWDEER_ZOO_1_4\37_20201116 (1486).JPG;1
\ave\ave_ave_WellingtonCameraTraps_SS\050516162316035c9193.JPG;1
\vacia\empty_SnapshotKaroo\KAR_S1_C03_R1_IMAG1260.JPG;0
\ave\Herrerillo_comun_PNC_2014_JC\c29384IM000015.JPG;1
\vacia\vacio_Saul Martin_FRAMES_SIN_REPETIDOS_REVISADOS_DIEGO\IMAG0026_frame560.jpg;0
\jabali\jabali_javi_JC\31_20201023 (385).JPG;1
\jabali\WILDBOAR_ZOO_5_6_7_9\32_20210417 (10074).JPG;1
\vacia\NOANIMAL_ZOO_5_6_7_9\2_20210417 (9445).JPG;0
\cervidae\CERVIDREDORFALLOWDEER_ZOO_1_4\37_20201024 (12379).JPG;1
\vaca\COW_ZOO_1_4\15_20201024 (3573).JPG;1
\vacia\empty_IslandConservationCameraTraps\ecuador2_ic1607_20150122_063142_img_0760.jpg;0
\cervidae\CERVIDREDORFALLOWDEER_ZOO_5_6_7_9\35_20210218 (438) (2021_04_15 06_16_22 UTC).JPG;1
\jabali\2_Jabalies_PNC_2012_JC\a30184IM000362.JPG;1
\vacia\vacio_Saul Martin_FRAMES_SIN_REPETIDOS_REVISADOS_DIEGO\IMAG0018_frame060.jpg;0
\lince\linces_Linces2_Leo_JC\2_Lince_Linces2_Leo_JC\lince145 (12).jpg;1
\caballo\caballos_javier_JC\35_20201218 (394).JPG;1
\jabali\Jabali_PNC_2014_JC\c17770IMAG0040.JPG;1
\vacia\NOANIMAL_ZOO_5_6_7_9\2_20210618 (20210).JPG;0
\vacia\vacia_Paco_Carro_JC\IMG_1190.JPG;0
\vacia\NOANIMAL_ZOO_5_6_7_9\22_20210318 (2372).JPG;0
\vacia\NOANIMAL_ZOO_5_6_7_9\1_20210417 (376).JPG;0
\lince\Lince_b_Linces2_Leo_JC\lince228 (414).JPG;1
\vacia\empty_SnapshotMountainZebra\MTZ_S1_D05_R1_IMAG2170.JPG;0
\jabali\WILDBOAR_ZOO_1_4\15_20210117 (6745).JPG;1
\vacia\NOANIMAL_ZOO_1_4\26_20201020 (14174).JPG;0
\mapache\raccoon_CaltechCameraTrap_ME\599beaac-23d2-11e8-a6a3-ec086b02610b.jpg;1
\vacia\empty_IslandConservationCameraTraps\micronesia_cam15_june2019_20190622074031_rcnx0035.jpg;0
\tejon\tejon_PNC_2014_manuel\c25469IM000074.JPG;1
\cervidae\ciervo_PNC_2013-O_RED_ISAAC\b18611IMAG0130.JPG;1
\vacia\NOANIMAL_ZOO_5_6_7_9\39_20210615 (1284).JPG;0
\vacia\empty_IslandConservationCameraTraps\puertorico_1a_20150604_100248_img_0927.jpg;0
\cervidae\3_ciervo_simone_2\34_20201024 (5549).JPG;1
\vacia\NOANIMAL_ZOO_5_6_7_9\50_20210408 (17).JPG;0
\ave\bird_CaltechCameraTrap\597514ac-23d2-11e8-a6a3-ec086b02610b.jpg;1
\vacia\vacia_Paco_Carro_JC\IMG_1635.JPG;0
\vacia\vacia_alumno_1_AM\40_20201024 (6750).JPG;0
\vacia\empty_IslandConservationCameraTraps\dominicanrepublic_cam1125abril2015_20150415_161734_img_1526.jpg;0
\jabali\WILDBOAR_ZOO_1_4\7_20201025 (422).JPG;1
\cervidae\CERVIDREDORFALLOWDEER_ZOO_5_6_7_9\10_20210319 (5034).JPG;1
\vacia\empty_IslandConservationCameraTraps\puertorico_23_20150105_234727_ek001158.jpg;0
\mapache\raccoon_CaltechCameraTrap_ME\594b6028-23d2-11e8-a6a3-ec086b02610b.jpg;1
\vacia\NOANIMAL_ZOO_5_6_7_9\24_20210318 (16509).JPG;0
\humanovehiculo\humanovehiculo_PNC_2014_manuel\c25168IM000142.JPG;1
\vacia\Nothing_mammalWeb\61326.jpg;0
\cervidae\CERVIDREDORFALLOWDEER_ZOO_1_4\21_20201025 (394).JPG;1
\cervidae\ciervo_Javi_3_JC\10_20201019 (1407).JPG;1
\cervidae\CERVIDREDORFALLOWDEER_ZOO_1_4\21_20201025 (3972).JPG;1
\ave\aves_fotosManuelEmilio20200912\IMG_0849.JPG;1
\cervidae\ciervo_Paco_Carro_JC\PICT1441.JPG;1
\vacia\empty_SnapshotMountainZebra\MTZ_S1_E06_R3_IMAG1469.JPG;0
\jabali\WILDBOAR_ZOO_1_4\37_20201215 (77).JPG;1
\vacia\vacia_Paco_Carro_JC\IMG_0711.JPG;0
\gato_domestico\gato_WellingtonCameraTraps_SS\2503150022520285S073.JPG;1
\vacia\NOANIMAL_ZOO_5_6_7_9\1_20210618 (1191).JPG;0
\vacia\vacia_alumno_2_AM\Musniv 15_frame000.jpg;0
\ave\American Crow_ena24\7933.jpg;1
\vacia\vacia_Paco_Carro_JC\01130182.JPG;0
\perro\perros_ME_CASA\IMG_0107_copy_1.JPG;1
\cervidae\CERVIDREDORFALLOWDEER_ZOO_1_4\21_20201025 (1185).JPG;1
\ave\bird_CaltechCameraTrap\59e91acd-23d2-11e8-a6a3-ec086b02610b.jpg;1
\jabali\WILDBOAR_ZOO_1_4\29_20201023 (696).JPG;1
\garduna\garduna_PNM_2013-O_ME\f22652IM000161.JPG;1
\caballo\HORSE_ZOO_1_4\28_20201117 (569).JPG;1
\leporido\rabbit_CaltechCameraTrap_ME\586c868d-23d2-11e8-a6a3-ec086b02610b.jpg;1
\gineta\gineta_PNC_2013-I_RED_ME\1271IMAG0107.JPG;1
\humanovehiculo\humanovehiculo_vacías_humanos_PNC_2012_ME\a17501IM000013.JPG;1
\cervidae\CERVIDREDORFALLOWDEER_ZOO_5_6_7_9\20_20210219 (2097) (2021_04_15 06_16_22 UTC).JPG;1
\leporido\rabbit_IslandConservationCameraTraps\chile_frances022013_25042013150852.jpg;1
\gineta\gineta_Soraya_Padilla_Alumno_1_TH\STC_0182_frame100.jpg;1
\jabali\WILDBOAR_ZOO_1_4\20_20210115 (1061).JPG;1
\gato_domestico\gato_WellingtonCameraTraps_SS\02111515083402375953.JPG;1
\vacia\NOANIMAL_ZOO_5_6_7_9\50_20210616 (12132).JPG;0
\vacia\NOANIMAL_ZOO_5_6_7_9\2_20210417 (19151).JPG;0
\cervidae\CERVIDREDORFALLOWDEER_ZOO_5_6_7_9\19_20210319 (2621).JPG;1
\ave\2_ave_alumno_1_TH\Ave (1)_frame050.jpg;1
\jabali\jabali_vacías_humanos_PNC_2012_ME\a34356IM000597.JPG;1
\lince\Lince_a_Linces2_Leo_JC\lince123 (82).JPG;1
\vacia\NOANIMAL_ZOO_1_4\6_20201116 (4864).JPG;0
\zorro\zorro_PNM_2012_ME\d14689IMAG0019.JPG;1
\cervidae\CERVIDREDORFALLOWDEER_ZOO_5_6_7_9\35_20210218 (135) (2021_04_15 06_16_22 UTC).JPG;1
\zorro\Zorro_Pepe_IREC\Zorro_Pepe_Irec_ME\CA_16-04.07-20_41.JPG;1
\vacia\vacia_Paco_Carro_JC\IMG_0292.JPG;0
\cervidae\CERVIDREDORFALLOWDEER_ZOO_1_4\21_20201025 (5791).JPG;1
\vacia\NOANIMAL_ZOO_5_6_7_9\5_20210417 (2882).JPG;0
\cervidae\CERVIDREDORFALLOWDEER_ZOO_5_6_7_9\10_20210618 (512).JPG;1
\lince\Lince_a_Linces2_Leo_JC\lince112 (6).JPG;1
\zorro\Zorro_PNC_2014_JC\c18069IMAG0003.JPG;1
\vacia\NOANIMAL_ZOO_1_4\6_20201812 (10330).JPG;0
\leporido\LEPORIDRABBITORHARE_ZOO_1_4\15_20201117 (6387).JPG;1
\vaca\cow_CaltechCameraTrap\58732d81-23d2-11e8-a6a3-ec086b02610b.jpg;1
\leporido\rabbit_IslandConservationCameraTraps\chile_piedra012013_15032013230330.jpg;1
\micromamiferos\rodent_CaltechCameraTrap_JC\Roedor_ rodent_CaltechCameraTrap_JC\592de6a7-23d2-11e8-a6a3-ec086b02610b.jpg;1
\vacia\NOANIMAL_ZOO_5_6_7_9\24_20210418 (15694).JPG;0
\cervidae\CERVIDREDORFALLOWDEER_ZOO_1_4\34_20201215 (1563).JPG;1
\vacia\NOANIMAL_ZOO_5_6_7_9\25_20210417 (14150).JPG;0
\zorro\ZORRO_PNM_2012_ISAAC\d10454IM000516.JPG;1
\zorro\zorro_PNC_2012_JC\a17975IM000018.JPG;1
\vacia\empty_SnapshotKaroo\KAR_S1_C02_R1_IMAG1195.JPG;0
\vacia\NOANIMAL_ZOO_1_4\7_20210115 (1027).JPG;0
\vacia\NOANIMAL_ZOO_5_6_7_9\32_20210218 (396) (2021_04_15 06_16_22 UTC).JPG;0
\humanovehiculo\humanovehiculo_PNC_2013-O_RED_ISAAC\b18655IMAG0003.JPG;1
\micromamiferos\micromamiferos_Paco_Carro_JC\IMG_0021 (2).JPG;1
\humanovehiculo\humano_vehiculo_PNC_2013-I_ISAAC\9680IM000041.JPG;1
\vacia\vacia_ave_WellingtonCameraTraps_SS\200716122256003cs073.JPG;0
\cervidae\Ciervo_PNC_2014_JC\c19190IMAG0062.JPG;1
\caballo\caballos_javier_JC\2_20201117 (618).JPG;1
\zorro\Zorro_PNC_2014_JC\c10553IM000041.JPG;1
\cervidae\ciervo_simone_2\40_20201024 (1274).JPG;1
\vacia\empty_SnapshotMountainZebra\MTZ_S1_B04_R1_IMAG0167.JPG;0
\leporido\rabbit_IslandConservationCameraTraps\chile_piedra012013_29042013145442.jpg;1
\humanovehiculo\humano_vehiculo_PNC_2013-I_ISAAC\2369IM000006.JPG;1
\vacia\NOANIMAL_ZOO_1_4\14_20210114 (805).JPG;0
\vacia\empty_SnapshotMountainZebra\MTZ_S1_D06_R1_IMAG2803.JPG;0
\lince\linces_Linces2_Leo_JC\2_Lince_Linces2_Leo_JC\lince191 (23).JPG;1
\vacia\empty_SnapshotMountainZebra\MTZ_S1_D06_R1_IMAG2600.JPG;0
\vacia\vacia_alumno_2_2_TH_JC\27_20201023 (7421).JPG;0
\leporido\conejo_javi_2_JC\19_20201023 (57).JPG;1
\ave\raven_IslandConservationCameraTraps\dominicanrepublic_cam2416marzo2016_20160225_131113_img_0028.jpg;1
\caballo\HORSE_ZOO_1_4\38_20201117 (1987).JPG;1
\zorro\REDFOX_ZOO_1_4\31_20201117 (21).JPG;1
\vacia\NOANIMAL_ZOO_1_4\6_20201812 (11644).JPG;0
\vacia\NOANIMAL_ZOO_1_4\17_20210114 (1382).JPG;0
\vacia\NOANIMAL_ZOO_1_4\6_20201812 (4748).JPG;0
\vacia\vacias_1_de_2_PNC_2012_ISAAC\a46741IM000724.JPG;0
\cervidae\2_ciervo_Javi_3_JC\21_20201025 (1791).JPG;1
\vacia\NOANIMAL_ZOO_1_4\6_20201812 (8056).JPG;0
\ave\Woodpigeon_mammalWeb\55517.jpg;1
\ave\bird_CaltechCameraTrap\598309ae-23d2-11e8-a6a3-ec086b02610b.jpg;1
\mapache\raccoon_CaltechCameraTrap_ME\59941e70-23d2-11e8-a6a3-ec086b02610b.jpg;1
\vacia\vacia_alumno_2_TH\37_20201024 (11846).JPG;0
\zorro\zorro_PNC_2012_JC\a30252IM000058.JPG;1
\jabali\Jabali_PNC_2014_JC\c7275IM000077.JPG;1
\vacia\vacias_1_de_2_PNC_2012_ISAAC\a48442IM000918.JPG;0
\vacia\NOANIMAL_ZOO_1_4\34_20210115 (3161).JPG;0
\humanovehiculo\humanovehiculo_PNC_2013-O_RED_ISAAC\b18651IMAG0171.JPG;1
\humanovehiculo\humano_vehiculo_PNM_2013-O_ISAAC\f22723IM000033.JPG;1
\vacia\NOANIMAL_ZOO_5_6_7_9\39_20210615 (4109).JPG;0
\vacia\NOANIMAL_ZOO_1_4\6_20201812 (13894).JPG;0
\vacia\empty_IslandConservationCameraTraps\micronesia_cam04_cam04june2019_20190701032503_rcnx2298.jpg;0
\vaca\COW_ZOO_5_6_7_9\21_20210418 (3425).JPG;1
\vacia\NOANIMAL_ZOO_5_6_7_9\15_20210219 (10674) (2021_04_15 06_16_22 UTC).JPG;0
\cervidae\ciervo_PNC_2014_ISAAC\c29622IM000042.JPG;1
\micromamiferos\rat_IslandConservationCameraTraps\micronesia_cam06_cam06june2019_pig_20190629193947_11083.jpg;1
\vacia\NOANIMAL_ZOO_1_4\25_20201218 (6208).JPG;0
\cervidae\3_ciervo_Javi_3_JC\21_20201025 (511).JPG;1
\cervidae\CERVIDREDORFALLOWDEER_ZOO_1_4\4_20201220 (1).JPG;1
\jabali\Jabali_PNC_2012_JC\a30126IM000301.JPG;1
\cervidae\CERVIDREDORFALLOWDEER_ZOO_1_4\37_20201116 (7640).JPG;1
\vacia\vacias_PNC_2013-O_RED_ISAAC\b11616IMAG0056_copy_1.JPG;0
\vacia\NOANIMAL_ZOO_1_4\37_20201116 (12854).JPG;0
\cervidae\cervido_simone_2\40_20201024 (8718).JPG;1
\vaca\COW_ZOO_5_6_7_9\21_20210418 (402).JPG;1
\vacia\empty_IslandConservationCameraTraps\micronesia_cam16_cam16june2019_20190617112003_rcnx2888.jpg;0
\vacia\cielo_alumno_2_2_TH\30_20201021 (15142).JPG;0
\vacia\NOANIMAL_ZOO_5_6_7_9\25_20210417 (6767).JPG;0
\cervidae\ciervo_PNM_2012_ME\d16148IMAG0047.JPG;1
\cervidae\CERVIDREDORFALLOWDEER_ZOO_5_6_7_9\25_20210319 (10389).JPG;1
\vacia\empty_SnapshotMountainZebra\MTZ_S1_E06_R3_IMAG1480.JPG;0
\ave\ave_ave_WellingtonCameraTraps_SS\150116091508044b7485.JPG;1
\vaca\COW_ZOO_5_6_7_9\21_20210318 (14824).JPG;1
\vacia\empty_SnapshotMountainZebra\MTZ_S1_D05_R1_IMAG0539.JPG;0
\vacia\empty_IslandConservationCameraTraps\ecuador1_ic1611_20150101_000002_img_1563.jpg;0
\jabali\WILDBOAR_ZOO_1_4\15_20210117 (6671).JPG;1
\vacia\vacias_PNC_2014_ISAAC\c6369IM000010.JPG;0
\leporido\rabbit_CaltechCameraTrap_ME\59a49a5f-23d2-11e8-a6a3-ec086b02610b.jpg;1
\vacia\NOANIMAL_ZOO_1_4\15_20210117 (609).JPG;0
\vaca\COW_ZOO_1_4\6_20201116 (2689).JPG;1
\vacia\empty_caltechCameraTraps\59641e76-23d2-11e8-a6a3-ec086b02610b.jpg;0
\vacia\NOANIMAL_ZOO_1_4\37_20201116 (14683).JPG;0
\cervidae\cervidae_ME_rev_3_donana\37_20201024 (2753).JPG;1
\meloncillo\meloncillo_PNC_2013-I_ME\4667IM000103.JPG;1
\lince\Lince_a_Linces2_Leo_JC\Lince54 (47).JPG;1
\vacia\NOANIMAL_ZOO_5_6_7_9\22_20210417 (6868).JPG;0
\lince\Lince_a_Linces2_Leo_JC\lince90 (172).JPG;1
\leporido\conejo_Paco_Carro_JC\PICT0821 (2).JPG;1
\cervidae\CERVIDREDORFALLOWDEER_ZOO_1_4\39_20210115 (1096).JPG;1
\cervidae\ciervo_PNC_2014_ISAAC\c19408IMAG0171.JPG;1
\cervidae\deer_CaltechCameraTrap\5a24a9ad-23d2-11e8-a6a3-ec086b02610b.jpg;1
\leporido\rabbit_CaltechCameraTrap_ME\58d611ec-23d2-11e8-a6a3-ec086b02610b.jpg;1
\cervidae\CERVIDREDORFALLOWDEER_ZOO_1_4\21_20201025 (2781).JPG;1
\vacia\NOANIMAL_ZOO_1_4\15_20210117 (3839).JPG;0
\tejon\tejon_alumno_2_AM_JC\STC_0376_frame040.jpg;1
\vacia\NOANIMAL_ZOO_5_6_7_9\19_20210319 (176).JPG;0
\vacia\vacias_PNM_2013-O_ISAAC\f5856IMAG0262.JPG;0
\vacia\vacias_PNC_2014_ISAAC\c5102IM000010.JPG;0
\humanovehiculo\HUMANORVEHICLE_ZOO_1_4\34_20201024 (7015).JPG;1
\cervidae\ciervo_vacías_humanos_PNC_2012_ME\a2607IM000258.JPG;1
\gato_domestico\cat_CaltechCameraTrap\596a4c6f-23d2-11e8-a6a3-ec086b02610b.jpg;1
\cervidae\CERVIDREDORFALLOWDEER_ZOO_1_4\24_20210115 (106).JPG;1
\vacia\NOANIMAL_ZOO_1_4\7_20210115 (2900).JPG;0
\jabali\jabali_vacías_humanos_PNC_2012_ME\a41909IM000180.JPG;1
\vacia\empty_IslandConservationCameraTraps\dominicanrepublic_cam1125abril2015_20150422_163728_img_2344.jpg;0
\jabali\jabali_PNC_2013-O_RED_ISAAC\b277IM000060.JPG;1
\leporido\Rabbit_mammalWeb\53106.jpg;1
\humanovehiculo\humanovehiculo_vacías_humanos_PNC_2012_ME\a647IM000001.JPG;1
\vacia\empty_SnapshotMountainZebra\MTZ_S1_D06_R1_IMAG1440.JPG;0
\leporido\conejo_Paco_Carro_JC\PICT1816.JPG;1
\caballo\HORSE_ZOO_1_4\10_20201218 (2490).JPG;1
\vacia\vacia_ss\27_20201023 (8782).JPG;0
\gato_domestico\cat_IslandConservationCameraTraps\palau_cam02a12132018_20181013_092140_rcnx0924.jpg;1
\humanovehiculo\humanos_Paco_Carro_JC\IMG_0001 (3).JPG;1
\cervidae\CERVIDREDORFALLOWDEER_ZOO_1_4\40_20201215 (3799).JPG;1
\vaca\COW_ZOO_1_4\6_20201116 (1064).JPG;1
\vacia\NOANIMAL_ZOO_1_4\7_20210115 (2727).JPG;0
\vacia\NOANIMAL_ZOO_1_4\34_20210115 (5820).JPG;0
\zorro\zorro_PNC_2013-I_RED_ME\8918IM000024.JPG;1
\vacia\NOANIMAL_ZOO_1_4\14_20201118 (350).JPG;0
\jabali\jabali_PNC_2013-I_RED_ME\9705IM000022.JPG;1
\vacia\empty_SnapshotMountainZebra\MTZ_S1_D05_R1_IMAG0631.JPG;0
\cervidae\CERVIDREDORFALLOWDEER_ZOO_5_6_7_9\39_20210318 (154).JPG;1
\cervidae\deer_CaltechCameraTrap\5a0493c8-23d2-11e8-a6a3-ec086b02610b.jpg;1
\vacia\empty_SnapshotMountainZebra\MTZ_S1_D05_R1_IMAG0964.JPG;0
\leporido\conejo_WellingtonCameraTraps_SS\241016164552002a5752.JPG;1
\ave\Ave_Leo_Otra_fauna_PASADA_POR_LA_RED_JC\Otrafauna (761).JPG;1
\jabali\WILDBOAR_ZOO_1_4\28_20201019 (910).JPG;1
\cervidae\ciervo_PNC_2013-I_RED_ME\1752IM000051.JPG;1
\cervidae\ciervo_vacías_humanos_PNC_2012_ME\a40487IMAG0137.JPG;1
\zorro\Zorro_Pepe_IREC\Zorro_Pepe_Irec_ME\IMAG0099_(3).JPG;1
\leporido\conejo_WellingtonCameraTraps_SS\190316084342024b7392.JPG;1
\vacia\NOANIMAL_ZOO_5_6_7_9\24_20210318 (687).JPG;0
\vacia\empty_SnapshotMountainZebra\MTZ_S1_D06_R1_IMAG0711.JPG;0
\zorro\zorro_vacías_humanos_PNC_2012_ME\a4065IM000066.JPG;1
\ave\OTHERSPECIES_ZOO_1_4\22_20210115 (149).JPG;1
\cervidae\CERVIDREDORFALLOWDEER_ZOO_1_4\34_20201116 (3423).JPG;1
\cervidae\CERVIDREDORFALLOWDEER_ZOO_1_4\2_20210115 (5814).JPG;1
\vacia\empty_IslandConservationCameraTraps\dominicanrepublic_cam0425abril2015_20130807_042221_sunp0468.jpg;0
\lince\Lince_b_Linces2_Leo_JC\lince228 (112).jpg;1
\jabali\WILDBOAR_ZOO_1_4\1_20210115 (657).JPG;1
\vaca\cow_CaltechCameraTrap\585f4df9-23d2-11e8-a6a3-ec086b02610b.jpg;1
\jabali\WILDBOAR_ZOO_1_4\37_20201116 (7332).JPG;1
\vacia\empty_IslandConservationCameraTraps\dominicanrepublic_cam0425abril2015_20130828_033453_sunp6776.jpg;0
\leporido\rabbit_CaltechCameraTrap_ME\5a163f0e-23d2-11e8-a6a3-ec086b02610b.jpg;1
\vacia\empty_caltechCameraTraps\598c5d04-23d2-11e8-a6a3-ec086b02610b.jpg;0
\caballo\HORSE_ZOO_1_4\15_20210117 (1322).JPG;1
\vacia\empty_SnapshotKruger\KRU_S1_2_R1_IMAG0094.JPG;0
\lince\linces_fecha_Linces2_Leo_JC\3_Lince_flecha_Linces2_Leo_JC\Lince57 (257).JPG;1
\vacia\empty_SnapshotMountainZebra\MTZ_S1_D04_R1_IMAG1831.JPG;0
\vaca\COW_ZOO_5_6_7_9\2_20210319 (7728).JPG;1
\leporido\conejo_WellingtonCameraTraps_SS\030216084528020c5951.JPG;1
\vacia\empty_IslandConservationCameraTraps\dominicanrepublic_cam1826julio2015_20150628_090652_img_0496.jpg;0
\vaca\COW_ZOO_1_4\21_20201217 (1477).JPG;1
\vacia\vacias_PNM_2013-O_ISAAC\f16836IMAG0814.JPG;0
\micromamiferos\rat_IslandConservationCameraTraps\micronesia_cam06_cam06june2019_pig_20190629195730_1849.jpg;1
\vacia\NOANIMAL_ZOO_1_4\34_20210115 (2790).JPG;0
\cervidae\ciervo_vacías_humanos_PNC_2012_ME\a28542IM000034.JPG;1
\jabali\WILDBOAR_ZOO_1_4\9_20201118 (744).JPG;1
\vacia\empty_IslandConservationCameraTraps\dominicanrepublic_cam1725abril2015_20150413_083247_img_0489.jpg;0
\humanovehiculo\humano_vehiculo_PNC_2013-I_ISAAC\3484IM000006.JPG;1
\vacia\NOANIMAL_ZOO_5_6_7_9\37_20210319 (869).JPG;0
\zorro\Zorro_PNC_2014_JC\c4611IM000027.JPG;1
\humanovehiculo\humanovehiculo_Caltech\59adfba9-23d2-11e8-a6a3-ec086b02610b.jpg;1
\vacia\empty_caltechCameraTraps\5983088d-23d2-11e8-a6a3-ec086b02610b.jpg;0
\cervidae\CERVIDREDORFALLOWDEER_ZOO_5_6_7_9\32_20210218 (1075) (2021_04_15 06_16_22 UTC).JPG;1
\vacia\empty_caltechCameraTraps\5a116b73-23d2-11e8-a6a3-ec086b02610b.jpg;0
\vacia\NOANIMAL_ZOO_5_6_7_9\24_20210418 (8774).JPG;0
\caballo\HORSE_ZOO_1_4\15_20201117 (3157).JPG;1
\vacia\NOANIMAL_ZOO_5_6_7_9\24_20210219 (546) (2021_04_15 06_16_22 UTC).JPG;0
\jabali\WILDBOAR_ZOO_5_6_7_9\32_20210417 (10098).JPG;1
\jabali\WILDBOAR_ZOO_1_4\7_20201217 (654).JPG;1
\vacia\empty_IslandConservationCameraTraps\dominicanrepublic_cam1826julio2015_20150708_090019_img_1554.jpg;0
\leporido\conejo_Paco_Carro_JC\01050084.JPG;1
\vacia\empty_IslandConservationCameraTraps\dominicanrepublic_cam0425abril2015_20130818_044629_sunp2863.jpg;0
\vacia\NOANIMAL_ZOO_5_6_7_9\25_20210417 (2451).JPG;0
\cervidae\CERVIDREDORFALLOWDEER_ZOO_5_6_7_9\2_20210319 (5039).JPG;1
\vacia\NOANIMAL_ZOO_1_4\21_20201025 (6036).JPG;0
\zorro\zorro_vacías_humanos_PNC_2012_ME\a4023IM000022.JPG;1
\cervidae\Ciervo_PNC_2014_JC\c16352IM000079.JPG;1
\vaca\cow_CaltechCameraTrap\590d2b0b-23d2-11e8-a6a3-ec086b02610b.jpg;1
\zorro\zorro_PNM_2013-I_ME\e3346IM000032.JPG;1
\ave\ave_PNC_2013-O_RED_ISAAC\b5070IMAG0939.JPG;1
\cervidae\CERVIDREDORFALLOWDEER_ZOO_1_4\34_20201024 (902).JPG;1
\cervidae\ciervo_PNC_2014_ISAAC\c29247IM000023.JPG;1
\cervidae\ciervo_PNM_2012_ME\d16139IMAG0038.JPG;1
\vacia\empty_IslandConservationCameraTraps\dominicanrepublic_cam1826junio2015_20150505_074135_img_1264.jpg;0
\vacia\empty_caltechCameraTraps\5976a581-23d2-11e8-a6a3-ec086b02610b.jpg;0
\jabali\WILDBOAR_ZOO_1_4\21_20201025 (2375).JPG;1
\vacia\NOANIMAL_ZOO_1_4\6_20210115 (13674).JPG;0
\leporido\Rabbit_mammalWeb\126593.jpg;1
\vacia\NOANIMAL_ZOO_1_4\15_20210117 (5321).JPG;0
\ave\petrel_chick_IslandConservationCameraTraps\ecuador2_ic1618_20181115_034515_img_0343.jpg;1
\vacia\NOANIMAL_ZOO_5_6_7_9\36_20210618 (8072).JPG;0
\cervidae\CERVIDREDORFALLOWDEER_ZOO_5_6_7_9\44_20210618 (32).JPG;1
\vacia\vacia_alumno_2_2_TH_JC\27_20201023 (6518).JPG;0
\vacia\NOANIMAL_ZOO_5_6_7_9\49_20210418 (2797).JPG;0
\cervidae\ciervo_vacías_humanos_PNC_2012_ME\a17446IM000102.JPG;1
\leporido\2_conejo_Paco_Carro_JC\PICT0854.JPG;1
\jabali\WILDBOAR_ZOO_1_4\20_20201215 (45).JPG;1
\micromamiferos\micromamiferos_fotosManuelEmilio20200912\IMG_0636.JPG;1
\lince\linces_Linces2_Leo_JC\2_Lince_Linces2_Leo_JC\lince92 (14).JPG;1
\vacia\vacias_2_de_2_PNC_2012_ISAAC\a28545IM000038.JPG;0
\humanovehiculo\humano_vehiculo_PNM_2013-O_ISAAC\f28429IMAG0012.JPG;1
\caballo\HORSE_ZOO_5_6_7_9\17_20210615 (64).JPG;1
\ave\Perdiz_PNC_2013-O_ME\b11509IMAG0250.JPG;1
\ave\aves_fotosManuelEmilio20200912\IMG_0837.JPG;1
\cervidae\CERVIDREDORFALLOWDEER_ZOO_1_4\34_20201024 (6885).JPG;1
\vacia\NOANIMAL_ZOO_1_4\2_20210115 (5751).JPG;0
\cervidae\ciervo_PNC_2013-I_RED_ME\2809IM000135.JPG;1
\cervidae\CERVIDREDORFALLOWDEER_ZOO_1_4\15_20201117 (1744).JPG;1
\vacia\NOANIMAL_ZOO_5_6_7_9\39_20210615 (3649).JPG;0
\vacia\vacia_alumno_AM_2\26_20201020 (13391).JPG;0
\vacia\vacias_2_de_2_PNC_2012_ISAAC\a10423IM000006.JPG;0
\vacia\NOANIMAL_ZOO_1_4\43_20201217 (1571).JPG;0
\cervidae\CERVIDREDORFALLOWDEER_ZOO_1_4\34_20201024 (873).JPG;1
\zorro\zorro_ME_rev_1_donana\15_20201024 (2454).JPG;1
\vaca\COW_ZOO_5_6_7_9\21_20210418 (4209).JPG;1
\cervidae\CERVIDREDORFALLOWDEER_ZOO_1_4\21_20201217 (696).JPG;1
\cervidae\CERVIDREDORFALLOWDEER_ZOO_1_4\21_20201025 (5079).JPG;1
\vacia\NOANIMAL_ZOO_1_4\6_20201812 (8196).JPG;0
\vacia\NOANIMAL_ZOO_1_4\7_20210115 (3502).JPG;0
\cervidae\CERVIDREDORFALLOWDEER_ZOO_1_4\35_20210114 (724).JPG;1
\cervidae\deer_CaltechCameraTrap\596d635c-23d2-11e8-a6a3-ec086b02610b.jpg;1
\cervidae\CERVIDREDORFALLOWDEER_ZOO_1_4\21_20201025 (4438).JPG;1
\vacia\vacias_1_de_2_PNC_2012_ISAAC\a37373IM000494.JPG;0
\cervidae\CERVIDREDORFALLOWDEER_ZOO_5_6_7_9\19_20210219 (199) (2021_04_15 06_16_22 UTC).JPG;1
\leporido\rabbit_CaltechCameraTrap_ME\59f462c5-23d2-11e8-a6a3-ec086b02610b.jpg;1
\cervidae\ciervo_Javi_3_JC\33_20201025 (79).JPG;1
\vaca\COW_ZOO_5_6_7_9\21_20210615 (1913).JPG;1
\vacia\NOANIMAL_ZOO_5_6_7_9\31_20210615 (6500).JPG;0
\jabali\WILDBOAR_ZOO_5_6_7_9\1_20210417 (886).JPG;1
\vacia\vacias_PNM_2013-O_ISAAC\f5770IMAG0171.JPG;0
\jabali\WILDBOAR_ZOO_1_4\21_20201025 (2368).JPG;1
\ave\megapode_IslandConservationCameraTraps\palau_cam10a12122018_20180909_091737_rcnx0301.jpg;1
\zorro\Red Fox_ena24\3255.jpg;1
\humanovehiculo\humanovehiculo_leo_donana\0005295.JPG;1
\vacia\NOANIMAL_ZOO_1_4\26_20201020 (10532).JPG;0
\vaca\cow_CaltechCameraTrap\58678e66-23d2-11e8-a6a3-ec086b02610b.jpg;1
\perro\perros_ME_CASA\IMG_0636.JPG;1
\cervidae\ciervo_PNM_2013-O_ISAAC\f5003IM000101.JPG;1
\vacia\NOANIMAL_ZOO_5_6_7_9\24_20210418 (14955).JPG;0
\vacia\vacia_alumno_2_AM\Orycun (11)_frame000.jpg;0
\cervidae\CERVIDREDORFALLOWDEER_ZOO_1_4\2_20201215 (7880).JPG;1
\zorro\zorro_PNC_2012_JC\a29139IM000051.JPG;1
\gato_domestico\cat_IslandConservationCameraTraps\dominicanrepublic_cam1315marzo2016_20140129_123404_img_0004.jpg;1
\cervidae\Ciervo_PNM_2013-0_ME\f10400IM000063.JPG;1
\vacia\NOANIMAL_ZOO_5_6_7_9\9_20210418 (1062).JPG;0
\caballo\caballos_alumno_AM\caballos_alumno_AM\9_20201712 (895).JPG;1
\gato_domestico\cat_CaltechCameraTrap\58823d0b-23d2-11e8-a6a3-ec086b02610b.jpg;1
\vacia\vacia_alumno_AM_2\30_20201021 (15274).JPG;0
\humanovehiculo\humanovehiculo_Caltech\595f79a3-23d2-11e8-a6a3-ec086b02610b.jpg;1
\vacia\vacia_alumno_2_AM\Sin id (2)_frame140.jpg;0
\cervidae\ciervo_PNM_2013-O_ISAAC\f17751IM000706.JPG;1
\cervidae\deer_CaltechCameraTrap\5a27db47-23d2-11e8-a6a3-ec086b02610b.jpg;1
\caballo\HORSE_ZOO_1_4\2_20201215 (10933).JPG;1
\vacia\NOANIMAL_ZOO_5_6_7_9\20_20210319 (12460).JPG;0
\cervidae\CERVIDREDORFALLOWDEER_ZOO_1_4\9_20201025 (365).JPG;1
\vaca\COW_ZOO_5_6_7_9\21_20210418 (400).JPG;1
\vacia\NOANIMAL_ZOO_1_4\37_20201116 (7435).JPG;0
\lince\Lince_b_Linces2_Leo_JC\lince230 (142).JPG;1
\vacia\NOANIMAL_ZOO_5_6_7_9\24_20210418 (9512).JPG;0
\jabali\WILDBOAR_ZOO_1_4\43_20201118 (844).JPG;1
\humanovehiculo\HUMANORVEHICLE_ZOO_5_6_7_9\33_20210218 (6) (2021_04_15 06_16_22 UTC).JPG;1
\jabali\WILDBOAR_ZOO_1_4\15_20210117 (7773).JPG;1
\meloncillo\Meloncillo_PEPE_IREC_JC\IMAG0023_(11).JPG;1
\cervidae\ciervo_ME_rev_1_donana\34_20201024 (817).JPG;1
\jabali\WILDBOAR_ZOO_5_6_7_9\19_20210219 (1123) (2021_04_15 06_16_22 UTC).JPG;1
\zorro\REDFOX_ZOO_1_4\15_20201024 (2460).JPG;1
\ave\ave_ave_WellingtonCameraTraps_SS\050416175524049c5351.JPG;1
\vacia\vacia_alumno_1_AM\6_20201023 (1351).JPG;0
\jabali\WILDBOAR_ZOO_1_4\11_20210114 (725).JPG;1
\vaca\COW_ZOO_5_6_7_9\9_20210615 (1407).JPG;1
\vacia\NOANIMAL_ZOO_5_6_7_9\49_20210408 (325).JPG;0
\jabali\jabali_PNC_2014_manuel\c8601IM000063.JPG;1
\leporido\rabbit_IslandConservationCameraTraps\chile_frances022013_16042013143530.jpg;1
\cervidae\ciervo_PNC_2014_ISAAC\c30182IM000108.JPG;1
\vacia\NOANIMAL_ZOO_5_6_7_9\36_20210618 (6370).JPG;0
\vacia\vacias_1_de_2_PNC_2012_ISAAC\a36320IM000267.JPG;0
\vacia\NOANIMAL_ZOO_5_6_7_9\19_20210417 (1061).JPG;0
\jabali\WILDBOAR_ZOO_1_4\31_20210115 (200).JPG;1
\vacia\vacia_Paco_Carro_JC\01140894.JPG;0
\vacia\NOANIMAL_ZOO_5_6_7_9\25_20210417 (6487).JPG;0
\leporido\conejo_alumno_1_TH\Conejo_alumno_2_AM_JC\Orycun (12)_frame060.jpg;1
\vacia\empty_IslandConservationCameraTraps\dominicanrepublic_cam2818mayo2017_20170512_121814_img_0063.jpg;0
\vacia\vacias_PNC_2014_ISAAC\c8089IM000456.JPG;0
\vacia\NOANIMAL_ZOO_5_6_7_9\11_20210615 (8419).JPG;0
\vaca\COW_ZOO_5_6_7_9\21_20200113 (713) (2021_04_15 06_16_22 UTC).JPG;1
\caballo\HORSE_ZOO_1_4\10_20201218 (2489).JPG;1
\vacia\NOANIMAL_ZOO_5_6_7_9\50_20210408 (8523).JPG;0
\vacia\empty_SnapshotMountainZebra\MTZ_S1_D07_R1_IMAG1979.JPG;0
\ave\bird_CaltechCameraTrap\59328cfe-23d2-11e8-a6a3-ec086b02610b.jpg;1
\cervidae\ciervo_PNC_2014_ISAAC\c13884IMAG0359.JPG;1
\zorro\zorro_PNM_2013-O_ISAAC\f28772IMAG0358.JPG;1
\zorro\REDFOX_ZOO_1_4\11_20210114 (1038).JPG;1
\cervidae\CERVIDREDORFALLOWDEER_ZOO_5_6_7_9\22_20210219 (2242) (2021_04_15 06_16_22 UTC).JPG;1
\jabali\jabali_javi_2_JC\11_20201027 (181).JPG;1
\vacia\NOANIMAL_ZOO_5_6_7_9\32_20210615 (6268).JPG;0
\zorro\Zorro_PNC_2014_JC\c19144IMAG0013.JPG;1
\vacia\NOANIMAL_ZOO_5_6_7_9\50_20210408 (6255).JPG;0
\humanovehiculo\HUMANORVEHICLE_ZOO_5_6_7_9\32_20210615 (4).JPG;1
\cervidae\2_ciervo_simone_2\34_20201024 (6357).JPG;1
\vacia\vacia_buscar_cab_isaac_sin_contar\4_20201220 (1607).JPG;0
\cervidae\ciervo_vacías_humanos_PNC_2012_ME\a40569IMAG0022.JPG;1
\caballo\HORSE_ZOO_5_6_7_9\15_20210219 (8413) (2021_04_15 06_16_22 UTC).JPG;1
\caballo\HORSE_ZOO_1_4\15_20210117 (14164).JPG;1
\jabali\jabali_javi_JC\28_20201019 (1360).JPG;1
\cervidae\CERVIDREDORFALLOWDEER_ZOO_1_4\15_20201117 (6093).JPG;1
\zorro\zorro_vacías_humanos_PNC_2012_ME\a49608IM000061.JPG;1
\vacia\NOANIMAL_ZOO_1_4\26_20201020 (4380).JPG;0
\humanovehiculo\HUMANORVEHICLE_ZOO_1_4\32_20201022 (13).JPG;1
\zorro\zorro_PNM_2013-O_ISAAC\f10088IM000373.JPG;1
\cervidae\CERVIDREDORFALLOWDEER_ZOO_1_4\9_20201025 (376).JPG;1
\vacia\NOANIMAL_ZOO_5_6_7_9\24_20210418 (1742).JPG;0
\vacia\NOANIMAL_ZOO_1_4\7_20210115 (988).JPG;0
\vacia\NOANIMAL_ZOO_5_6_7_9\24_20210318 (16260).JPG;0
\vacia\NOANIMAL_ZOO_5_6_7_9\50_20210417 (25295).JPG;0
\zorro\Zorro_PNC_2014_JC\c18125IMAG0061.JPG;1
\cervidae\CERVIDREDORFALLOWDEER_ZOO_1_4\2_20201215 (8372).JPG;1
\cervidae\CERVIDREDORFALLOWDEER_ZOO_5_6_7_9\2_20210618 (22554).JPG;1
\cervidae\3_ciervo_Javi_3_JC\34_20201024 (2298).JPG;1
\ave\rooster_IslandConservationCameraTraps\palau_cam13a12132018_20181101_091347_rcnx1114.jpg;1
\jabali\WILDBOAR_ZOO_1_4\37_20201116 (8035).JPG;1
\cervidae\Ciervo_PNC_2012_JC\a35340IM000195.JPG;1
\vacia\empty_IslandConservationCameraTraps\dominicanrepublic_cam0425abril2015_20130809_044059_sunp1681.jpg;0
\vacia\NOANIMAL_ZOO_5_6_7_9\50_20210417 (17171).JPG;0
\cervidae\CERVIDREDORFALLOWDEER_ZOO_5_6_7_9\15_20210219 (6273) (2021_04_15 06_16_22 UTC).JPG;1
\ave\petrel_chick_IslandConservationCameraTraps\ecuador2_ic1618_20181119_044739_img_0425.jpg;1
\humanovehiculo\HUMANORVEHICLE_ZOO_5_6_7_9\19_20210219 (34) (2021_04_15 06_16_22 UTC).JPG;1
\vaca\COW_ZOO_5_6_7_9\21_20210318 (14760).JPG;1
\vacia\NOANIMAL_ZOO_5_6_7_9\49_20210418 (4696).JPG;0
\cervidae\ciervo_PNC_2014_ISAAC\c21403IM000016.JPG;1
\vacia\NOANIMAL_ZOO_5_6_7_9\25_20210417 (6856).JPG;0
\cervidae\CERVIDREDORFALLOWDEER_ZOO_1_4\21_20201025 (1695).JPG;1
\cervidae\Ciervo_PNC_2012_JC\a36966IM000080.JPG;1
\ave\shearwater_IslandConservationCameraTraps\chile_vaqueria2013_1612201241257.jpg;1
\jabali\WILDBOAR_ZOO_1_4\37_20201116 (7926).JPG;1
\vacia\SnampshotEnonkishu\ENO_S1_C04_R1_IMAG0737.JPG;0
\vacia\NOANIMAL_ZOO_5_6_7_9\10_20210618 (1069).JPG;0
\micromamiferos\rat_IslandConservationCameraTraps\micronesia_cam06_cam06june2019_pig_20190629193502_11140.jpg;1
\tejon\2_tejon_alumno_2_AM_JC\STC_0294_frame160.jpg;1
\zorro\Zorro_Pepe_IREC\Zorro_Pepe_Irec_ME\IMAG0035_(16).JPG;1
\vacia\empty_SnapshotMountainZebra\MTZ_S1_D06_R1_IMAG0665.JPG;0
\zorro\zorro_PNC_2013-O_RED_ISAAC\b11662IMAG0087.JPG;1
\cervidae\ciervo_PNC_2013-I_ME\8982IM000078.JPG;1
\vacia\NOANIMAL_ZOO_5_6_7_9\25_20210417 (2353).JPG;0
\micromamiferos\micromamiferos_Paco_Carro_JC\IMG_0019 (2).JPG;1
\vacia\vacias_PNM_2012_ME\d14980FILE0014.JPG;0
\cervidae\ciervo_PNC_2013-O_RED_ISAAC\b16114IM000359.JPG;1
\vacia\empty_IslandConservationCameraTraps\dominicanrepublic_cam0527septiembre2015_20130805_093449_sunp0411.jpg;0
\cervidae\CERVIDREDORFALLOWDEER_ZOO_1_4\34_20201024 (6487).JPG;1
\zorro\Zorro_PNC_2014_JC\c3512IM000105.JPG;1
\vacia\vacia_Paco_Carro_JC\IMG_2097.JPG;0
\zorro\zorro_PNM_2013-I_ME\e1784IM000263.JPG;1
\cervidae\Ciervo_PNC_2012_JC\a35747IMAG0025.JPG;1
\vacia\vacias_PNM_2013-O_ISAAC\f8046IMAG0914.JPG;0
\vacia\empty_IslandConservationCameraTraps\dominicanrepublic_cam0425abril2015_20130823_043200_sunp4651.jpg;0
\vacia\NOANIMAL_ZOO_1_4\7_20210115 (2163).JPG;0
\ave\short-eared_owl_IslandConservationCameraTraps\ecuador2_ic1605_20181024_051623_img_0214.jpg;1
\cervidae\CERVIDREDORFALLOWDEER_ZOO_5_6_7_9\5_20210319 (1455).JPG;1
\cervidae\CERVIDREDORFALLOWDEER_ZOO_5_6_7_9\15_20210219 (2119) (2021_04_15 06_16_22 UTC).JPG;1
\jabali\WILDBOAR_ZOO_1_4\7_20201118 (1735).JPG;1
\ave\bird_CaltechCameraTrap\5987b398-23d2-11e8-a6a3-ec086b02610b.jpg;1
\vacia\vacia_vacías_humanos_PNC_2012_ME\a12468IM000896.JPG;0
\meloncillo\Meloncillo_PEPE_IREC_JC\IMAG0016_(6).JPG;1
\jabali\WILDBOAR_ZOO_1_4\37_20201116 (4719).JPG;1
\vacia\NOANIMAL_ZOO_1_4\6_20201812 (13162).JPG;0
\cervidae\ciervo_ME_rev_1_donana\25_20201024 (403).JPG;1
\jabali\WILDBOAR_ZOO_1_4\29_20201023 (546).JPG;1
\cervidae\ciervo_alumno_2_2_TH_JC\26_20201020 (1752).JPG;1
\perro\dog_caltechCameraTraps\59dc24ed-23d2-11e8-a6a3-ec086b02610b.jpg;1
\vacia\empty_SnapshotMountainZebra\MTZ_S1_D06_R1_IMAG2317.JPG;0
\jabali\WILDBOAR_ZOO_1_4\37_20210115 (2245).JPG;1
\ave\ave_ave_WellingtonCameraTraps_SS\080416145228008as233.JPG;1
\vacia\NOANIMAL_ZOO_1_4\34_20210115 (3191).JPG;0
\vaca\cow_CaltechCameraTrap\58d61486-23d2-11e8-a6a3-ec086b02610b.jpg;1
\vaca\COW_ZOO_5_6_7_9\2_20210219 (1413) (2021_04_15 06_16_22 UTC).JPG;1
\humanovehiculo\humano_vehiculo_PNM_2012_ISAAC\d13575IM000002.JPG;1
\tejon\Tejon_PEPE_IREC_JC\IMAG0038_(4).JPG;1
\cervidae\CERVIDREDORFALLOWDEER_ZOO_1_4\21_20201025 (2031).JPG;1
\cervidae\2_Ciervos_PNC_2014_JC\c13128IMAG0084.JPG;1
\vacia\SnampshotEnonkishu\ENO_S1_D06_R1_IMAG3680.JPG;0
\vacia\NOANIMAL_ZOO_1_4\34_20210115 (233).JPG;0
\zorro\zorro_PNC_2013-I_ME\5832IM000131.JPG;1
\cervidae\CERVIDREDORFALLOWDEER_ZOO_1_4\21_20201025 (182).JPG;1
\cervidae\deer_CaltechCameraTrap\587eea39-23d2-11e8-a6a3-ec086b02610b.jpg;1
\jabali\jabali_revGinetasJC_REV1_4_donana\37_20201116 (9944).JPG;1
\vacia\NOANIMAL_ZOO_1_4\38_20201117 (356).JPG;0
\vacia\vacia_PNM_2013-O_ME\f13856IMAG0904.JPG;0
\zorro\zorro_PNM_2012_ME\d15881IMAG0040.JPG;1
\lince\Lince_b_Linces2_Leo_JC\lince162 (9).JPG;1
\jabali\WILDBOAR_ZOO_1_4\24_20201117 (307).JPG;1
\zorro\zorro_vacías_humanos_PNC_2012_ME\a47464IM000091.JPG;1
\vacia\NOANIMAL_ZOO_1_4\34_20210115 (1436).JPG;0
\jabali\WILDBOAR_ZOO_1_4\37_20201024 (11710).JPG;1
\cervidae\2_Ciervos_PNC2012_JC\a36742IM000312.JPG;1
\cervidae\CERVIDREDORFALLOWDEER_ZOO_1_4\21_20201025 (1797).JPG;1
\jabali\WILDBOAR_ZOO_1_4\15_20210117 (2949).JPG;1
\cervidae\ciervo_vacías_humanos_PNC_2012_ME\a34001IM000221.JPG;1
\cervidae\CERVIDREDORFALLOWDEER_ZOO_5_6_7_9\35_20210318 (578).JPG;1
\vacia\NOANIMAL_ZOO_5_6_7_9\32_20210615 (5586).JPG;0
\jabali\jabali_javi_JC\37_20201024 (545).JPG;1
\lince\Lince_b_Linces2_Leo_JC\lince157 (17).JPG;1
\vacia\vacia_alumno_AM_2\37_20201024 (814).JPG;0
\cervidae\Ciervo_PNC_2014_JC\c28407FILE0065.JPG;1
\humanovehiculo\car_CaltechCameraTrap_ME\vehiculo\59e5df5c-23d2-11e8-a6a3-ec086b02610b.jpg;1
\humanovehiculo\humanovehiculo_PNC_2014_manuel\c13806IMAG0277.JPG;1
\lince\Lince_a_Linces2_Leo_JC\lince70 (195).JPG;1
\vacia\NOANIMAL_ZOO_1_4\34_20210115 (8080).JPG;0
\vacia\vacia_alumno_2_AM\Neovis 4_frame080.jpg;0
\vaca\COW_ZOO_1_4\2_20201117 (2247).JPG;1
\vacia\NOANIMAL_ZOO_5_6_7_9\2_20210417 (4428).JPG;0
\ave\Herrerillo_comun_PNC_2014_JC\c29383IM000014.JPG;1
\vacia\NOANIMAL_ZOO_5_6_7_9\2_20210417 (25085).JPG;0
\lince\Lince_a_Linces2_Leo_JC\lince126 (3).JPG;1
\leporido\liebre\Liebre_PNC_2012_JC\a33650IM000143.JPG;1
\caballo\HORSE_ZOO_1_4\10_20201117 (1303).JPG;1
\meloncillo\Meloncillo_PNC_2014_JC\c7553IM000037.JPG;1
\vacia\vacia_ss\15_20201024 (87).JPG;0
\vacia\NOANIMAL_ZOO_1_4\11_20210114 (291).JPG;0
\humanovehiculo\humanovehiculo_leo_donana\0003975.JPG;1
\vaca\cow_CaltechCameraTrap\591e4017-23d2-11e8-a6a3-ec086b02610b.jpg;1
\cervidae\CERVIDREDORFALLOWDEER_ZOO_5_6_7_9\19_20210219 (707) (2021_04_15 06_16_22 UTC).JPG;1
\vacia\empty_SnapshotMountainZebra\MTZ_S1_E06_R3_IMAG1710.JPG;0
\cervidae\ciervo_PNC_2013-O_RED_ISAAC\b7136FILE0285.JPG;1
\ave\ave_Soraya_Padilla_Alumno_1_TH\DSCF0110_frame130.jpg;1
\vacia\vacia_javi_2_JC\27_20201023 (5995).JPG;0
\gato_domestico\gato_WellingtonCameraTraps_SS\030416181504043cs373.JPG;1
\leporido\rabbit_IslandConservationCameraTraps\chile_frances012013_24122012235538.jpg;1
\vacia\NOANIMAL_ZOO_1_4\10_20201019 (1601).JPG;0
\cervidae\CERVIDREDORFALLOWDEER_ZOO_1_4\21_20201025 (502).JPG;1
\cervidae\CERVIDREDORFALLOWDEER_ZOO_5_6_7_9\10_20210618 (2672).JPG;1
\micromamiferos\2_micromamiferos_Paco_Carro_JC\IMG_0243.JPG;1
\vacia\NOANIMAL_ZOO_1_4\43_20201217 (2325).JPG;0
\jabali\WILDBOAR_ZOO_1_4\7_20201118 (1288).JPG;1
\caballo\HORSE_ZOO_5_6_7_9\46_20210618 (1149).JPG;1
\vacia\empty_IslandConservationCameraTraps\dominicanrepublic_cam1125abril2015_20150416_155938_img_1646.jpg;0
\lince\Lince_a_Linces2_Leo_JC\Lince60 (424).JPG;1
\jabali\jabali_alumno_2_TH\37_20201024 (626).JPG;1
\caballo\HORSE_ZOO_1_4\15_20201117 (3887).JPG;1
\humanovehiculo\car_CaltechCameraTrap_ME\vehiculo\59328d04-23d2-11e8-a6a3-ec086b02610b.jpg;1
\vacia\NOANIMAL_ZOO_1_4\15_20201215 (5945).JPG;0
\jabali\WILDBOAR_ZOO_1_4\31_20201218 (489).JPG;1
\vacia\NOANIMAL_ZOO_5_6_7_9\28_20210417 (3194).JPG;0
\ave\ave_ave_WellingtonCameraTraps_SS\091016140130017b5953.JPG;1
\cervidae\gamo_Javi_3_JC\21_20201025 (308).JPG;1
\zorro\Red fox_mammalWeb\47120.jpg;1
\zorro\fox_CaltechCameraTrap_ME\59216533-23d2-11e8-a6a3-ec086b02610b.jpg;1
\vacia\NOANIMAL_ZOO_1_4\18_20200130 (1821).JPG;0
\cervidae\ciervo_PNC_2014_ISAAC\c12735IMAG0261.JPG;1
\cervidae\ciervo_alumno_2_2_TH_JC\21_20201025 (2874).JPG;1
\vaca\cow_CaltechCameraTrap\587186a8-23d2-11e8-a6a3-ec086b02610b.jpg;1
\cervidae\CERVIDREDORFALLOWDEER_ZOO_5_6_7_9\28_20210615 (306).JPG;1
\cervidae\2_Ciervos_PNC_2014_JC\c26609IM000080.JPG;1
\cervidae\CERVIDREDORFALLOWDEER_ZOO_1_4\21_20201025 (1715).JPG;1
\vacia\empty_caltechCameraTraps\59b483ed-23d2-11e8-a6a3-ec086b02610b.jpg;0
\ave\ave_Soraya_Padilla_Alumno_1_TH\STC_0049_frame130.jpg;1
\vaca\cow_CaltechCameraTrap\58b2ed0d-23d2-11e8-a6a3-ec086b02610b.jpg;1
\vaca\COW_ZOO_5_6_7_9\49_20210418 (2122).JPG;1
\vacia\NOANIMAL_ZOO_1_4\43_20201217 (1865).JPG;0
\jabali\jabali_Saul Martin_FRAMES_SIN_REPETIDOS_REVISADOS_DIEGO\IMAG0020_frame460.jpg;1
\cervidae\Ciervo_PNC_2012_JC\a27791IM000039.JPG;1
\vacia\empty_SnapshotMountainZebra\MTZ_S1_E06_R1_IMAG1939.JPG;0
\vacia\NOANIMAL_ZOO_5_6_7_9\50_20210408 (26894).JPG;0
\humanovehiculo\humanovehiculo_PNC_2014_manuel\c23553IM000002.JPG;1
\tejon\tejon_PNM_2013-O_ME\f15135IM000147.JPG;1
\cervidae\CERVIDREDORFALLOWDEER_ZOO_1_4\18_20200130 (2038).JPG;1
\humanovehiculo\humanovehiculo_leo_donana\homo_sapiens_javier\MVII0004.JPG;1
\vacia\vacias_1_de_2_PNC_2012_ISAAC\a39437IMAG1193.JPG;0
\ave\shearwater_IslandConservationCameraTraps\chile_vaqueria2013_0601201333056.jpg;1
\caballo\HORSE_ZOO_1_4\2_20201117 (428).JPG;1
\lince\Lince_b_Linces2_Leo_JC\lince209 (5).JPG;1
\caballo\HORSE_ZOO_1_4\9_20201118 (904).JPG;1
\vacia\SnampshotEnonkishu\ENO_S1_D06_R1_IMAG0617.JPG;0
\vacia\NOANIMAL_ZOO_1_4\26_20201117 (181).JPG;0
\cervidae\CERVIDREDORFALLOWDEER_ZOO_5_6_7_9\38_20210618 (3070).JPG;1
\vacia\NOANIMAL_ZOO_1_4\6_20201812 (14732).JPG;0
\ave\OTHERSPECIES_ZOO_5_6_7_9\2_20210219 (1388) (2021_04_15 06_16_22 UTC).JPG;1
\vacia\NOANIMAL_ZOO_5_6_7_9\25_20210417 (13073).JPG;0
\vacia\NOANIMAL_ZOO_1_4\6_20201812 (12090).JPG;0
\vacia\empty_SnapshotMountainZebra\MTZ_S1_E06_R3_IMAG0600.JPG;0
\vacia\vacia_Paco_Carro_JC\IMG_0695.JPG;0
\tejon\EUROPEANBADGER_ZOO_5_6_7_9\41_20210615 (424).JPG;1
\micromamiferos\micromamifero_WellingtonCameraTraps_SS\250416195816038as466.JPG;1
\vacia\empty_caltechCameraTraps\5a0e377a-23d2-11e8-a6a3-ec086b02610b.jpg;0
\vacia\vacias_1_de_2_PNC_2012_ISAAC\a46681IM000660.JPG;0
\cervidae\ciervo_simone_2\37_20201024 (10336).JPG;1
\vacia\empty_SnapshotMountainZebra\MTZ_S1_D05_R1_IMAG1776.JPG;0
\leporido\liebre\liebre_PNC_2013-I_ISAAC\5000IM000121.JPG;1
\vacia\vacia_alumno_2_2_TH_JC\37_20201024 (510).JPG;0
\cervidae\ciervo_javi_JC\36_20201019 (2723).JPG;1
\leporido\rabbit_IslandConservationCameraTraps\chile_frances012013_2312201260533.jpg;1
\cervidae\ciervo_PNC_2013-O_RED_ISAAC\b6872FILE0024.JPG;1
\vacia\NOANIMAL_ZOO_5_6_7_9\25_20210615 (1623).JPG;0
\jabali\WILDBOAR_ZOO_1_4\12_20210116 (107).JPG;1
\vacia\NOANIMAL_ZOO_1_4\26_20201117 (1571).JPG;0
\leporido\rabbit_IslandConservationCameraTraps\chile_frances012013_22122012192107.jpg;1
\jabali\jabali_javi_2_JC\28_20201019 (1719).JPG;1
\vacia\NOANIMAL_ZOO_5_6_7_9\24_20210318 (13910).JPG;0
\lince\Lince_a_Linces2_Leo_JC\Lince60 (253).JPG;1
\cervidae\deer_CaltechCameraTrap\598f7674-23d2-11e8-a6a3-ec086b02610b.jpg;1
\humanovehiculo\car_CaltechCameraTrap_ME\vehiculo\58ede33c-23d2-11e8-a6a3-ec086b02610b.jpg;1
\jabali\WILDBOAR_ZOO_1_4\28_20201019 (950).JPG;1
\caballo\HORSE_ZOO_5_6_7_9\46_20210618 (285).JPG;1
\cervidae\ciervo_PNC_2013-I_RED_ME\6087IM000149.JPG;1
\vacia\NOANIMAL_ZOO_5_6_7_9\2_20210417 (4078).JPG;0
\gato_domestico\gato_WellingtonCameraTraps_SS\27111516132004241023.JPG;1
\vacia\empty_caltechCameraTraps\59e2a23e-23d2-11e8-a6a3-ec086b02610b.jpg;0
\leporido\conejo_Paco_Carro_JC\PICT0444.JPG;1
\vacia\vacia_PNM_2013-O_ME\f7378IMAG0224.JPG;0
\vacia\vacia_alumno_2_AM_JC\STC_0004_frame340.jpg;0
\cervidae\cervidae_alumno_1_AM_2\30_20201021 (12190).JPG;1
\vacia\empty_IslandConservationCameraTraps\dominicanrepublic_cam1826junio2015_20150505_121934_img_2848.jpg;0
\cervidae\CERVIDREDORFALLOWDEER_ZOO_1_4\10_20201117 (118).JPG;1
\cervidae\ciervo_Javi_3_JC\26_20201020 (1844).JPG;1
\leporido\rabbit_IslandConservationCameraTraps\chile_frances012013_22122012184145.jpg;1
\vacia\NOANIMAL_ZOO_5_6_7_9\1_20210319 (116).JPG;0
\ave\raven_IslandConservationCameraTraps\dominicanrepublic_cam2019octubre2015_20150930_163734_img_0024.jpg;1
\vacia\NOANIMAL_ZOO_5_6_7_9\24_20210418 (1740).JPG;0
\vacia\vacia_alumno_TH_3_TH_JC\30_20201021 (3288).JPG;0
\gineta\COMMONGENET_ZOO_5_6_7_9\47_20210404 (591).JPG;1
\vacia\NOANIMAL_ZOO_5_6_7_9\24_20210318 (6815).JPG;0
\vacia\vacias_PNC_2014_ISAAC\c9466IM000211.JPG;0
\cervidae\CERVIDREDORFALLOWDEER_ZOO_5_6_7_9\24_20210318 (3745).JPG;1
\garduna\garduna_PNM_2012_ME\d4231IM000509.JPG;1
\vaca\COW_ZOO_5_6_7_9\49_20210418 (1981).JPG;1
\vacia\NOANIMAL_ZOO_1_4\34_20210115 (8557).JPG;0
\ave\OTHERSPECIES_ZOO_1_4\15_20210117 (2821).JPG;1
\humanovehiculo\humanovehiculo_Caltech\5a2c84c5-23d2-11e8-a6a3-ec086b02610b.jpg;1
\vacia\empty_SnapshotMountainZebra\MTZ_S1_D05_R1_IMAG0406.JPG;0
\cervidae\Ciervo_Paco_Carro_camarasliron_4_2_PASADAS_POR_LA_RED_JC\MDGC0011.JPG;1
\humanovehiculo\humanovehiculo_PNC_2014_manuel\c17078IM000364.JPG;1
\vacia\empty_SnapshotMountainZebra\MTZ_S1_D05_R1_IMAG2948.JPG;0
\humanovehiculo\HUMANORVEHICLE_ZOO_1_4\28_20201019 (15).JPG;1
\vacia\empty_SnapshotCamdeboo\CDB_S1_D04_R2_IMAG0055.JPG;0
\vacia\empty_IslandConservationCameraTraps\dominicanrepublic_cam0425abril2015_20130807_055805_sunp0683.jpg;0
\cervidae\ciervo_PNC_2013-O_RED_ISAAC\b6739FILE0040.JPG;1
\lince\Lince_a_Linces2_Leo_JC\Lince48 (69).JPG;1
\cervidae\ciervo_simone_2\34_20201024 (6024).JPG;1
\cervidae\Ciervo_PNC_2013-O_ME\b5266IM000042.JPG;1
\vacia\vacia_alumno_1_TH\Nada (20)_frame140.jpg;0
\mapache\raccoon_CaltechCameraTrap_ME\59167a65-23d2-11e8-a6a3-ec086b02610b.jpg;1
\vacia\empty_SnapshotMountainZebra\MTZ_S1_D07_R1_IMAG1233.JPG;0
\gato_domestico\cat_IslandConservationCameraTraps\palau_cam08a12132018_20181012_185335_rcnx0218.jpg;1
\jabali\WILDBOAR_ZOO_1_4\33_20201217 (534).JPG;1
\humanovehiculo\humanovehiculo_PNC_2014_manuel\c22359IM000155.JPG;1
\vacia\vacia_Paco_Carro_JC\01130237.JPG;0
\garduna\2_Garduna_PNM_2013-0_ME\f14951IM000067.JPG;1
\leporido\rabbit_IslandConservationCameraTraps\chile_vaqueria2013_17022013210625.jpg;1
\vacia\NOANIMAL_ZOO_5_6_7_9\2_20210417 (16524).JPG;0
\cervidae\CERVIDREDORFALLOWDEER_ZOO_1_4\34_20201024 (928).JPG;1
\cervidae\CERVIDREDORFALLOWDEER_ZOO_5_6_7_9\31_20210615 (73).JPG;1
\vacia\vacias_2_de_2_PNC_2012_ISAAC\a2216IM000009.JPG;0
\vacia\Nothing_mammalWeb\30305.jpg;0
\gato_domestico\cat_IslandConservationCameraTraps\ecuador1_ic1619_20180723_080345_img_0031.jpg;1
\tejon\Tejon_PEPE_IREC_JC\IMAG0105_(3).JPG;1
\leporido\Lagomorpha2__diego_1_rev_donana\6_20201023 (2167).JPG;1
\vacia\empty_caltechCameraTraps\599293d0-23d2-11e8-a6a3-ec086b02610b.jpg;0
\garduna\garduna_PNM_2013-O_ME\f5607IMAG0015.JPG;1
\zorro\zorro_PNC_2013-I_RED_ME\6513IMAG0021.JPG;1
\ave\ave_ave_WellingtonCameraTraps_SS\050816161154039as092.JPG;1
\vacia\NOANIMAL_ZOO_1_4\13_20201219 (455).JPG;0
\vacia\empty_IslandConservationCameraTraps\ecuador2_ic1607_20150122_062815_img_0608.jpg;0
\ave\Ave_PNC_2014_JC\c30720IM000017.JPG;1
\humanovehiculo\humanovehiculo_PNC_2014_manuel\c17745IMAG0014.JPG;1
\vaca\COW_ZOO_1_4\17_20201026 (746).JPG;1
\vacia\SnampshotEnonkishu\ENO_S1_D06_R1_IMAG5103.JPG;0
\zorro\REDFOX_ZOO_1_4\31_20201023 (180).JPG;1
\humanovehiculo\humanovehiculo_PNC_2014_manuel\c14671IMAG0119.JPG;1
\micromamiferos\rat_IslandConservationCameraTraps\dominicanrepublic_cam11518mayo2017a_20161214_063302_img_0002.jpg;1
\vacia\vacia_Paco_Carro_JC\IMG_0682.JPG;0
\vaca\COW_ZOO_5_6_7_9\21_20210418 (840).JPG;1
\zorro\Zorro_PNC_2014_JC\c5345IM000020.JPG;1
\vacia\NOANIMAL_ZOO_1_4\15_20201024 (3896).JPG;0
\lince\Lince_a_Linces2_Leo_JC\lince94 (452).JPG;1
\cervidae\cervidae_ME_rev_3_donana\30_20201021 (11455).JPG;1
\cervidae\cervidae_ME_rev_3_donana\37_20201024 (2514).JPG;1
\ave\American Crow_ena24\8062.jpg;1
\vacia\NOANIMAL_ZOO_1_4\34_20210115 (2892).JPG;0
\vacia\empty_IslandConservationCameraTraps\chile_piedra012013_04062013142426.jpg;0
\cervidae\CERVIDREDORFALLOWDEER_ZOO_5_6_7_9\25_20210319 (4846).JPG;1
\vacia\empty_IslandConservationCameraTraps\micronesia_cam04_cam04june2019_20190701033003_rcnx2300.jpg;0
\vacia\NOANIMAL_ZOO_1_4\26_20201117 (2246).JPG;0
\vacia\NOANIMAL_ZOO_5_6_7_9\25_20210417 (8782).JPG;0
\tejon\EUROPEANBADGER_ZOO_1_4\42_20210114 (255).JPG;1
\cervidae\Ciervo_PNC_2013-O_ME\b8513FILE0345.JPG;1
\cervidae\deer_CaltechCameraTrap\5a0492cc-23d2-11e8-a6a3-ec086b02610b.jpg;1
\cervidae\CERVIDREDORFALLOWDEER_ZOO_1_4\2_20201117 (5592).JPG;1
\vacia\NOANIMAL_ZOO_1_4\43_20201217 (2115).JPG;0
\vacia\NOANIMAL_ZOO_5_6_7_9\22_20210318 (3195).JPG;0
\zorro\zorro_PNC_2012_JC\a2231IM000025.JPG;1
\caballo\caballos_simone\4_20201220 (741).JPG;1
\vacia\NOANIMAL_ZOO_1_4\7_20210115 (3869).JPG;0
\vacia\NOANIMAL_ZOO_5_6_7_9\15_20210219 (4412) (2021_04_15 06_16_22 UTC).JPG;0
\zorro\Zorro_Pepe_IREC\Zorro_Pepe_Irec_ME\IMAG0027_(4).JPG;1
\leporido\rabbit_IslandConservationCameraTraps\chile_frances022013_23042013134855.jpg;1
\vacia\vacia_javi_2_JC\37_20201024 (12355).JPG;0
\cervidae\ciervo_PNC_2013-I_RED_ME\9089IM000191.JPG;1
\cervidae\ciervo_Paco_Carro_JC\PICT0491.JPG;1
\mapache\raccoon_CaltechCameraTrap_ME\58d161c2-23d2-11e8-a6a3-ec086b02610b.jpg;1
\humanovehiculo\HUMANORVEHICLE_ZOO_5_6_7_9\18_20210616 (8).JPG;1
\humanovehiculo\humano_vehiculo_PNM_2012_ISAAC\d12057IM000010.JPG;1
\vacia\vacia_alumno_1_TH\Capcap 21 (2)_frame180.jpg;0
\ave\raven_IslandConservationCameraTraps\dominicanrepublic_cam2026julio2015_20150630_125210_img_0008.jpg;1
\caballo\HORSE_ZOO_1_4\17_20201225 (26).JPG;1
\jabali\WILDBOAR_ZOO_1_4\11_20210114 (417).JPG;1
\vaca\vaca_Paco_Carro_JC\PICT0042.JPG;1
\cervidae\CERVIDREDORFALLOWDEER_ZOO_1_4\10_20201117 (260).JPG;1
\ave\ave_ave_WellingtonCameraTraps_SS\130816130234004bs373.JPG;1
\micromamiferos\rat_IslandConservationCameraTraps\micronesia_cam08_cam08june2019_20190628173416_rcnx0023.jpg;1
\vacia\empty_IslandConservationCameraTraps\dominicanrepublic_cam0425abril2015_20130808_025009_sunp0821.jpg;0
\vacia\empty_IslandConservationCameraTraps\ecuador1_ic1619_20181202_151454_img_2159.jpg;0
\lince\Lince_b_Linces2_Leo_JC\lince166 (4).JPG;1
\vacia\NOANIMAL_ZOO_5_6_7_9\50_20210408 (15459).JPG;0
\cervidae\CERVIDREDORFALLOWDEER_ZOO_5_6_7_9\15_20210219 (4335) (2021_04_15 06_16_22 UTC).JPG;1
\lince\Lince_b_Linces2_Leo_JC\lince204 (41).JPG;1
\jabali\jabali_PNC_2013-O_RED_ISAAC\b62IM000066.JPG;1
\garduna\garduña_Saul Martin_FRAMES_SIN_REPETIDOS_REVISADOS_DIEGO\IMAG0007_frame240.jpg;1
\vacia\Vacio__diego_2_rev_donana\7_20201025 (332).JPG;0
\cervidae\CERVIDREDORFALLOWDEER_ZOO_5_6_7_9\47_20210615 (1561).JPG;1
\gato_domestico\gato_WellingtonCameraTraps_SS\30111509313601069481.JPG;1
\cervidae\3_ciervo_Javi_3_JC\34_20201024 (863).JPG;1
\jabali\jabali_vacías_humanos_PNC_2012_ME\a42014IM000194.JPG;1
\vacia\vacias_1_de_2_PNC_2012_ISAAC\a36593IM000154.JPG;0
\vacia\NOANIMAL_ZOO_1_4\34_20210115 (2516).JPG;0
\vacia\NOANIMAL_ZOO_5_6_7_9\50_20210408 (8744).JPG;0
\leporido\conejo_leo_donana\0007005.JPG;1
\zorro\zorro_PNC_2012_JC\a3603IM000034.JPG;1
\vacia\NOANIMAL_ZOO_5_6_7_9\32_20210615 (9233).JPG;0
\lince\Lince_b_Linces2_Leo_JC\lince154 (45).JPG;1
\vacia\NOANIMAL_ZOO_1_4\31_20201218 (330).JPG;0
\humanovehiculo\humanovehiculo_Caltech\595deeee-23d2-11e8-a6a3-ec086b02610b.jpg;1
\jabali\WILDBOAR_ZOO_1_4\37_20201116 (7080).JPG;1
\vacia\empty_IslandConservationCameraTraps\ecuador1_ic1611_20150101_000003_img_2389.jpg;0
\vacia\vacias_PNC_2013-I_ME\7262IM000007.JPG;0
\humanovehiculo\car_CaltechCameraTrap_ME\vehiculo\59df5e55-23d2-11e8-a6a3-ec086b02610b.jpg;1
\leporido\rabbit_IslandConservationCameraTraps\chile_frances022013_26042013113331.jpg;1
\humanovehiculo\humanovehiculo_leo_donana\0007247.JPG;1
\humanovehiculo\humano_vehiculo_PNM_2012_ISAAC\d4906IM000004.JPG;1
\vacia\empty_IslandConservationCameraTraps\dominicanrepublic_cam1725abril2015_20150421_092940_img_0762.jpg;0
\gato_domestico\cat_IslandConservationCameraTraps\palau_cam13a12132018_20181108_092154_rcnx1281.jpg;1
\ave\short-eared_owl_IslandConservationCameraTraps\chile_piedra012013_1903201362454.jpg;1
\vacia\NOANIMAL_ZOO_5_6_7_9\19_20210417 (2181).JPG;0
\cervidae\ciervo_alumno_2_TH\30_20201021 (33).JPG;1
\vacia\empty_IslandConservationCameraTraps\dominicanrepublic_cam0425abril2015_20130821_050352_sunp4035.jpg;0
\cervidae\Ciervo_PNC_2012_JC\a32598IM000697.JPG;1
\lince\linces_fecha_Linces2_Leo_JC\3_Lince_flecha_Linces2_Leo_JC\Lince54 (30).jpg;1
\cervidae\cervidae_PNM_2013-O_ME\f5242IM000150.JPG;1
\ave\brown_noddy_IslandConservationCameraTraps\palau_cam04a12132018_20180916_092653_rcnx1188.jpg;1
\ave\ave_ave_WellingtonCameraTraps_SS\100116184846026cs521.JPG;1
\vacia\NOANIMAL_ZOO_1_4\26_20201020 (10694).JPG;0
\jabali\WILDBOAR_ZOO_1_4\37_20201116 (9541).JPG;1
\cervidae\3_ciervo_simone_2\37_20201024 (1237).JPG;1
\vacia\empty_SnapshotMountainZebra\MTZ_S1_G04_R3_IMAG3778.JPG;0
\vacia\NOANIMAL_ZOO_1_4\7_20210115 (1673).JPG;0
\meloncillo\Meloncillo_PEPE_IREC_JC\IMAG0196_(5).JPG;1
\cervidae\ciervo_PNC_2014_ISAAC\c6722IM000074.JPG;1
\ave\Perdiz_PNC_2014_JC\c27599IM000059.JPG;1
\cervidae\CERVIDREDORFALLOWDEER_ZOO_1_4\26_20201020 (137).JPG;1
\micromamiferos\micromamiferos_Paco_Carro_JC\IMG_0109 (2).JPG;1
\vacia\SnampshotEnonkishu\ENO_S1_B03_R1_IMAG0886.JPG;0
\vacia\vacia_vacías_humanos_PNC_2012_ME\a42955IM001143.JPG;0
\humanovehiculo\car_CaltechCameraTrap_ME\vehiculo\58960a6f-23d2-11e8-a6a3-ec086b02610b.jpg;1
\jabali\jabali_javi_JC\37_20201024 (614).JPG;1
\zorro\zorro_PNC_2014_manuel\c12233IMAG0165.JPG;1
\vacia\NOANIMAL_ZOO_5_6_7_9\36_20210618 (117).JPG;0
\cervidae\CERVIDREDORFALLOWDEER_ZOO_5_6_7_9\28_20210615 (3171).JPG;1
\ave\Magpie_mammalWeb\57634.jpg;1
\cervidae\CERVIDREDORFALLOWDEER_ZOO_1_4\26_20201020 (31).JPG;1
\cervidae\2_ciervo_Javi_3_JC\21_20201025 (1937).JPG;1
\humanovehiculo\HUMANORVEHICLE_ZOO_5_6_7_9\19_20210219 (35) (2021_04_15 06_16_22 UTC).JPG;1
\vacia\NOANIMAL_ZOO_1_4\37_20201116 (4944).JPG;0
\caballo\HORSE_ZOO_1_4\10_20201117 (2384).JPG;1
\ave\OTHERSPECIES_ZOO_5_6_7_9\38_20210618 (816).JPG;1
\caballo\HORSE_ZOO_1_4\10_20201117 (1441).JPG;1
\cervidae\CERVIDREDORFALLOWDEER_ZOO_1_4\15_20210117 (8101).JPG;1
\humanovehiculo\humano_vehiculo_PNM_2013-O_ISAAC\f49IM000009.JPG;1
\jabali\WILDBOAR_ZOO_1_4\43_20201217 (717).JPG;1
\jabali\WILDBOAR_ZOO_1_4\33_20201217 (14).JPG;1
\cervidae\ciervo_PNM_2012_ISAAC\d14472IMAG0025.JPG;1
\ave\ave_Soraya_Padilla_Alumno_1_TH\STC_0225_frame030.jpg;1
\vacia\vacia_ave_WellingtonCameraTraps_SS\0206151404120244S413.JPG;0
\zorro\Zorro_Pepe_IREC\Zorro_Pepe_Irec_ME\IMAG0127_(7).JPG;1
\ave\ave_Soraya_Padilla_Alumno_1_TH\STC_0228_frame060.jpg;1
\caballo\caballo_Paco_Carro_JC\PICT0869.JPG;1
\vacia\empty_caltechCameraTraps\5975142d-23d2-11e8-a6a3-ec086b02610b.jpg;0
\cervidae\CERVIDREDORFALLOWDEER_ZOO_5_6_7_9\2_20210319 (5154).JPG;1
\cervidae\CERVIDREDORFALLOWDEER_ZOO_1_4\33_20201120 (112).JPG;1
\cervidae\CERVIDREDORFALLOWDEER_ZOO_1_4\34_20201024 (5263).JPG;1
\vacia\NOANIMAL_ZOO_1_4\6_20201812 (14500).JPG;0
\vaca\COW_ZOO_1_4\21_20201217 (2900).JPG;1
\vacia\NOANIMAL_ZOO_1_4\26_20201020 (17303).JPG;0
\vacia\NOANIMAL_ZOO_1_4\43_20201217 (443).JPG;0
\humanovehiculo\car_CaltechCameraTrap_ME\vehiculo\58b9d5a3-23d2-11e8-a6a3-ec086b02610b.jpg;1
\ave\rooster_IslandConservationCameraTraps\palau_cam13a12132018_20181101_104019_rcnx1126.jpg;1
\vacia\Nothing_mammalWeb\104798.jpg;0
\vaca\COW_ZOO_5_6_7_9\21_20210418 (1141).JPG;1
\zorro\zorro_PNC_2013-O_RED_ISAAC\b17835IM000133.JPG;1
\cervidae\Ciervo_PNC_2012_JC\a33933IM000149.JPG;1
\vaca\cow_CaltechCameraTrap\58f8cd81-23d2-11e8-a6a3-ec086b02610b.jpg;1
\cervidae\ciervo_PNC_2014_ISAAC\c24222IMAG0214.JPG;1
\cervidae\ciervo_PNC_2013-I_RED_ME\1635IM000191.JPG;1
\vacia\NOANIMAL_ZOO_1_4\15_20201117 (6262).JPG;0
\vacia\NOANIMAL_ZOO_1_4\34_20210115 (1510).JPG;0
\cervidae\CERVIDREDORFALLOWDEER_ZOO_5_6_7_9\2_20210417 (2944).JPG;1
\vacia\NOANIMAL_ZOO_1_4\28_20210115 (1968).JPG;0
\ave\Ave_Leo_Otra_fauna_PASADA_POR_LA_RED_JC\Otrafauna (1962).JPG;1
\jabali\WILDBOAR_ZOO_1_4\37_20201024 (384).JPG;1
\zorro\Zorro_PNC_2014_JC\c27447IM000083.JPG;1
\cervidae\gamo_Javi_3_JC\9_20201025 (361).JPG;1
\cervidae\CERVIDREDORFALLOWDEER_ZOO_5_6_7_9\2_20210319 (1232).JPG;1
\ave\shearwater_IslandConservationCameraTraps\chile_piedra012013_2712201241432.jpg;1
\caballo\HORSE_ZOO_1_4\2_20201117 (5123).JPG;1
\jabali\WILDBOAR_ZOO_1_4\7_20201118 (771).JPG;1
\cervidae\CERVIDREDORFALLOWDEER_ZOO_5_6_7_9\28_20210615 (3412).JPG;1
\vacia\NOANIMAL_ZOO_1_4\6_20201812 (8757).JPG;0
\meloncillo\Meloncillo_PEPE_IREC_JC\IMAG0080_(12).JPG;1
\humanovehiculo\HUMANORVEHICLE_ZOO_1_4\36_20201215 (534).JPG;1
\vacia\NOANIMAL_ZOO_5_6_7_9\2_20210417 (761).JPG;0
\vacia\NOANIMAL_ZOO_1_4\26_20201020 (15362).JPG;0
\vacia\NOANIMAL_ZOO_1_4\34_20210115 (6178).JPG;0
\jabali\jabali_vacías_humanos_PNC_2012_ME\a35692IMAG0016.JPG;1
\leporido\LEPORIDRABBITORHARE_ZOO_1_4\17_20201026 (36).JPG;1
\vacia\empty_IslandConservationCameraTraps\dominicanrepublic_cam1725septiembre2015_20150823_112202_img_0006.jpg;0
\cervidae\CERVIDREDORFALLOWDEER_ZOO_5_6_7_9\8_20210219 (777) (2021_04_15 06_16_22 UTC).JPG;1
\vacia\NOANIMAL_ZOO_1_4\15_20201024 (3551).JPG;0
\vacia\NOANIMAL_ZOO_1_4\34_20210115 (2131).JPG;0
\vacia\empty_IslandConservationCameraTraps\ecuador1_ic1611_20150101_000003_img_2525.jpg;0
\cervidae\ciervo_vacías_humanos_PNC_2012_ME\a6588IM000079.JPG;1
\cervidae\CERVIDREDORFALLOWDEER_ZOO_5_6_7_9\39_20210318 (74).JPG;1
\vacia\empty_SnapshotMountainZebra\MTZ_S1_E06_R3_IMAG1281.JPG;0
\cervidae\Ciervo_PNC_2014_JC\c27835IM000088.JPG;1
\vacia\empty_SnapshotMountainZebra\MTZ_S1_E06_R3_IMAG0332.JPG;0
\vacia\NOANIMAL_ZOO_1_4\26_20201020 (12434).JPG;0
\cervidae\CERVIDREDORFALLOWDEER_ZOO_1_4\21_20201025 (585).JPG;1
\jabali\jabali_PNC_2013-O_RED_ISAAC\b18139IM000182.JPG;1
\vacia\NOANIMAL_ZOO_5_6_7_9\22_20210318 (95).JPG;0
\leporido\conejo_WellingtonCameraTraps_SS\15111506251413959712.JPG;1
\jabali\jabali_PNC_2014_manuel\c28536IM000038.JPG;1
\humanovehiculo\humanovehiculo_PNC_2013-I_RED_ME\3330IM000009.JPG;1
\vacia\NOANIMAL_ZOO_1_4\6_20201812 (14264).JPG;0
\vacia\empty_IslandConservationCameraTraps\dominicanrepublic_cam1826julio2015_20150628_125014_img_0696.jpg;0
\cervidae\ciervo_ME_rev_3_donana\26_20201020 (1765).JPG;1
\leporido\rabbit_IslandConservationCameraTraps\chile_frances022013_11052013130446.jpg;1
\jabali\jabali_PNC_2013-O_RED_ISAAC\b6125IM000078.JPG;1
\vacia\NOANIMAL_ZOO_5_6_7_9\39_20210417 (3118).JPG;0
\ave\petrel_chick_IslandConservationCameraTraps\ecuador2_ic1618_20181102_042332_img_0077.jpg;1
\ave\2_ave_Soraya_Padilla_Alumno_1_TH\IMAG0184_frame180.jpg;1
\cervidae\CIERVO_PNM_2013-I_ISAAC\e4633IM000087.JPG;1
\vacia\NOANIMAL_ZOO_1_4\16_20201221 (262).JPG;0
\vacia\empty_SnapshotMountainZebra\MTZ_S1_D06_R1_IMAG2456.JPG;0
\vacia\SnampshotEnonkishu\ENO_S1_D06_R1_IMAG0763.JPG;0
\ave\bird_CaltechCameraTrap\58ce3ec4-23d2-11e8-a6a3-ec086b02610b.jpg;1
\vacia\NOANIMAL_ZOO_1_4\6_20201812 (10450).JPG;0
\jabali\WILDBOAR_ZOO_1_4\37_20201024 (820).JPG;1
\zorro\Zorro_PNC_2013-O_ME\b18572IMAG0088.JPG;1
\lince\linces_fecha_Linces2_Leo_JC\2_Lince_flecha_Linces2_Leo_JC\lince159 (32).JPG;1
\cervidae\ciervo_PNM_2012_ISAAC\d119IM000008.JPG;1
\cervidae\3_ciervo_Javi_3_JC\34_20201024 (2113).JPG;1
\vaca\COW_ZOO_1_4\21_20201217 (4106).JPG;1
\cervidae\CERVIDREDORFALLOWDEER_ZOO_1_4\10_20201218 (825).JPG;1
\cervidae\corzo_alumno_2_AM_JC\STC_0195_frame200.jpg;1
\vacia\NOANIMAL_ZOO_1_4\11_20201027 (184).JPG;0
\cervidae\CERVIDREDORFALLOWDEER_ZOO_5_6_7_9\19_20210219 (535) (2021_04_15 06_16_22 UTC).JPG;1
\vacia\vacia_Paco_Carro_JC\IMG_0450.JPG;0
\humanovehiculo\car_CaltechCameraTrap_ME\vehiculo\590b9b62-23d2-11e8-a6a3-ec086b02610b.jpg;1
\micromamiferos\rat_IslandConservationCameraTraps\micronesia_cam14_june2019_20190621202713_rcnx0401.jpg;1
\micromamiferos\micromamiferos_Paco_Carro_JC\IMG_0720.JPG;1
\caballo\HORSE_ZOO_1_4\17_20210114 (2709).JPG;1
\ave\chicken_IslandConservationCameraTraps\palau_cam04a12132018_20181101_065817_rcnx2040.jpg;1
\ave\ave_Soraya_Padilla_Alumno_1_TH\IMAG0036_frame140.jpg;1
\cervidae\CERVIDREDORFALLOWDEER_ZOO_5_6_7_9\15_20210219 (6969) (2021_04_15 06_16_22 UTC).JPG;1
\vacia\vacias_1_de_2_PNC_2012_ISAAC\a39153IMAG0909.JPG;0
\vacia\vacia_Paco_Carro_JC\IMG_0908.JPG;0
\mapache\raccoon_CaltechCameraTrap_ME\59439eb1-23d2-11e8-a6a3-ec086b02610b.jpg;1
\vacia\NOANIMAL_ZOO_1_4\21_20201119 (3240).JPG;0
\micromamiferos\rodent_CaltechCameraTrap_JC\Roedor_ rodent_CaltechCameraTrap_JC\59adfc81-23d2-11e8-a6a3-ec086b02610b.jpg;1
\vacia\empty_IslandConservationCameraTraps\dominicanrepublic_cam2015abril2015_20150406_145128_img_3505.jpg;0
\cervidae\CERVIDREDORFALLOWDEER_ZOO_1_4\15_20201215 (1145).JPG;1
\vacia\NOANIMAL_ZOO_1_4\7_20210115 (2297).JPG;0
\lince\Lince_a_Linces2_Leo_JC\lince122 (66).JPG;1
\cervidae\Ciervo_PNC_2014_JC\c10797IM000072.JPG;1
\cervidae\CERVIDREDORFALLOWDEER_ZOO_1_4\21_20201025 (3015).JPG;1
\vacia\empty_IslandConservationCameraTraps\dominicanrepublic_cam0526junio2015_20150622_160753_sunp2336.jpg;0
\vacia\empty_IslandConservationCameraTraps\micronesia_cam04_cam04june2019_20190701040503_rcnx2314.jpg;0
\cervidae\CERVIDREDORFALLOWDEER_ZOO_5_6_7_9\18_20210219 (1290) (2021_04_15 06_16_22 UTC).JPG;1
\leporido\conejo_Paco_Carro_JC\PICT1407.JPG;1
\vacia\NOANIMAL_ZOO_5_6_7_9\5_20210319 (1054).JPG;0
\gato_domestico\gato_WellingtonCameraTraps_SS\28111505115603592543.JPG;1
\vacia\NOANIMAL_ZOO_5_6_7_9\25_20210417 (2351).JPG;0
\humanovehiculo\humanovehiculo_vacías_humanos_PNC_2012_ME\a40656IMAG0108.JPG;1
\ave\ave_ave_WellingtonCameraTraps_SS\020116172014014c5902.JPG;1
\zorro\zorro_PNM_2013-O_ISAAC\f21488IM000194.JPG;1
\vacia\vacia_Paco_Carro_JC\IMG_2229.JPG;0
\gato_domestico\gato_WellingtonCameraTraps_SS\2105150640300224S163.JPG;1
\vacia\empty_IslandConservationCameraTraps\dominicanrepublic_cam1826junio2015_20150505_073137_img_1211.jpg;0
\vacia\empty_caltechCameraTraps\5995ad0a-23d2-11e8-a6a3-ec086b02610b.jpg;0
\vacia\empty_SnapshotMountainZebra\MTZ_S1_E06_R1_IMAG0576.JPG;0
\vacia\NOANIMAL_ZOO_1_4\13_20201219 (519).JPG;0
\jabali\WILDBOAR_ZOO_1_4\19_20201117 (391).JPG;1
\zorro\zorro_PNM_2013-O_ME\f14221IMAG0125.JPG;1
\ave\petrel_chick_IslandConservationCameraTraps\ecuador2_ic1607_20150101_202408_img_0165.jpg;1
\cervidae\ciervo_Javi_3_JC\34_20201024 (819).JPG;1
\jabali\WILDBOAR_ZOO_1_4\37_20201116 (8102).JPG;1
\vaca\cow_IslandConservationCameraTraps\dominicanrepublic_cam1025abril2015_20150412_075102_img_0045.jpg;1
\humanovehiculo\car_CaltechCameraTrap_ME\vehiculo\5a116ca9-23d2-11e8-a6a3-ec086b02610b.jpg;1
\micromamiferos\micromamifero_WellingtonCameraTraps_SS\190716201458038as243.JPG;1
\vacia\vacias_PNC_2014_ISAAC\c24447IMAG0178.JPG;0
\vacia\empty_SnapshotCamdeboo\CDB_S1_E04_R2_IMAG0110.JPG;0
\ave\2_ave_ave_WellingtonCameraTraps_SS\150316163318046a5753.JPG;1
\cervidae\Ciervo_PNC_2014_JC\c23286IM000015.JPG;1
\zorro\ZORRO_PNM_2012_ISAAC\d13622IM000036.JPG;1
\ave\bird_CaltechCameraTrap\598c5b82-23d2-11e8-a6a3-ec086b02610b.jpg;1
\vacia\empty_IslandConservationCameraTraps\dominicanrepublic_cam1718octubre2015_20150927_065528_img_0003.jpg;0
\jabali\jabali_javi_JC\28_20201019 (1571).JPG;1
\vacia\empty_IslandConservationCameraTraps\dominicanrepublic_cam1826junio2015_20150505_114316_img_2644.jpg;0
\caballo\caballos_alumno_AM\caballos_alumno_AM\2_20201215 (2883).JPG;1
\leporido\rabbit_CaltechCameraTrap_ME\588c138f-23d2-11e8-a6a3-ec086b02610b.jpg;1
\cervidae\CERVIDREDORFALLOWDEER_ZOO_5_6_7_9\8_20210219 (432) (2021_04_15 06_16_22 UTC).JPG;1
\vacia\NOANIMAL_ZOO_1_4\15_20201117 (2241).JPG;0
\humanovehiculo\humanovehiculo_leo_donana\0008881.JPG;1
\cervidae\cervicidae_alumno_TH_3_TH_JC\30_20201021 (9071).JPG;1
\vacia\empty_caltechCameraTraps\59edf15b-23d2-11e8-a6a3-ec086b02610b.jpg;0
\cervidae\CERVIDREDORFALLOWDEER_ZOO_1_4\43_20201217 (976).JPG;1
\vacia\NOANIMAL_ZOO_5_6_7_9\24_20210318 (12412).JPG;0
\vacia\NOANIMAL_ZOO_1_4\7_20210115 (2263).JPG;0
\vacia\empty_SnapshotMountainZebra\MTZ_S1_D06_R1_IMAG2630.JPG;0
\vacia\NOANIMAL_ZOO_1_4\15_20210117 (1154).JPG;0
\cervidae\CERVIDREDORFALLOWDEER_ZOO_5_6_7_9\21_20210615 (2317).JPG;1
\leporido\Rabbit_mammalWeb\4334.jpg;1
\lince\Lince_a_Linces2_Leo_JC\Lince51 (127).JPG;1
\vacia\NOANIMAL_ZOO_1_4\19_20201218 (333).JPG;0
\cervidae\ciervo_PNM_2013-O_ISAAC\f29530IMAG1115.JPG;1
\zorro\zorro_PNC_2013-I_RED_ME\784IM000210.JPG;1
\vacia\NOANIMAL_ZOO_5_6_7_9\2_20210417 (21293).JPG;0
\vacia\NOANIMAL_ZOO_1_4\34_20210115 (7535).JPG;0
\ave\Crow_mammalWeb\62483.jpg;1
\vacia\empty_caltechCameraTraps\5a0b0295-23d2-11e8-a6a3-ec086b02610b.jpg;0
\vacia\empty_caltechCameraTraps\59d8ed15-23d2-11e8-a6a3-ec086b02610b.jpg;0
\leporido\liebre\Liebre_PNC_2014_JC\c10027IM000123.JPG;1
\vacia\NOANIMAL_ZOO_1_4\1_20210115 (40).JPG;0
\vacia\NOANIMAL_ZOO_1_4\34_20210115 (2002).JPG;0
\humanovehiculo\HUMANORVEHICLE_ZOO_5_6_7_9\25_20210615 (1).JPG;1
\jabali\WILDBOAR_ZOO_5_6_7_9\20_20210219 (1128) (2021_04_15 06_16_22 UTC).JPG;1
\humanovehiculo\humanovehiculo_PNC_2014_manuel\c15098IMAG0571.JPG;1
\cervidae\ciervo_vacías_humanos_PNC_2012_ME\a2174IM000164.JPG;1
\gato_domestico\gato_WellingtonCameraTraps_SS\240816075556001a1113.JPG;1
\cervidae\ciervo_vacías_humanos_PNC_2012_ME\a44301IMAG0085.JPG;1
\ave\ave_PNC_2013-O_RED_ISAAC\b4661IMAG0548.JPG;1
\cervidae\ciervo_vacías_humanos_PNC_2012_ME\a35010IMAG0128.JPG;1
\gato_domestico\cat_CaltechCameraTrap\59b13229-23d2-11e8-a6a3-ec086b02610b.jpg;1
\caballo\HORSE_ZOO_1_4\15_20210117 (1523).JPG;1
\vacia\empty_SnapshotMountainZebra\MTZ_S1_D06_R1_IMAG2215.JPG;0
\vacia\vacia_alumno_2_2_TH_JC\27_20201023 (7199).JPG;0
\vacia\NOANIMAL_ZOO_5_6_7_9\49_20210418 (894).JPG;0
\humanovehiculo\humanovehiculo_PNC_2014_manuel\c30464IM000004.JPG;1
\vacia\empty_SnapshotMountainZebra\MTZ_S1_G04_R3_IMAG2088.JPG;0
\leporido\rabbit_CaltechCameraTrap_ME\58a6e763-23d2-11e8-a6a3-ec086b02610b.jpg;1
\jabali\jabali_PNM_2013-O_ISAAC\f14557IMAG0481.JPG;1
\jabali\jabali_PNC_2013-I_RED_ME\8632IMAG0172.JPG;1
\cervidae\CERVIDREDORFALLOWDEER_ZOO_5_6_7_9\1_20210618 (1834).JPG;1
\leporido\conejo_WellingtonCameraTraps_SS\291215071436016a1161.JPG;1
\cervidae\ciervo_PNC_2014_ISAAC\c28517IM000019.JPG;1
\gato_domestico\gato_WellingtonCameraTraps_SS\26091509312602859191.JPG;1
\jabali\WILDBOAR_ZOO_1_4\24_20201117 (184).JPG;1
\jabali\WILDBOAR_ZOO_1_4\37_20201116 (7858).JPG;1
\gato_domestico\gato_WellingtonCameraTraps_SS\170416005350017b7514.JPG;1
\vacia\NOANIMAL_ZOO_5_6_7_9\24_20210318 (4390).JPG;0
\vacia\NOANIMAL_ZOO_1_4\26_20201020 (15358).JPG;0
\vacia\vacias_PNM_2013-O_ISAAC\f26671IMAG0148.JPG;0
\cervidae\CERVIDREDORFALLOWDEER_ZOO_5_6_7_9\5_20210219 (343) (2021_04_15 06_16_22 UTC).JPG;1
\lince\Lince_b_Linces2_Leo_JC\lince210 (3).JPG;1
\meloncillo\Meloncillo_PEPE_IREC_JC\IMAG0130.JPG;1
\vacia\NOANIMAL_ZOO_5_6_7_9\25_20210417 (10480).JPG;0
\vaca\COW_ZOO_5_6_7_9\9_20210615 (1132).JPG;1
\vacia\NOANIMAL_ZOO_1_4\6_20201812 (10287).JPG;0
\zorro\zorro_PNM_2012_ME\d13366IMAG0022.JPG;1
\vaca\2_vaca_Paco_Carro_JC\PICT0029.JPG;1
\cervidae\CERVIDREDORFALLOWDEER_ZOO_5_6_7_9\28_20210615 (822).JPG;1
\cervidae\ciervo_PNC_2013-O_RED_ISAAC\b7042FILE0186.JPG;1
\tejon\Tejon_PEPE_IREC_JC\IMAG0486.JPG;1
\caballo\caballos_simone\4_20201220 (7417).JPG;1
\ave\ave_Soraya_Padilla_Alumno_1_TH\IMAG0406_frame160.jpg;1
\zorro\zorro_PNM_2012_ISAAC\d14008FILE0002.JPG;1
\vacia\NOANIMAL_ZOO_1_4\34_20210115 (2823).JPG;0
\cervidae\CERVIDREDORFALLOWDEER_ZOO_5_6_7_9\35_20210318 (1545).JPG;1
\vacia\vacias_PNM_2012_ME\d216IM000104.JPG;0
\vacia\NOANIMAL_ZOO_5_6_7_9\50_20210408 (8552).JPG;0
\vaca\COW_ZOO_5_6_7_9\9_20210615 (1432).JPG;1
\zorro\REDFOX_ZOO_5_6_7_9\20_20210319 (1243).JPG;1
\jabali\WILDBOAR_ZOO_1_4\34_20201024 (2965).JPG;1
\vacia\NOANIMAL_ZOO_5_6_7_9\38_20210219 (1233) (2021_04_15 06_16_22 UTC).JPG;0
\jabali\WILDBOAR_ZOO_1_4\20_20210115 (910).JPG;1
\cervidae\CERVIDREDORFALLOWDEER_ZOO_5_6_7_9\18_20210219 (8449) (2021_04_15 06_16_22 UTC).JPG;1
\cervidae\CERVIDREDORFALLOWDEER_ZOO_1_4\29_20201117 (662).JPG;1
\zorro\Zorro_Pepe_IREC\Zorro_Pepe_Irec_ME\IMAG0177_(11).JPG;1
\gato_domestico\gato_WellingtonCameraTraps_SS\1407151301000835S082.JPG;1
\ave\bird_CaltechCameraTrap\589cb36f-23d2-11e8-a6a3-ec086b02610b.jpg;1
\cervidae\CERVIDREDORFALLOWDEER_ZOO_5_6_7_9\5_20210319 (1285).JPG;1
\vacia\NOANIMAL_ZOO_5_6_7_9\50_20210417 (21861).JPG;0
\vacia\empty_IslandConservationCameraTraps\ecuador1_ic1611_20150101_000003_img_1244.jpg;0
\vacia\vacias_PNC_2014_ISAAC\c3600IMAG0049.JPG;0
\cervidae\ciervo_vacías_humanos_PNC_2012_ME\a20035IM000163.JPG;1
\humanovehiculo\humanovehiculo_Caltech\59518ead-23d2-11e8-a6a3-ec086b02610b.jpg;1
\cervidae\CERVIDREDORFALLOWDEER_ZOO_5_6_7_9\10_20210417 (217).JPG;1
\vacia\empty_IslandConservationCameraTraps\dominicanrepublic_cam0526julio2015_20150624_132136_sunp0071.jpg;0
\vacia\empty_IslandConservationCameraTraps\dominicanrepublic_cam1425abril2015_20150420_124848_img_2034.jpg;0
\vaca\Vaca_4_ME_rev_1_donana\15_20201024 (7712).JPG;1
\vacia\vacia_Paco_Carro_JC\IMG_0031.JPG;0
\gato_domestico\cat_CaltechCameraTrap\58d47ef5-23d2-11e8-a6a3-ec086b02610b.jpg;1
\cervidae\ciervo_PNC_2014_ISAAC\c13713IMAG0178.JPG;1
\cervidae\ciervo_simone_2\36_20201019 (2440).JPG;1
\vacia\vacia_Paco_Carro_JC\01130185.JPG;0
\vacia\empty_IslandConservationCameraTraps\dominicanrepublic_cam2015abril2015_20150416_162121_img_5851.jpg;0
\cervidae\ciervo_PNC_2013-I_RED_ME\3138IMAG0044.JPG;1
\leporido\rabbit_IslandConservationCameraTraps\chile_frances012013_01012013173055.jpg;1
\vacia\empty_IslandConservationCameraTraps\dominicanrepublic_cam0425abril2015_20130808_045958_sunp1233.jpg;0
\vacia\NOANIMAL_ZOO_1_4\26_20201020 (17581).JPG;0
\jabali\WILDBOAR_ZOO_1_4\37_20201215 (2701).JPG;1
\vacia\NOANIMAL_ZOO_5_6_7_9\22_20210417 (10020).JPG;0
\vacia\empty_SnapshotMountainZebra\MTZ_S1_D07_R1_IMAG1798.JPG;0
\cervidae\ciervo_alumno_AM_2\39_20201019 (399).JPG;1
\cervidae\ciervo_PNC_2013-O_RED_ISAAC\b17198IM000023.JPG;1
\jabali\jabali_alumno_2_TH\29_20201023 (571).JPG;1
\garduna\2GARDUÑA_PNM_2012_ISAAC\d6938IM000440.JPG;1
\cervidae\CERVIDREDORFALLOWDEER_ZOO_1_4\21_20201025 (2788).JPG;1
\lince\Lince_a_Linces2_Leo_JC\lince102 (117).JPG;1
\cervidae\CERVIDREDORFALLOWDEER_ZOO_5_6_7_9\22_20210219 (2276) (2021_04_15 06_16_22 UTC).JPG;1
\ave\yellow-crowned_night_heron_IslandConservationCameraTraps\puertorico_25_20150101_193605_img_0250.jpg;1
\humanovehiculo\humanovehiculo_PNC_2014_manuel\c6540IM000181.JPG;1
\vacia\NOANIMAL_ZOO_5_6_7_9\2_20210417 (3643).JPG;0
\vacia\empty_SnapshotMountainZebra\MTZ_S1_C06_R3_IMAG2525.JPG;0
\vaca\COW_ZOO_5_6_7_9\2_20210417 (1294).JPG;1
\cervidae\CERVIDREDORFALLOWDEER_ZOO_5_6_7_9\42_20210618 (167).JPG;1
\vacia\vacias_PNC_2014_ISAAC\c20975IM000756.JPG;0
\vacia\empty_IslandConservationCameraTraps\dominicanrepublic_cam1826julio2015_20150708_112155_img_1655.jpg;0
\vaca\cow_CaltechCameraTrap\58ac0ef0-23d2-11e8-a6a3-ec086b02610b.jpg;1
\ave\3_ave_Soraya_Padilla_Alumno_1_TH\STC_0482_frame020.jpg;1
\vacia\NOANIMAL_ZOO_1_4\18_unknowndate (1193).JPG;0
\leporido\conejo_Paco_Carro_JC\PICT0630 (2).JPG;1
\vacia\NOANIMAL_ZOO_5_6_7_9\47_20210615 (1074).JPG;0
\vacia\NOANIMAL_ZOO_5_6_7_9\5_20210219 (1584) (2021_04_15 06_16_22 UTC).JPG;0
\tejon\tejon_PNC_2014_manuel\c23409IM000033.JPG;1
\ave\raven_IslandConservationCameraTraps\dominicanrepublic_cam11618mayo2017b_20170116_114720_img_0064.jpg;1
\tejon\EUROPEANBADGER_ZOO_5_6_7_9\47_20210615 (362).JPG;1
\cervidae\ciervo_vacías_humanos_PNC_2012_ME\a2088IM000083.JPG;1
\ave\ave_Soraya_Padilla_Alumno_1_TH\STC_0053_frame040.jpg;1
\leporido\rabbit_CaltechCameraTrap_ME\585a624a-23d2-11e8-a6a3-ec086b02610b.jpg;1
\lince\Lince_a_Linces2_Leo_JC\lince70 (171).JPG;1
\leporido\conejo_Paco_Carro_JC\PICT2416.JPG;1
\cervidae\ciervo_PNC_2014_ISAAC\c23316IM000047.JPG;1
\leporido\Lagomorpha1__diego_1_rev_donana\6_20201023 (3226).JPG;1
\vacia\vacias_PNM_2013-O_ISAAC\f2736IMAG0517.JPG;0
\ave\ave_Soraya_Padilla_Alumno_1_TH\STC_0049_frame170.jpg;1
\vaca\COW_ZOO_1_4\15_20201117 (1348).JPG;1
\vaca\COW_ZOO_1_4\21_20201025 (965).JPG;1
\ave\ave_ave_WellingtonCameraTraps_SS\100716114722043a7512.JPG;1
\jabali\jabali_PNC_2014_manuel\c11485IMAG0253.JPG;1
\jabali\2_jabali_alumno_2_AM_JC\DSCF0148_frame100.jpg;1
\vacia\vacia_javi_2_JC\27_20201023 (1065).JPG;0
\vacia\NOANIMAL_ZOO_5_6_7_9\2_20210417 (15018).JPG;0
\caballo\HORSE_ZOO_1_4\15_20210117 (13242).JPG;1
\humanovehiculo\humano_vehiculo_PNM_2013-O_ISAAC\f14573IMAG0497.JPG;1
\leporido\conejo_alumno_TH_3_TH_JC\6_20201023 (2616).JPG;1
\leporido\conejo_WellingtonCameraTraps_SS\040216152944002c8233.JPG;1
\lince\Lince_b_Linces2_Leo_JC\lince224 (96).jpg;1
\caballo\HORSE_ZOO_1_4\15_20210117 (5388).JPG;1
\lince\Lince_b_Linces2_Leo_JC\lince184 (7).JPG;1
\leporido\Lagomorpha1__diego_2_rev_donana\6_20201023 (2762).JPG;1
\vacia\vacia_alumno_AM_2\18_20201024 (111).JPG;0
\vacia\empty_IslandConservationCameraTraps\dominicanrepublic_cam1725abril2015_20150416_084811_img_0629.jpg;0
\vacia\NOANIMAL_ZOO_1_4\21_20201217 (2625).JPG;0
\vacia\NOANIMAL_ZOO_1_4\6_20201812 (14869).JPG;0
\jabali\WILDBOAR_ZOO_1_4\37_20201116 (5160).JPG;1
\ave\OTHERSPECIES_ZOO_1_4\28_20201019 (58).JPG;1
\perro\perros_ME_CASA\IMG_0004.JPG;1
\vacia\NOANIMAL_ZOO_5_6_7_9\50_20210417 (22367).JPG;0
\zorro\zorro_PNC_2012_JC\a37016IM000116.JPG;1
\humanovehiculo\humanovehiculo_vacías_humanos_PNC_2012_ME\a33160IM000095.JPG;1
\gato_domestico\gato_WellingtonCameraTraps_SS\300116071136021bs111.JPG;1
\zorro\Zorro_Pepe_IREC\Zorro_Pepe_Irec_ME\IMAG0016.JPG;1
\cervidae\CERVIDREDORFALLOWDEER_ZOO_1_4\22_20201218 (226).JPG;1
\vacia\NOANIMAL_ZOO_5_6_7_9\24_20210318 (7138).JPG;0
\vacia\NOANIMAL_ZOO_5_6_7_9\41_20210218 (642) (2021_04_15 06_16_22 UTC).JPG;0
\vacia\NOANIMAL_ZOO_5_6_7_9\24_20210418 (8752).JPG;0
\vacia\empty_SnapshotMountainZebra\MTZ_S1_D07_R1_IMAG1468.JPG;0
\cervidae\Ciervo_PNC_2012_JC\a13528IM000142.JPG;1
\vacia\empty_SnapshotMountainZebra\MTZ_S1_E06_R3_IMAG0276.JPG;0
\ave\rooster_IslandConservationCameraTraps\palau_cam02a12132018_20180920_094250_rcnx0556.jpg;1
\leporido\rabbit_IslandConservationCameraTraps\chile_frances022013_2504201392910.jpg;1
\caballo\HORSE_ZOO_1_4\10_20201218 (3505).JPG;1
\zorro\zorro_PNM_2013-I_ME\e378IM000045.JPG;1
\zorro\zorro_PNM_2012_ME\d15122IM000050.JPG;1
\humanovehiculo\car_CaltechCameraTrap_ME\vehiculo\589b0146-23d2-11e8-a6a3-ec086b02610b.jpg;1
\perro\dog_caltechCameraTraps\599d7ea6-23d2-11e8-a6a3-ec086b02610b.jpg;1
\jabali\WILDBOAR_ZOO_1_4\37_20201116 (14437).JPG;1
\vacia\vacia_alumno_AM_2\30_20201021 (1233).JPG;0
\cervidae\2_ciervo_simone_2\37_20201024 (8610).JPG;1
\leporido\conejo_WellingtonCameraTraps_SS\2706150748520842S172.JPG;1
\zorro\zorro_PNC_2014_manuel\c17970IMAG0022.JPG;1
\humanovehiculo\humanovehiculo_PNC_2013-O_RED_ISAAC\b15662IM000007.JPG;1
\leporido\conejo_Paco_Carro_JC\PICT0760.JPG;1
\vaca\COW_ZOO_5_6_7_9\21_20210418 (1375).JPG;1
\micromamiferos\Small rodent_mammalWeb\21762.jpg;1
\vacia\vacias_1_de_2_PNC_2012_ISAAC\a39414IMAG1168.JPG;0
\vacia\NOANIMAL_ZOO_1_4\6_20201812 (9186).JPG;0
\vacia\vacia_Paco_Carro_JC\IMG_0460 (2).JPG;0
\lince\Lince_a_Linces2_Leo_JC\lince124 (6).JPG;1
\vaca\COW_ZOO_1_4\15_20201024 (7543).JPG;1
\cervidae\CERVIDREDORFALLOWDEER_ZOO_1_4\21_20201025 (3881).JPG;1
\humanovehiculo\HUMANORVEHICLE_ZOO_5_6_7_9\38_20210319 (3).JPG;1
\humanovehiculo\humanovehiculo_vacías_humanos_PNC_2012_ME\a10850IM000018.JPG;1
\vacia\NOANIMAL_ZOO_1_4\7_20210115 (2317).JPG;0
\caballo\caballos_alumno_AM\caballos_alumno_AM\2_20201215 (3861).JPG;1
\vacia\NOANIMAL_ZOO_5_6_7_9\50_20210408 (19121).JPG;0
\jabali\WILDBOAR_ZOO_1_4\33_20201217 (492).JPG;1
\cervidae\CERVIDREDORFALLOWDEER_ZOO_5_6_7_9\5_20210417 (1381).JPG;1
\vacia\vacias_2_de_2_PNC_2012_ISAAC\a8153IM000097.JPG;0
\cervidae\cervidae_buscar_cab_isaac_sin_contar\2_20201117 (659).JPG;1
\lince\Lince_b_Linces2_Leo_JC\lince230 (107).JPG;1
\vacia\vacia_Soraya_Padilla_Alumno_1_TH\DSCF0057_frame220.jpg;0
\vacia\NOANIMAL_ZOO_1_4\43_20201217 (1580).JPG;0
\zorro\zorro_PNM_2012_ME\d13804IM000106.JPG;1
\zorro\zorro_PNC_2012_JC\a4033IM000032.JPG;1
\vacia\vacia_alumno_1_TH\Capcap 28_frame140.jpg;0
\vacia\vacias_2_de_2_PNC_2012_ISAAC\a5621IM000430.JPG;0
\leporido\rabbit_IslandConservationCameraTraps\chile_frances012013_29122012144719.jpg;1
\cervidae\Ciervo_Leo_Otra_fauna_PASADA_POR_LA_RED_JC\Otrafauna (1417).JPG;1
\leporido\rabbit_CaltechCameraTrap_ME\59180b26-23d2-11e8-a6a3-ec086b02610b.jpg;1
\zorro\zorro_PNM_2013-O_ISAAC\f1891IM000084.JPG;1
\jabali\WILDBOAR_ZOO_1_4\33_20201120 (550).JPG;1
\ave\ave_ave_WellingtonCameraTraps_SS\010116115142051aS091.JPG;1
\vacia\NOANIMAL_ZOO_5_6_7_9\50_20210417 (20377).JPG;0
\ave\ave_ave_WellingtonCameraTraps_SS\030216131048011cs392.JPG;1
\vacia\empty_SnapshotMountainZebra\MTZ_S1_D07_R1_IMAG0400.JPG;0
\vacia\NOANIMAL_ZOO_5_6_7_9\25_20210417 (8881).JPG;0
\vacia\empty_IslandConservationCameraTraps\micronesia_cam04april2019_20190414_184503_rcnx0078.jpg;0
\cervidae\ciervo_vacías_humanos_PNC_2012_ME\a23624IM000079.JPG;1
\gato_domestico\gato_WellingtonCameraTraps_SS\1105150638000842S171.JPG;1
\leporido\rabbit_IslandConservationCameraTraps\chile_frances012013_06012013133601.jpg;1
\vacia\NOANIMAL_ZOO_5_6_7_9\18_20210417 (9143).JPG;0
\garduna\garduna_PNM_2013-O_ME\f21437IM000140.JPG;1
\cervidae\ciervo_PNC_2013-I_RED_ME\7470IM000047.JPG;1
\vacia\vacias_1_de_2_PNC_2012_ISAAC\a44054IM000866.JPG;0
\cervidae\CERVIDREDORFALLOWDEER_ZOO_1_4\15_20210117 (6986).JPG;1
\garduna\Garduna_PNM_2013-0_ME\f12720IM000120.JPG;1
\vacia\NOANIMAL_ZOO_5_6_7_9\11_20210318 (749).JPG;0
\cervidae\4_ciervo_simone_2\34_20201024 (5585).JPG;1
\vacia\NOANIMAL_ZOO_5_6_7_9\11_20210418 (1769).JPG;0
\gato_domestico\cat_CaltechCameraTrap\5900a216-23d2-11e8-a6a3-ec086b02610b.jpg;1
\vacia\NOANIMAL_ZOO_5_6_7_9\28_20210318 (124).JPG;0
\ave\ave_PNM_2012_ME\d11290IM000060.JPG;1
\vacia\NOANIMAL_ZOO_5_6_7_9\13_20210218 (1300) (2021_04_15 06_16_22 UTC).JPG;0
\leporido\conejo_Paco_Carro_JC\PICT0056.JPG;1
\humanovehiculo\humanovehiculo_vacías_humanos_PNC_2012_ME\a49468IM000011.JPG;1
\cervidae\cervidae_buscar_cab_isaac_sin_contar\17_20201611 (392).JPG;1
\vacia\NOANIMAL_ZOO_5_6_7_9\25_20210417 (8846).JPG;0
\leporido\LEPORIDRABBITORHARE_ZOO_1_4\6_20201023 (2200).JPG;1
\vacia\empty_IslandConservationCameraTraps\dominicanrepublic_cam0520octubre2015_20130826_094025_sunp0044.jpg;0
\vacia\empty_caltechCameraTraps\5981794c-23d2-11e8-a6a3-ec086b02610b.jpg;0
\cervidae\3_ciervo_Javi_3_JC\21_20201025 (472).JPG;1
\jabali\WILDBOAR_ZOO_1_4\15_20210117 (207).JPG;1
\humanovehiculo\humanovehiculo_leo_donana\0008294.JPG;1
\vacia\empty_SnapshotMountainZebra\MTZ_S1_G04_R3_IMAG2089.JPG;0
\leporido\rabbit_CaltechCameraTrap_ME\585a6583-23d2-11e8-a6a3-ec086b02610b.jpg;1
\cervidae\deer_CaltechCameraTrap\59fae62a-23d2-11e8-a6a3-ec086b02610b.jpg;1
\jabali\jabali_PNC_2014_manuel\c29512IM000140.JPG;1
\humanovehiculo\humanovehiculo_PNC_2014_manuel\c14961IMAG0426.JPG;1
\caballo\HORSE_ZOO_1_4\15_20201215 (6414).JPG;1
\vacia\NOANIMAL_ZOO_1_4\6_20201116 (4309).JPG;0
\cervidae\CERVIDREDORFALLOWDEER_ZOO_1_4\2_20201215 (6634).JPG;1
\lince\Lince_a_Linces2_Leo_JC\lince130 (207).JPG;1
\cervidae\CERVIDREDORFALLOWDEER_ZOO_5_6_7_9\8_20210219 (797) (2021_04_15 06_16_22 UTC).JPG;1
\vacia\empty_IslandConservationCameraTraps\dominicanrepublic_cam1825abril2015_20150406_130932_img_0026.jpg;0
\vacia\SnampshotEnonkishu\ENO_S1_D03_R1_IMAG3426.JPG;0
\vacia\NOANIMAL_ZOO_5_6_7_9\50_20210408 (23522).JPG;0
\ave\ave_ave_WellingtonCameraTraps_SS\040116153936014c5901.JPG;1
\vacia\NOANIMAL_ZOO_5_6_7_9\25_20210417 (8727).JPG;0
\cervidae\CERVIDREDORFALLOWDEER_ZOO_5_6_7_9\28_20210615 (3367).JPG;1
\vacia\empty_IslandConservationCameraTraps\dominicanrepublic_cam2015abril2015_20150410_165140_img_4758.jpg;0
\vacia\empty_SnapshotMountainZebra\MTZ_S1_D05_R1_IMAG2613.JPG;0
\cervidae\ciervo_PNC_2014_ISAAC\c19403IMAG0166.JPG;1
\gato_domestico\gato_WellingtonCameraTraps_SS\0306150622440359L101.JPG;1
\vacia\NOANIMAL_ZOO_5_6_7_9\28_20210318 (15479).JPG;0
\cervidae\2_ciervo_simone_2\37_20201024 (10760).JPG;1
\jabali\WILDBOAR_ZOO_1_4\43_20201118 (885).JPG;1
\vacia\empty_IslandConservationCameraTraps\dominicanrepublic_cam0601noviembre2015_20151029_081206_sunp0695.jpg;0
\zorro\zorro_PNM_2012_ISAAC\d13836IM000015.JPG;1
\vacia\vacia_javi_2_JC\27_20201023 (8307).JPG;0
\leporido\rabbit_IslandConservationCameraTraps\chile_frances012013_20122012115254.jpg;1
\vacia\empty_caltechCameraTraps\59973fb8-23d2-11e8-a6a3-ec086b02610b.jpg;0
\cervidae\CERVIDREDORFALLOWDEER_ZOO_5_6_7_9\17_20210218 (162) (2021_04_15 06_16_22 UTC).JPG;1
\vacia\empty_IslandConservationCameraTraps\dominicanrepublic_cam0725abril2015a_20130813_080604_sunp5341.jpg;0
\garduna\garduna_PNM_2013-I_ME\e517IM000021.JPG;1
\vacia\NOANIMAL_ZOO_1_4\40_20201117 (1103).JPG;0
\cervidae\deer_CaltechCameraTrap\58ff0eff-23d2-11e8-a6a3-ec086b02610b.jpg;1
\gato_domestico\gato_WellingtonCameraTraps_SS\140216200942011bs123.JPG;1
\vacia\NOANIMAL_ZOO_5_6_7_9\37_20210220 (638) (2021_04_15 06_16_22 UTC).JPG;0
\cervidae\2_ciervo_PNC_2013-I_ME\3361IM000042.JPG;1
\cervidae\CERVIDREDORFALLOWDEER_ZOO_1_4\29_20201023 (762).JPG;1
\vacia\empty_caltechCameraTraps\59973f2b-23d2-11e8-a6a3-ec086b02610b.jpg;0
\cervidae\CERVIDREDORFALLOWDEER_ZOO_5_6_7_9\1_20210417 (174).JPG;1
\vaca\Vaca1_diego_1_rev_donana\30_20201021 (13689).JPG;1
\jabali\2_jabali_alumno_2_AM_JC\vlcsnap-2019-10-25-23h19m26s492.png;1
\humanovehiculo\humanovehiculo_PNC_2014_manuel\c9701IM000004.JPG;1
\lince\Lince_b_Linces2_Leo_JC\lince169 (153).JPG;1
\vacia\empty_IslandConservationCameraTraps\puertorico_17b_20150330_125642_img_0360.jpg;0
\caballo\HORSE_ZOO_1_4\15_20210117 (2397).JPG;1
\vaca\COW_ZOO_5_6_7_9\21_20210318 (14079).JPG;1
\vacia\vacias_PNC_2014_ISAAC\c400IM000001.JPG;0
\meloncillo\meloncillo_PNM_2013-O_ME\f10929IM000048.JPG;1
\leporido\rabbit_IslandConservationCameraTraps\chile_frances022013_01052013104746.jpg;1
\vacia\empty_IslandConservationCameraTraps\dominicanrepublic_cam1826junio2015_20150505_075543_img_1346.jpg;0
\zorro\Zorro_PNC_2014_JC\c7548IM000032.JPG;1
\cervidae\CERVIDREDORFALLOWDEER_ZOO_5_6_7_9\28_20210615 (2049).JPG;1
\cervidae\ciervo_Javi_3_JC\7_20201025 (319).JPG;1
\vacia\empty_caltechCameraTraps\5957c17b-23d2-11e8-a6a3-ec086b02610b.jpg;0
\cervidae\CERVIDREDORFALLOWDEER_ZOO_5_6_7_9\37_20210220 (107) (2021_04_15 06_16_22 UTC).JPG;1
\humanovehiculo\humano_vehiculo_PNM_2012_ISAAC\d15245IM000003.JPG;1
\jabali\WILDBOAR_ZOO_1_4\37_20201116 (16211).JPG;1
\zorro\zorro_vacías_humanos_PNC_2012_ME\a34940IMAG0061.JPG;1
\vacia\vacia_alumno_TH_3_TH_JC\30_20201021 (14098).JPG;0
\micromamiferos\rodent_CaltechCameraTrap_JC\Roedor_ rodent_CaltechCameraTrap_JC\5987b48b-23d2-11e8-a6a3-ec086b02610b.jpg;1
\vacia\NOANIMAL_ZOO_5_6_7_9\2_20210417 (11936).JPG;0
\cervidae\2_ciervo_Javi_3_JC\21_20201025 (1736).JPG;1
\leporido\rabbit_IslandConservationCameraTraps\chile_frances022013_2204201385400.jpg;1
\gato_domestico\gato_WellingtonCameraTraps_SS\120816100626045a7353.JPG;1
\leporido\conejo_leo_donana\0000936.JPG;1
\vacia\vacias_PNM_2013-O_ISAAC\f16899IMAG0880.JPG;0
\humanovehiculo\HUMANORVEHICLE_ZOO_1_4\18_20201024 (6).JPG;1
\vacia\NOANIMAL_ZOO_1_4\7_20210115 (1943).JPG;0
\cervidae\CERVIDREDORFALLOWDEER_ZOO_5_6_7_9\20_20210618 (3175).JPG;1
\vacia\empty_IslandConservationCameraTraps\ecuador1_ic1611_20150101_000001_img_1258.jpg;0
\cervidae\CERVIDREDORFALLOWDEER_ZOO_5_6_7_9\39_20210318 (50).JPG;1
\mapache\raccoon_CaltechCameraTrap_ME\5a130830-23d2-11e8-a6a3-ec086b02610b.jpg;1
\jabali\WILDBOAR_ZOO_1_4\7_20201118 (1978).JPG;1
\leporido\rabbit_CaltechCameraTrap_ME\59452d2d-23d2-11e8-a6a3-ec086b02610b.jpg;1
\cervidae\CERVIDREDORFALLOWDEER_ZOO_1_4\9_20201025 (100).JPG;1
\leporido\conejo_Paco_Carro_JC\PICT0754.JPG;1
\vaca\COW_ZOO_5_6_7_9\21_20210418 (1434).JPG;1
\vacia\empty_IslandConservationCameraTraps\dominicanrepublic_cam1425abril2015_20150419_133744_img_1862.jpg;0
\humanovehiculo\car_CaltechCameraTrap_ME\vehiculo\58782a26-23d2-11e8-a6a3-ec086b02610b.jpg;1
\vacia\vacia_alumno_1_TH\Nada (47)_frame140.jpg;0
\zorro\Zorro_PNC_2014_JC\c23279IM000008.JPG;1
\leporido\conejo_Paco_Carro_JC\PICT0002.JPG;1
\vacia\empty_IslandConservationCameraTraps\dominicanrepublic_cam1425abril2015_20150423_123004_img_2294.jpg;0
\vacia\NOANIMAL_ZOO_5_6_7_9\5_20210319 (1703).JPG;0
\cervidae\deer_CaltechCameraTrap\59782ecf-23d2-11e8-a6a3-ec086b02610b.jpg;1
\ave\ave_PNC_2013-O_RED_ISAAC\b4361IMAG0230.JPG;1
\cervidae\CERVIDREDORFALLOWDEER_ZOO_1_4\15_20210117 (9803).JPG;1
\lince\Lince_a_Linces2_Leo_JC\lince103 (125).JPG;1
\jabali\WILDBOAR_ZOO_1_4\37_20201116 (10226).JPG;1
\lince\Lince_b_Linces2_Leo_JC\lince146 (23).JPG;1
\vacia\NOANIMAL_ZOO_1_4\34_20210115 (3838).JPG;0
\vacia\NOANIMAL_ZOO_1_4\6_20201116 (5170).JPG;0
\vacia\empty_IslandConservationCameraTraps\dominicanrepublic_cam0520octubre2015_20130826_100923_sunp0059.jpg;0
\vacia\NOANIMAL_ZOO_5_6_7_9\24_20210418 (17680).JPG;0
\gato_domestico\gato_WellingtonCameraTraps_SS\0205151000000237S061.JPG;1
\tejon\EUROPEANBADGER_ZOO_1_4\11_20210114 (280).JPG;1
\zorro\zorro_PNM_2012_ME\d15778IMAG0034.JPG;1
\lince\Lince_a_Linces2_Leo_JC\lince70 (170).JPG;1
\leporido\rabbit_IslandConservationCameraTraps\chile_frances012013_01012013204950.jpg;1
\jabali\Jabalí_PNC_2013-O_ME\b18068IM000106.JPG;1
\vacia\NOANIMAL_ZOO_1_4\13_20201219 (726).JPG;0
\cervidae\CERVIDREDORFALLOWDEER_ZOO_5_6_7_9\28_20210615 (5363).JPG;1
\vacia\NOANIMAL_ZOO_1_4\34_20210115 (3632).JPG;0
\micromamiferos\micromamiferos_Paco_Carro_JC\IMG_0598.JPG;1
\vacia\vacia_Paco_Carro_JC\IMG_0196 (2).JPG;0
\jabali\WILDBOAR_ZOO_5_6_7_9\41_20210218 (287) (2021_04_15 06_16_22 UTC).JPG;1
\vaca\COW_ZOO_5_6_7_9\39_20210417 (1880).JPG;1
\vacia\empty_SnapshotMountainZebra\MTZ_S1_D07_R1_IMAG0131.JPG;0
\caballo\caballos_alumno_AM\caballos_alumno_AM\28_20201117 (572).JPG;1
\cervidae\CERVIDREDORFALLOWDEER_ZOO_5_6_7_9\10_20210319 (12196).JPG;1
\vacia\vacia_alumno_1_TH\Nada (5)_frame080.jpg;0
\caballo\HORSE_ZOO_1_4\10_20201117 (5406).JPG;1
\cervidae\CERVIDREDORFALLOWDEER_ZOO_1_4\28_20201019 (2712).JPG;1
\zorro\zorro_PNC_2013-I_ME\3862IM000384.JPG;1
\humanovehiculo\humanovehiculo_leo_donana\0010064.JPG;1
\ave\Blackbird_mammalWeb\117798.jpg;1
\jabali\WILDBOAR_ZOO_1_4\37_20201116 (2563).JPG;1
\humanovehiculo\humanovehiculo_leo_donana\0003339.JPG;1
\lince\Lince_b_Linces2_Leo_JC\lince216 (140).jpg;1
\cervidae\CERVIDREDORFALLOWDEER_ZOO_5_6_7_9\15_20210219 (274) (2021_04_15 06_16_22 UTC).JPG;1
\vacia\empty_SnapshotMountainZebra\MTZ_S1_D05_R1_IMAG1557.JPG;0
\vacia\NOANIMAL_ZOO_5_6_7_9\24_20210418 (2760).JPG;0
\vacia\NOANIMAL_ZOO_5_6_7_9\25_20210417 (3898).JPG;0
\jabali\WILDBOAR_ZOO_1_4\37_20201116 (8596).JPG;1
\cervidae\ciervo_vacías_humanos_PNC_2012_ME\a18455IM000070.JPG;1
\humanovehiculo\humanovehiculo_PNC_2014_manuel\c23386IM000009.JPG;1
\cervidae\CERVIDREDORFALLOWDEER_ZOO_5_6_7_9\18_20210219 (2495) (2021_04_15 06_16_22 UTC).JPG;1
\ave\ave_Soraya_Padilla_Alumno_1_TH\DSCF0004_frame060.jpg;1
\vacia\empty_IslandConservationCameraTraps\dominicanrepublic_cam2015abril2015_20150423_155534_img_6616.jpg;0
\cervidae\ciervo_PNC_2013-O_RED_ISAAC\b15927IM000161.JPG;1
\vacia\vacia_Paco_Carro_JC\IMG_0318.JPG;0
\lince\Lince_b_Linces2_Leo_JC\lince168 (79).JPG;1
\vacia\NOANIMAL_ZOO_5_6_7_9\32_20210615 (5348).JPG;0
\vacia\NOANIMAL_ZOO_5_6_7_9\39_20210615 (3631).JPG;0
\cervidae\cervidae_ME_rev_2_donana\37_20201024 (811).JPG;1
\cervidae\CERVIDREDORFALLOWDEER_ZOO_5_6_7_9\47_20210418 (1613).JPG;1
\cervidae\CERVIDREDORFALLOWDEER_ZOO_5_6_7_9\15_20210219 (2678) (2021_04_15 06_16_22 UTC).JPG;1
\cervidae\CERVIDREDORFALLOWDEER_ZOO_1_4\21_20201025 (3997).JPG;1
\vacia\NOANIMAL_ZOO_5_6_7_9\50_20210408 (2284).JPG;0
\cervidae\deer_CaltechCameraTrap\598c5c50-23d2-11e8-a6a3-ec086b02610b.jpg;1
\lince\Lince_a_Linces2_Leo_JC\lince86 (62).JPG;1
\humanovehiculo\car_CaltechCameraTrap_ME\vehiculo\59d8ebc1-23d2-11e8-a6a3-ec086b02610b.jpg;1
\lince\Lince_a_Linces2_Leo_JC\lince94 (131).JPG;1
\lince\Lince_a_Linces2_Leo_JC\lince122 (89).JPG;1
\cervidae\deer_CaltechCameraTrap\59f12982-23d2-11e8-a6a3-ec086b02610b.jpg;1
\cervidae\CERVIDREDORFALLOWDEER_ZOO_1_4\36_20210115 (844).JPG;1
\lince\Lince_a_Linces2_Leo_JC\lince86 (10).JPG;1
\vacia\empty_IslandConservationCameraTraps\dominicanrepublic_cam0526julio2015_20150624_141059_sunp0206.jpg;0
\vacia\vacias_2_de_2_PNC_2012_ISAAC\a1041IM000012.JPG;0
\jabali\WILDBOAR_ZOO_1_4\29_20201023 (285).JPG;1
\vacia\NOANIMAL_ZOO_5_6_7_9\50_20210417 (21793).JPG;0
\vacia\vacias_1_de_2_PNC_2012_ISAAC\a42646IM000847.JPG;0
\zorro\fox_CaltechCameraTrap_ME\59e440cd-23d2-11e8-a6a3-ec086b02610b.jpg;1
\cervidae\2_ciervo_Javi_3_JC\21_20201025 (5100).JPG;1
\lince\Lince_b_Linces2_Leo_JC\lince230 (116).JPG;1
\cervidae\4_Ciervos_PNC2012_JC\a33199IM000025.JPG;1
\gato_domestico\cat_IslandConservationCameraTraps\puertorico_19_20141210_065344_img_0123.jpg;1
\jabali\JABALI_PNM_2012_ISAAC\d6347IMAG0311.JPG;1
\ave\ave_Soraya_Padilla_Alumno_1_TH\DSCF0086_frame040.jpg;1
\vacia\empty_IslandConservationCameraTraps\dominicanrepublic_cam1826julio2015_20150715_114459_img_2407.jpg;0
\vacia\empty_caltechCameraTraps\5a015bb9-23d2-11e8-a6a3-ec086b02610b.jpg;0
\lince\linces_fecha_Linces2_Leo_JC\2_Lince_flecha_Linces2_Leo_JC\lince167 (47).JPG;1
\ave\bird_CaltechCameraTrap\59d27b6c-23d2-11e8-a6a3-ec086b02610b.jpg;1
\vacia\vacias_1_de_2_PNC_2012_ISAAC\a49934IM000383.JPG;0
\ave\shearwater_IslandConservationCameraTraps\chile_piedra012013_31122012231943.jpg;1
\leporido\rabbit_CaltechCameraTrap_ME\585da9e6-23d2-11e8-a6a3-ec086b02610b.jpg;1
\jabali\2jabali_PNC_2013-O_RED_ISAAC\b15988IM000226.JPG;1
\cervidae\Ciervo_PNM_2013-0_ME\f27673IMAG0232.JPG;1
\jabali\WILDBOAR_ZOO_5_6_7_9\20_20210219 (1257) (2021_04_15 06_16_22 UTC).JPG;1
\cervidae\CERVIDREDORFALLOWDEER_ZOO_5_6_7_9\28_20210615 (2819).JPG;1
\zorro\zorro_PNM_2013-O_ME\f11784IM000036.JPG;1
\leporido\rabbit_IslandConservationCameraTraps\chile_piedra012013_28012013184934.jpg;1
\cervidae\ciervo_PNM_2013-O_ME\f22220IM000670.JPG;1
\humanovehiculo\humano_vehiculo_PNM_2013-I_ISAAC\e4954IMAG0029.JPG;1
\humanovehiculo\humano_vehículo_alumno_2_AM_JC\Obreros (1)_frame140.jpg;1
\leporido\conejo_WellingtonCameraTraps_SS\231016170928021cs141.JPG;1
\cervidae\CERVIDREDORFALLOWDEER_ZOO_5_6_7_9\22_20210615 (1316).JPG;1
\cervidae\ciervo_vacías_humanos_PNC_2012_ME\a370IM000047.JPG;1
\lince\Lince_a_Linces2_Leo_JC\Lince53 (32).JPG;1
\vacia\empty_caltechCameraTraps\59f5fe54-23d2-11e8-a6a3-ec086b02610b.jpg;0
\vacia\vacias_PNM_2013-O_ISAAC\f24238IM000571.JPG;0
\vacia\NOANIMAL_ZOO_1_4\34_20210115 (5284).JPG;0
\jabali\WILDBOAR_ZOO_1_4\15_20210117 (8012).JPG;1
\vacia\vacias_1_de_2_PNC_2012_ISAAC\a43727IM000552.JPG;0
\leporido\liebre_alumno_1_AM_2\21_20201025 (29).JPG;1
\zorro\zorro_PNC_2013-I_ME\1646IM000203.JPG;1
\vacia\empty_SnapshotMountainZebra\MTZ_S1_D04_R3_IMAG0324.JPG;0
\humanovehiculo\humano_vehiculo_PNM_2012_ISAAC\d3649IM000003.JPG;1
\humanovehiculo\humanovehiculo_PNC_2014_manuel\c23384IM000007.JPG;1
\ave\aves_ME_CASA\IMG_0919.JPG;1
\cervidae\2_corzo_alumno_2_AM_JC\STC_0148_frame080.jpg;1
\jabali\jabali_PNC_2013-O_RED_ISAAC\b1330IMAG0178.JPG;1
\vacia\NOANIMAL_ZOO_1_4\15_20201117 (8902).JPG;0
\leporido\conejo_leo_donana\0007451.JPG;1
\leporido\rabbit_IslandConservationCameraTraps\chile_frances012013_24122012151003.jpg;1
\jabali\WILDBOAR_ZOO_1_4\37_20201116 (3740).JPG;1
\vacia\NOANIMAL_ZOO_5_6_7_9\49_20210615 (2265).JPG;0
\vacia\vacia_Paco_Carro_JC\IMG_0628.JPG;0
\vaca\COW_ZOO_1_4\15_20201024 (7429).JPG;1
\zorro\Zorro_PNC_2014_JC\c4787IM000050.JPG;1
\vacia\NOANIMAL_ZOO_1_4\7_20210115 (3147).JPG;0
\vacia\NOANIMAL_ZOO_1_4\43_20201217 (2225).JPG;0
\lince\Lince_a_Linces2_Leo_JC\lince91 (150).JPG;1
\vacia\empty_IslandConservationCameraTraps\ecuador2_ic1614_20181013_133408_img_0063.jpg;0
\vaca\cow_IslandConservationCameraTraps\dominicanrepublic_cam1125abril2015_20150331_021822_img_0017.jpg;1
\vacia\Vacia_Paco_Carro_camarasliron_4_2_PASADAS_POR_LA_RED_JC\MDGC0764.JPG;0
\vacia\NOANIMAL_ZOO_1_4\7_20210115 (2060).JPG;0
\vacia\empty_IslandConservationCameraTraps\dominicanrepublic_cam0425abril2015_20130824_235353_sunp5427.jpg;0
\cervidae\Ciervo_PNC_2014_JC\c19261IMAG0025.JPG;1
\ave\ave_ave_WellingtonCameraTraps_SS\030516160610031c5021.JPG;1
\humanovehiculo\humanos_Paco_Carro_JC\IMG_0006 (2).JPG;1
\caballo\HORSE_ZOO_1_4\10_20201117 (5630).JPG;1
\leporido\conejoLiebre_vacias_humanos_PNC_2012_ME_JC\Liebre_vacías_humanos_PNC_2012_ME_JC\a30524IM000080.JPG;1
\vacia\empty_caltechCameraTraps\595deefd-23d2-11e8-a6a3-ec086b02610b.jpg;0
\vacia\NOANIMAL_ZOO_5_6_7_9\24_20210318 (5400).JPG;0
\cervidae\CERVIDREDORFALLOWDEER_ZOO_1_4\21_20201025 (445).JPG;1
\micromamiferos\rat_IslandConservationCameraTraps\micronesia_cam06_cam06june2019_pig_20190629194821_1996.jpg;1
\humanovehiculo\HUMANORVEHICLE_ZOO_1_4\31_20210115 (5).JPG;1
\vacia\vacias_2_de_2_PNC_2012_ISAAC\a43681IM000503.JPG;0
\vacia\vacia_Paco_Carro_JC\01140905.JPG;0
\zorro\Zorro_Pepe_IREC\Zorro_Pepe_Irec_ME\IMAG0085_(10).JPG;1
\zorro\zorro_PNC_2014_manuel\c17453IM000026.JPG;1
\cervidae\CERVIDREDORFALLOWDEER_ZOO_1_4\40_20201215 (2007).JPG;1
\cervidae\Ciervo_PNC_2014_JC\c23639IM000054.JPG;1
\leporido\conejo_leo_donana\0005827.JPG;1
\gato_domestico\cat_CaltechCameraTrap\59e77e48-23d2-11e8-a6a3-ec086b02610b.jpg;1
\humanovehiculo\humanovehiculo_leo_donana\0004612.JPG;1
\caballo\caballo_Paco_Carro_JC\PICT0178.JPG;1
\vacia\SnampshotEnonkishu\ENO_S1_D06_R1_IMAG3928.JPG;0
\cervidae\CERVIDREDORFALLOWDEER_ZOO_1_4\34_20201024 (6367).JPG;1
\cervidae\CERVIDREDORFALLOWDEER_ZOO_5_6_7_9\38_20210417 (460).JPG;1
\jabali\WILDBOAR_ZOO_5_6_7_9\35_20210418 (455).JPG;1
\gato_domestico\cat_CaltechCameraTrap\58ef6ee4-23d2-11e8-a6a3-ec086b02610b.jpg;1
\cervidae\ciervo_PNC_2014_ISAAC\c29839IM000065.JPG;1
\vacia\empty_caltechCameraTraps\59c4bee6-23d2-11e8-a6a3-ec086b02610b.jpg;0
\humanovehiculo\car_CaltechCameraTrap_ME\vehiculo\5a1e52a8-23d2-11e8-a6a3-ec086b02610b.jpg;1
\cervidae\CERVIDREDORFALLOWDEER_ZOO_5_6_7_9\24_20210219 (2552) (2021_04_15 06_16_22 UTC).JPG;1
\humanovehiculo\car_CaltechCameraTrap_ME\vehiculo\59b7a7b7-23d2-11e8-a6a3-ec086b02610b.jpg;1
\vacia\NOANIMAL_ZOO_5_6_7_9\50_20210417 (22693).JPG;0
\vacia\NOANIMAL_ZOO_5_6_7_9\32_20210417 (8324).JPG;0
\caballo\caballos_alumno_AM\caballos_alumno_AM\9_20201712 (412).JPG;1
\ave\raven_IslandConservationCameraTraps\dominicanrepublic_cam1817febrero2016_20160128_101517_img_0009.jpg;1
\cervidae\CERVIDREDORFALLOWDEER_ZOO_5_6_7_9\19_20210319 (2941).JPG;1
\cervidae\cervido_simone_2\40_20201024 (3985).JPG;1
\jabali\jabali_Saul Martin_FRAMES_SIN_REPETIDOS_REVISADOS_DIEGO\IMAG0019_frame460.jpg;1
\jabali\WILDBOAR_ZOO_1_4\14_20210114 (2179).JPG;1
\vacia\vacia_alumno_2_AM\Neovis 4_frame180.jpg;0
\vacia\empty_IslandConservationCameraTraps\dominicanrepublic_cam1825abril2015_20150416_112925_img_0212.jpg;0
\humanovehiculo\car_CaltechCameraTrap_ME\vehiculo\5935a7ff-23d2-11e8-a6a3-ec086b02610b.jpg;1
\cervidae\CERVIDREDORFALLOWDEER_ZOO_1_4\21_20201025 (702).JPG;1
\humanovehiculo\humanovehiculo_PNM_2013-I_ME\e3963IM000005.JPG;1
\ave\ave_ave_WellingtonCameraTraps_SS\061016123918005b7202.JPG;1
\zorro\zorro_PNM_2013-O_ISAAC\f9479IM000558.JPG;1
\ave\Blackbird_mammalWeb\60615.jpg;1
\cervidae\CERVIDREDORFALLOWDEER_ZOO_1_4\37_20210115 (1607).JPG;1
\vaca\cow_CaltechCameraTrap\58f2966a-23d2-11e8-a6a3-ec086b02610b.jpg;1
\cervidae\CERVIDREDORFALLOWDEER_ZOO_1_4\21_20201025 (1712).JPG;1
\lince\Lince_b_Linces2_Leo_JC\lince224 (177).jpg;1
\jabali\jabali_PNC_2014_manuel\c26919IMAG0304.JPG;1
\gato_domestico\gato_WellingtonCameraTraps_SS\0507151219160745L091.JPG;1
\vacia\NOANIMAL_ZOO_5_6_7_9\2_20210618 (15317).JPG;0
\humanovehiculo\car_CaltechCameraTrap_ME\vehiculo\58f73fcc-23d2-11e8-a6a3-ec086b02610b.jpg;1
\cervidae\ciervo_PNC_2013-O_RED_ISAAC\b18722IMAG0036.JPG;1
\vacia\NOANIMAL_ZOO_1_4\37_20201116 (11018).JPG;0
\ave\ave_ave_WellingtonCameraTraps_SS\240716105026003b5351.JPG;1
\vaca\COW_ZOO_5_6_7_9\9_20210615 (1911).JPG;1
\vacia\NOANIMAL_ZOO_1_4\34_20210115 (8520).JPG;0
\cervidae\CERVIDREDORFALLOWDEER_ZOO_5_6_7_9\18_20210417 (3220).JPG;1
\lince\Lince_b_Linces2_Leo_JC\lince216 (186).JPG;1
\cervidae\CERVIDREDORFALLOWDEER_ZOO_1_4\17_20201225 (57).JPG;1
\lince\Lince_b_Linces2_Leo_JC\lince144 (245).JPG;1
\mapache\raccoon_CaltechCameraTrap_ME\593a4e4a-23d2-11e8-a6a3-ec086b02610b.jpg;1
\vacia\NOANIMAL_ZOO_5_6_7_9\25_20210417 (20415).JPG;0
\cervidae\ciervo_PNC_2013-O_RED_ISAAC\b18889IMAG0235.JPG;1
\cervidae\corzo_alumno_2_AM_JC\STC_0009 (2)_frame360.jpg;1
\cervidae\corzo_alumno_2_AM_JC\DSCF0051_frame150.jpg;1
\jabali\WILDBOAR_ZOO_1_4\15_20210117 (7077).JPG;1
\humanovehiculo\humanovehiculo_PNC_2013-O_RED_ISAAC\b5169IMAG1043.JPG;1
\vacia\NOANIMAL_ZOO_1_4\25_20201117 (239).JPG;0
\zorro\zorro_vacías_humanos_PNC_2012_ME\a12490IM000920.JPG;1
\vacia\NOANIMAL_ZOO_5_6_7_9\24_20210418 (4643).JPG;0
\vaca\cow_CaltechCameraTrap\58c7f0cf-23d2-11e8-a6a3-ec086b02610b.jpg;1
\humanovehiculo\humano_vehiculo_PNM_2012_ISAAC\d15556IM000008.JPG;1
\caballo\HORSE_ZOO_1_4\38_20210117 (1135).JPG;1
\gato_domestico\gato_WellingtonCameraTraps_SS\2105150905120830L081.JPG;1
\ave\shearwater_IslandConservationCameraTraps\chile_piedra012013_31122012231941.jpg;1
\leporido\rabbit_CaltechCameraTrap_ME\585a65d6-23d2-11e8-a6a3-ec086b02610b.jpg;1
\vacia\NOANIMAL_ZOO_1_4\6_20201812 (8953).JPG;0
\leporido\conejo_Paco_Carro_JC\PICT1454.JPG;1
\zorro\REDFOX_ZOO_5_6_7_9\1_20210618 (5164).JPG;1
\caballo\caballos_alumno_AM\caballos_alumno_AM\28_20201117 (668).JPG;1
\zorro\REDFOX_ZOO_1_4\31_20201023 (329).JPG;1
\zorro\zorro_PNC_2012_JC\a18408IM000021.JPG;1
\vacia\vacia_Soraya_Padilla_Alumno_1_TH\DSCF0059_frame000.jpg;0
\micromamiferos\Small rodent_mammalWeb\22883.jpg;1
\zorro\zorro_PNC_2014_manuel\c26335IM000088.JPG;1
\vacia\Vacia_ME_rev_3_donana\37_20201024 (8428).JPG;0
\vacia\NOANIMAL_ZOO_1_4\16_20201221 (230).JPG;0
\vacia\NOANIMAL_ZOO_1_4\26_20201020 (67).JPG;0
\vacia\NOANIMAL_ZOO_5_6_7_9\19_20210319 (1066).JPG;0
\caballo\caballos_simone\9_20201118 (1083).JPG;1
\vacia\empty_IslandConservationCameraTraps\dominicanrepublic_cam1125abril2015_20150418_161634_img_1798.jpg;0
\vaca\cow_CaltechCameraTrap\591048f0-23d2-11e8-a6a3-ec086b02610b.jpg;1
\caballo\caballos_javier_JC\35_20201218 (228).JPG;1
\vacia\NOANIMAL_ZOO_1_4\34_20210115 (2565).JPG;0
\jabali\WILDBOAR_ZOO_1_4\7_20201118 (1420).JPG;1
\jabali\WILDBOAR_ZOO_1_4\42_20210114 (398).JPG;1
\cervidae\CERVIDREDORFALLOWDEER_ZOO_5_6_7_9\28_20210615 (3339).JPG;1
\vacia\empty_caltechCameraTraps\59563856-23d2-11e8-a6a3-ec086b02610b.jpg;0
\zorro\ZORRO_PNM_2012_ISAAC\d3322IM000012.JPG;1
\zorro\Zorro_PNC_2014_JC\c25249IM000085.JPG;1
\vacia\NOANIMAL_ZOO_5_6_7_9\50_20210417 (23166).JPG;0
\cervidae\ciervo_simone_2\34_20201024 (3556).JPG;1
\vacia\empty_SnapshotKaroo\KAR_S1_C02_R1_IMAG0112.JPG;0
\ave\bird_CaltechCameraTrap\5922ecf4-23d2-11e8-a6a3-ec086b02610b.jpg;1
\ave\Zorzal_PNC_2013-O_ME\b5006IMAG0896.JPG;1
\vacia\NOANIMAL_ZOO_5_6_7_9\19_20210319 (954).JPG;0
\leporido\rabbit_CaltechCameraTrap_ME\588f6854-23d2-11e8-a6a3-ec086b02610b.jpg;1
\caballo\HORSE_ZOO_1_4\15_20210117 (3435).JPG;1
\leporido\conejo_Paco_Carro_JC\PICT0547.JPG;1
\cervidae\ciervo_PNC_2014_ISAAC\c27813IM000065.JPG;1
\ave\raven_IslandConservationCameraTraps\dominicanrepublic_cam11618mayo2017b_20161229_135627_img_0016.jpg;1
\vacia\empty_SnapshotMountainZebra\MTZ_S1_C06_R1_IMAG2049.JPG;0
\vacia\empty_SnapshotMountainZebra\MTZ_S1_C06_R3_IMAG2198.JPG;0
\lince\Lince_b_Linces2_Leo_JC\lince230 (17).jpg;1
\cervidae\ciervo_PNC_2014_ISAAC\c18019IMAG0074.JPG;1
\cervidae\cervido_simone_2\34_20201024 (5462).JPG;1
\jabali\WILDBOAR_ZOO_1_4\37_20201024 (1405).JPG;1
\vacia\vacia_Paco_Carro_JC\IMG_2042.JPG;0
\micromamiferos\rodent_CaltechCameraTrap_JC\Roedor_ rodent_CaltechCameraTrap_JC\5948442e-23d2-11e8-a6a3-ec086b02610b.jpg;1
\cervidae\ciervo_PNC_2013-I_RED_ME\4782IM000064.JPG;1
\cervidae\CERVIDREDORFALLOWDEER_ZOO_1_4\34_20201024 (2208).JPG;1
\vacia\vacia_PNM_2013-O_ME\f8307IM000169.JPG;0
\humanovehiculo\HUMANORVEHICLE_ZOO_1_4\28_20201218 (5).JPG;1
\cervidae\CERVIDREDORFALLOWDEER_ZOO_5_6_7_9\10_20210618 (3257).JPG;1
\vacia\NOANIMAL_ZOO_5_6_7_9\31_20210417 (445).JPG;0
\jabali\WILDBOAR_ZOO_1_4\20_20210115 (963).JPG;1
\vacia\NOANIMAL_ZOO_1_4\15_20210117 (16259).JPG;0
\zorro\zorro_PNC_2014_manuel\c23052IM000096.JPG;1
\ave\Blackbird_mammalWeb\9411.jpg;1
\gato_domestico\cat_CaltechCameraTrap\59b12eba-23d2-11e8-a6a3-ec086b02610b.jpg;1
\cervidae\CERVIDREDORFALLOWDEER_ZOO_5_6_7_9\32_20210218 (1071) (2021_04_15 06_16_22 UTC).JPG;1
\lince\Lince_b_Linces2_Leo_JC\lince228 (250).JPG;1
\ave\chicken_IslandConservationCameraTraps\palau_cam09a12132018_20181004_072329_rcnx0471.jpg;1
\leporido\rabbit_IslandConservationCameraTraps\chile_frances012013_2112201270302.jpg;1
\vacia\vacia_alumno_2_AM_JC\DSCF0092_frame220.jpg;0
\zorro\zorro_PNC_2013-I_ME\5335IMAG0067.JPG;1
\vacia\NOANIMAL_ZOO_5_6_7_9\13_20210218 (1541) (2021_04_15 06_16_22 UTC).JPG;0
\vacia\NOANIMAL_ZOO_5_6_7_9\20_20210319 (8076).JPG;0
\cervidae\CERVIDREDORFALLOWDEER_ZOO_5_6_7_9\18_20210319 (769).JPG;1
\jabali\WILDBOAR_ZOO_1_4\33_20201025 (177).JPG;1
\ave\raven_IslandConservationCameraTraps\dominicanrepublic_cam0226junio2015_20131023_071323_sunp0021.jpg;1
\vacia\empty_IslandConservationCameraTraps\dominicanrepublic_cam1425abril2015_20150420_121743_img_2008.jpg;0
\mapache\raccoon_CaltechCameraTrap_ME\5987b3a1-23d2-11e8-a6a3-ec086b02610b.jpg;1
\gato_domestico\gato_WellingtonCameraTraps_SS\2306151302540242L241.JPG;1
\humanovehiculo\humano_vehiculo_PNM_2013-I_ISAAC\e3791IM000041.JPG;1
\zorro\zorro_vacías_humanos_PNC_2012_ME\a33060IM000079.JPG;1
\vacia\vacia_vacías_humanos_PNC_2012_ME\a37794IM000923.JPG;0
\vacia\NOANIMAL_ZOO_1_4\15_20201215 (4996).JPG;0
\ave\ave_Soraya_Padilla_Alumno_1_TH\STC_0060_frame010.jpg;1
\ave\shearwater_IslandConservationCameraTraps\chile_vaqueria2013_2212201224819.jpg;1
\meloncillo\Meloncillo_PEPE_IREC_JC\IMAG0028_(9).JPG;1
\vacia\vacia_alumno_TH_3_TH_JC\15_20201024 (19163).JPG;0
\vaca\Vaca1_diego_1_rev_donana\15_20201024 (3595).JPG;1
\jabali\jabali_PNC_2014_manuel\c30530IM000074.JPG;1
\cervidae\ciervo_PNC_2013-O_RED_ISAAC\b7815IM000403.JPG;1
\cervidae\CERVIDREDORFALLOWDEER_ZOO_5_6_7_9\10_20210417 (964).JPG;1
\vacia\NOANIMAL_ZOO_1_4\34_20210115 (3217).JPG;0
\cervidae\ciervo_vacías_humanos_PNC_2012_ME\a19775IM000446.JPG;1
\ave\2_ave_Soraya_Padilla_Alumno_1_TH\DSCF0104_frame130.jpg;1
\humanovehiculo\car_CaltechCameraTrap_ME\vehiculo\58aa595f-23d2-11e8-a6a3-ec086b02610b.jpg;1
\vacia\NOANIMAL_ZOO_1_4\6_20201812 (10756).JPG;0
\vacia\empty_SnapshotMountainZebra\MTZ_S1_D05_R1_IMAG0402.JPG;0
\vacia\NOANIMAL_ZOO_5_6_7_9\18_20210417 (3650).JPG;0
\micromamiferos\rodent_CaltechCameraTrap_JC\Roedor_ rodent_CaltechCameraTrap_JC\5a015c91-23d2-11e8-a6a3-ec086b02610b.jpg;1
\cervidae\CERVIDREDORFALLOWDEER_ZOO_5_6_7_9\38_20210219 (1206) (2021_04_15 06_16_22 UTC).JPG;1
\cervidae\deer_CaltechCameraTrap\59af97ee-23d2-11e8-a6a3-ec086b02610b.jpg;1
\lince\Lince_b_Linces2_Leo_JC\lince216 (218).jpg;1
\vacia\NOANIMAL_ZOO_1_4\7_20210115 (3261).JPG;0
\vacia\NOANIMAL_ZOO_5_6_7_9\11_20210318 (371).JPG;0
\gato_domestico\gato_WellingtonCameraTraps_SS\22111512001007453423.JPG;1
\vacia\NOANIMAL_ZOO_5_6_7_9\25_20210417 (6756).JPG;0
\jabali\WILDBOAR_ZOO_1_4\31_20201023 (392).JPG;1
\humanovehiculo\humano_vehiculo_PNC_2013-I_ISAAC\4387IMAG0361.JPG;1
\vacia\NOANIMAL_ZOO_1_4\26_20201020 (5509).JPG;0
\meloncillo\Meloncillo_PEPE_IREC_JC\IMAG0173_(3).JPG;1
\garduna\Garduna_PNC_2012_JC\a17848IM000050.JPG;1
\cervidae\CERVIDREDORFALLOWDEER_ZOO_1_4\37_20201024 (9979).JPG;1
\leporido\rabbit_CaltechCameraTrap_ME\58a52f8b-23d2-11e8-a6a3-ec086b02610b.jpg;1
\vacia\NOANIMAL_ZOO_5_6_7_9\2_20210319 (6344).JPG;0
\lince\Lince_b_Linces2_Leo_JC\lince134 (33).JPG;1
\leporido\rabbit_IslandConservationCameraTraps\chile_frances012013_14122012184426.jpg;1
\cervidae\deer_CaltechCameraTrap\59d0e46e-23d2-11e8-a6a3-ec086b02610b.jpg;1
\lince\Lince_a_Linces2_Leo_JC\lince127 (76).JPG;1
\vacia\empty_SnapshotMountainZebra\MTZ_S1_C06_R3_IMAG2814.JPG;0
\vacia\NOANIMAL_ZOO_5_6_7_9\39_20210615 (1522).JPG;0
\vacia\NOANIMAL_ZOO_1_4\7_20210115 (3820).JPG;0
\cervidae\deer_CaltechCameraTrap\59ffbc5e-23d2-11e8-a6a3-ec086b02610b.jpg;1
\meloncillo\Meloncillo_PNC_2014_JC\c7272IM000074.JPG;1
\vacia\empty_IslandConservationCameraTraps\ecuador2_ic1621a_20181117_150551_img_0285.jpg;0
\vacia\empty_SnapshotMountainZebra\MTZ_S1_E06_R3_IMAG0877.JPG;0
\vacia\empty_SnapshotMountainZebra\MTZ_S1_D05_R1_IMAG1299.JPG;0
\garduna\Garduna_PNC_2013-O_ME\b19873IMAG0117.JPG;1
\cervidae\Ciervo_PNC_2013-O_ME\b1459IMAG0315.JPG;1
\vacia\NOANIMAL_ZOO_1_4\43_20201217 (1875).JPG;0
\tejon\Tejon_PEPE_IREC_JC\IMAG1880_(2).JPG;1
\zorro\zorro_PNM_2012_ME\d4161IM000435.JPG;1
\leporido\Eastern Cottontail_ena24\843.jpg;1
\ave\Woodpigeon_mammalWeb\13564.jpg;1
\zorro\zorro_PNC_2013-I_ME\5253IM000091.JPG;1
\vacia\empty_SnapshotKaroo\KAR_S1_C02_R1_IMAG0129.JPG;0
\vacia\NOANIMAL_ZOO_5_6_7_9\5_20210219 (232) (2021_04_15 06_16_22 UTC).JPG;0
\cervidae\ciervo_simone_2\34_20201024 (3568).JPG;1
\gato_domestico\gato_WellingtonCameraTraps_SS\160816012602011a5904.JPG;1
\vacia\empty_IslandConservationCameraTraps\micronesia_cam04_cam04june2019_20190628064503_rcnx1430.jpg;0
\leporido\conejo_Paco_Carro_JC\PICT0809 (2).JPG;1
\vacia\NOANIMAL_ZOO_5_6_7_9\13_20210218 (1047) (2021_04_15 06_16_22 UTC).JPG;0
\vaca\COW_ZOO_5_6_7_9\21_20210418 (1300).JPG;1
\vacia\empty_IslandConservationCameraTraps\ecuador1_ic1619_20181202_132515_img_1808.jpg;0
\caballo\caballos_simone\9_20201118 (1086).JPG;1
\cervidae\ciervo_PNC_2013-O_RED_ISAAC\b18876IMAG0221.JPG;1
\cervidae\CERVIDREDORFALLOWDEER_ZOO_1_4\21_20201119 (2113).JPG;1
\jabali\WILDBOAR_ZOO_5_6_7_9\31_20210219 (502) (2021_04_15 06_16_22 UTC).JPG;1
\vacia\empty_IslandConservationCameraTraps\dominicanrepublic_cam1826julio2015_20150713_122258_img_2211.jpg;0
\ave\ave_Soraya_Padilla_Alumno_1_TH\DSCF0048_frame090.jpg;1
\zorro\REDFOX_ZOO_5_6_7_9\19_20210618 (4805).JPG;1
\micromamiferos\micromamiferos_Paco_Carro_JC\IMG_0133 (2).JPG;1
\vacia\NOANIMAL_ZOO_1_4\7_20210115 (3180).JPG;0
\gineta\gineta_PNM_2013-O_ISAAC\f5403IM000034.JPG;1
\cervidae\ciervo_PNC_2014_ISAAC\c22742IM000032.JPG;1
\vacia\SnampshotEnonkishu\ENO_S1_D06_R1_IMAG3094.JPG;0
\vacia\empty_caltechCameraTraps\5998cf8a-23d2-11e8-a6a3-ec086b02610b.jpg;0
\vacia\NOANIMAL_ZOO_5_6_7_9\24_20210318 (945).JPG;0
\zorro\zorro_PNM_2012_ME\d14497IMAG0051.JPG;1
\vacia\NOANIMAL_ZOO_1_4\7_20210115 (2909).JPG;0
\vacia\empty_IslandConservationCameraTraps\ecuador1_ic1611_20150101_000004_img_0856.jpg;0
\cervidae\CERVIDREDORFALLOWDEER_ZOO_5_6_7_9\28_20210615 (3397).JPG;1
\cervidae\ciervo_PNC_2013-I_RED_ME\3388IM000070.JPG;1
\vacia\empty_caltechCameraTraps\5a130972-23d2-11e8-a6a3-ec086b02610b.jpg;0
\vacia\vacia_alumno_AM_2\24_20201019 (577).JPG;0
\tejon\Tejon_PEPE_IREC_JC\IMAG0093_(3).JPG;1
\caballo\HORSE_ZOO_5_6_7_9\46_20210618 (1082).JPG;1
\zorro\zorro_vacías_humanos_PNC_2012_ME\a29413IM000132.JPG;1
\cervidae\CERVIDREDORFALLOWDEER_ZOO_1_4\2_20210115 (1724).JPG;1
\mapache\raccoon_CaltechCameraTrap_ME\586c8782-23d2-11e8-a6a3-ec086b02610b.jpg;1
\vacia\NOANIMAL_ZOO_5_6_7_9\42_20210218 (88) (2021_04_15 06_16_22 UTC).JPG;0
\vacia\empty_caltechCameraTraps\5a0e3533-23d2-11e8-a6a3-ec086b02610b.jpg;0
\cervidae\ciervo_PNC_2014_manuel\c21708IM000085.JPG;1
\humanovehiculo\HUMANORVEHICLE_ZOO_1_4\38_20201019 (363).JPG;1
\cervidae\deer_CaltechCameraTrap\59a629b6-23d2-11e8-a6a3-ec086b02610b.jpg;1
\vacia\NOANIMAL_ZOO_1_4\10_20201019 (1600).JPG;0
\vacia\empty_IslandConservationCameraTraps\ecuador1_ic1611_20150101_000004_img_1256.jpg;0
\jabali\Jabali_PNC_2012_JC\a28744IM000030.JPG;1
\vacia\NOANIMAL_ZOO_5_6_7_9\24_20210418 (7927).JPG;0
\ave\2_ave_ave_WellingtonCameraTraps_SS\051116163848003a7266.JPG;1
\zorro\zorro_PNC_2012_JC\a30553IM000104.JPG;1
\zorro\zorro_PNM_2013-I_ISAAC\e61IMAG0053.JPG;1
\vacia\empty_IslandConservationCameraTraps\dominicanrepublic_cam1425abril2015_20150328_140611_img_0350.jpg;0
\vacia\vacias_PNC_2014_ISAAC\c9199IM000062.JPG;0
\mapache\raccoon_CaltechCameraTrap_ME\59292f0a-23d2-11e8-a6a3-ec086b02610b.jpg;1
\vacia\NOANIMAL_ZOO_5_6_7_9\19_20210219 (8) (2021_04_15 06_16_22 UTC).JPG;0
\garduna\garduna_PNC_2013-O_RED_ISAAC\b19667IMAG0245.JPG;1
\jabali\WILDBOAR_ZOO_1_4\15_20210117 (7015).JPG;1
\vacia\vacio_Saul Martin_FRAMES_SIN_REPETIDOS_REVISADOS_DIEGO\IMAG0006_frame180.jpg;0
\vacia\empty_SnapshotKaroo\KAR_S1_C02_R1_IMAG1212.JPG;0
\cervidae\cervidae_Javi_3_JC\18_20201024 (130).JPG;1
\vacia\empty_SnapshotMountainZebra\MTZ_S1_D05_R1_IMAG1566.JPG;0
\zorro\Zorro_Pepe_IREC\Zorro_Pepe_Irec_ME\IMAG0215_(4).JPG;1
\jabali\WILDBOAR_ZOO_1_4\31_20201218 (37).JPG;1
\vacia\NOANIMAL_ZOO_1_4\26_20201020 (6235).JPG;0
\vaca\cow_CaltechCameraTrap\588a6590-23d2-11e8-a6a3-ec086b02610b.jpg;1
\leporido\rabbit_IslandConservationCameraTraps\chile_frances022013_29052013135741.jpg;1
\vacia\NOANIMAL_ZOO_1_4\40_20201117 (1130).JPG;0
\cervidae\CERVIDREDORFALLOWDEER_ZOO_5_6_7_9\28_20210615 (239).JPG;1
\ave\rooster_IslandConservationCameraTraps\palau_cam15a083118_20180829_114842_rcnx0071.jpg;1
\ave\ave_Soraya_Padilla_Alumno_1_TH\STC_0568_frame050.jpg;1
\humanovehiculo\humanovehiculo_ss\25_20201024 (1248).JPG;1
\meloncillo\meloncillo_vacías_humanos_PNC_2012_ME\a15677IMAG0081.JPG;1
\zorro\zorro_Saul Martin_FRAMES_SIN_REPETIDOS_REVISADOS_DIEGO\SY_00036_frame260.jpg;1
\caballo\HORSE_ZOO_1_4\2_20201215 (1738).JPG;1
\jabali\WILDBOAR_ZOO_1_4\37_20201116 (7178).JPG;1
\cervidae\ciervo_simone_2\37_20201024 (1156).JPG;1
\cervidae\CERVIDREDORFALLOWDEER_ZOO_5_6_7_9\28_20210615 (1950).JPG;1
\vaca\cow_CaltechCameraTrap\58e939fa-23d2-11e8-a6a3-ec086b02610b.jpg;1
\humanovehiculo\humanovehiculo_PNM_2013-I_ME\e3144IM000018.JPG;1
\vaca\COW_ZOO_5_6_7_9\21_20210418 (424).JPG;1
\cervidae\deer_CaltechCameraTrap\59b7a6b6-23d2-11e8-a6a3-ec086b02610b.jpg;1
\caballo\caballos_javier_JC\2_20201117 (5151).JPG;1
\jabali\WILDBOAR_ZOO_1_4\40_20201024 (6002).JPG;1
\garduna\garduña_Saul Martin_FRAMES_SIN_REPETIDOS_REVISADOS_DIEGO\IMAG0024_frame300.jpg;1
\ave\ave_Soraya_Padilla_Alumno_1_TH\DSCF0024_frame090.jpg;1
\leporido\rabbit_IslandConservationCameraTraps\chile_frances022013_07052013122742.jpg;1
\zorro\ZORRO_PNM_2013-I_ISAAC\e4273IM000104.JPG;1
\gato_domestico\gato_WellingtonCameraTraps_SS\070416042848017b7514.JPG;1
\cervidae\deer_CaltechCameraTrap\59d751e0-23d2-11e8-a6a3-ec086b02610b.jpg;1
\vacia\NOANIMAL_ZOO_5_6_7_9\2_20210417 (17058).JPG;0
\tejon\Tejon_PEPE_IREC_JC\IMAG0224_(3).JPG;1
\vaca\COW_ZOO_5_6_7_9\2_20210319 (8707).JPG;1
\cervidae\ciervo_PNC_2013-I_RED_ME\8998IM000095.JPG;1
\leporido\conejo_leo_donana\0003576.JPG;1
\lince\Lince_a_Linces2_Leo_JC\lince130 (165).JPG;1
\jabali\WILDBOAR_ZOO_1_4\29_20201023 (604).JPG;1
\cervidae\CERVIDREDORFALLOWDEER_ZOO_5_6_7_9\24_20210318 (15584).JPG;1
\micromamiferos\rat_IslandConservationCameraTraps\micronesia_cam08_cam08june2019_20190629182626_rcnx0129.jpg;1
\vacia\NOANIMAL_ZOO_1_4\26_20201020 (18094).JPG;0
\zorro\zorro_PNM_2013-O_ISAAC\f9912IM000187.JPG;1
\vacia\empty_IslandConservationCameraTraps\dominicanrepublic_cam0425abril2015_20130821_043802_sunp3956.jpg;0
\zorro\REDFOX_ZOO_1_4\26_20201020 (13719).JPG;1
\zorro\Zorro_PNC_2014_JC\c6490IM000128.JPG;1
\humanovehiculo\humanovehiculo_vacías_humanos_PNC_2012_ME\a17593IM000098.JPG;1
\gineta\gineta_PNM_2013-O_ISAAC\f11560FILE0013.JPG;1
\gato_domestico\gato_WellingtonCameraTraps_SS\1905151125280745L093.JPG;1
\zorro\zorro_PNM_2013-O_ISAAC\f12703IM000102.JPG;1
\cervidae\ciervo_PNC_2013-O_RED_ISAAC\b6727FILE0027.JPG;1
\vacia\empty_IslandConservationCameraTraps\ecuador1_ic1611_20150101_000003_img_3172.jpg;0
\caballo\HORSE_ZOO_1_4\38_20210117 (878).JPG;1
\zorro\zorro_PNC_2012_JC\a28679IM000071.JPG;1
\humanovehiculo\humano_vehiculo_PNM_2013-O_ISAAC\f14978IM000091.JPG;1
\zorro\zorro_PNC_2012_JC\a44600IM000182.JPG;1
\jabali\WILDBOAR_ZOO_1_4\37_20201116 (9509).JPG;1
\vacia\empty_IslandConservationCameraTraps\dominicanrepublic_cam1826junio2015_20150505_095006_img_2013.jpg;0
\vacia\vacias_2_de_2_PNC_2012_ISAAC\a2839IM000094.JPG;0
\leporido\rabbit_IslandConservationCameraTraps\chile_frances012013_2112201261958.jpg;1
\jabali\WILDBOAR_ZOO_1_4\18_20210115 (1150).JPG;1
\ave\ave_Soraya_Padilla_Alumno_1_TH\DSCF0079_frame0702.jpg;1
\jabali\WILDBOAR_ZOO_5_6_7_9\16_20210318 (130).JPG;1
\cervidae\ciervo_PNC_2014_ISAAC\c11288IMAG0075.JPG;1
\vacia\NOANIMAL_ZOO_5_6_7_9\50_20210408 (17933).JPG;0
\vacia\vacia_alumno_2_AM_JC\STC_0060 (2)_frame210.jpg;0
\vacia\NOANIMAL_ZOO_5_6_7_9\3_20210218 (59) (2021_04_15 06_16_22 UTC).JPG;0
\vacia\NOANIMAL_ZOO_5_6_7_9\25_20210319 (5247).JPG;0
\ave\bird_spec_MissouriCameraTrap\SEQ83470_IMG_0007.JPG;1
\zorro\zorro_PNM_2013-O_ISAAC\f4253IM000039.JPG;1
\vacia\empty_SnapshotMountainZebra\MTZ_S1_C06_R1_IMAG0383.JPG;0
\humanovehiculo\HUMANORVEHICLE_ZOO_1_4\24_20210115 (7).JPG;1
\cervidae\CERVIDREDORFALLOWDEER_ZOO_1_4\10_20201218 (3615).JPG;1
\leporido\rabbit_CaltechCameraTrap_ME\5871835f-23d2-11e8-a6a3-ec086b02610b.jpg;1
\vacia\NOANIMAL_ZOO_5_6_7_9\49_20210615 (19413).JPG;0
\cervidae\deer_CaltechCameraTrap\5a14a6ff-23d2-11e8-a6a3-ec086b02610b.jpg;1
\vacia\NOANIMAL_ZOO_1_4\34_20210115 (8460).JPG;0
\humanovehiculo\HUMANORVEHICLE_ZOO_1_4\24_20201019 (55).JPG;1
\ave\zorzal_IslandConservationCameraTraps\chile_vaqueria2013_0401201361624.jpg;1
\leporido\rabbit_CaltechCameraTrap_ME\5883e8c4-23d2-11e8-a6a3-ec086b02610b.jpg;1
\caballo\HORSE_ZOO_1_4\38_20201117 (2079).JPG;1
\vacia\NOANIMAL_ZOO_1_4\7_20210115 (1591).JPG;0
\humanovehiculo\humanovehiculo_PNC_2014_manuel\c13504IMAG0209.JPG;1
\vacia\NOANIMAL_ZOO_1_4\6_20201812 (13983).JPG;0
\vacia\vacia_Paco_Carro_JC\01130190.JPG;0
\vacia\empty_caltechCameraTraps\59910537-23d2-11e8-a6a3-ec086b02610b.jpg;0
\vacia\NOANIMAL_ZOO_5_6_7_9\25_20210417 (12025).JPG;0
\vacia\NOANIMAL_ZOO_5_6_7_9\2_20210417 (20922).JPG;0
\cervidae\ciervo_simone_2\37_20201024 (669).JPG;1
\cervidae\ciervo_PNC_2014_ISAAC\c11343IMAG0102.JPG;1
\mapache\raccoon_CaltechCameraTrap_ME\596bd946-23d2-11e8-a6a3-ec086b02610b.jpg;1
\vacia\NOANIMAL_ZOO_5_6_7_9\24_20210219 (3727) (2021_04_15 06_16_22 UTC).JPG;0
\cervidae\CERVIDREDORFALLOWDEER_ZOO_1_4\22_20210115 (285).JPG;1
\leporido\rabbit_IslandConservationCameraTraps\chile_frances012013_20122012212856.jpg;1
\vacia\NOANIMAL_ZOO_5_6_7_9\50_20210408 (21383).JPG;0
\cervidae\CERVIDREDORFALLOWDEER_ZOO_5_6_7_9\10_20210319 (4955).JPG;1
\jabali\WILDBOAR_ZOO_1_4\37_20201024 (1471).JPG;1
\vacia\NOANIMAL_ZOO_5_6_7_9\25_20210319 (990).JPG;0
\zorro\zorro_PNM_2012_ISAAC\d15382IM000014.JPG;1
\vacia\NOANIMAL_ZOO_5_6_7_9\25_20210417 (2313).JPG;0
\cervidae\Ciervo_PNC_2013-O_ME\b11436IMAG0173.JPG;1
\humanovehiculo\humanovehiculo_PNC_2014_manuel\c10195IM000083.JPG;1
\cervidae\3_ciervo_simone_2\34_20201024 (5731).JPG;1
\leporido\rabbit_IslandConservationCameraTraps\chile_frances022013_29052013133802.jpg;1
\vacia\vacias_2_de_2_PNC_2012_ISAAC\a1399IM000374.JPG;0
\cervidae\CERVIDREDORFALLOWDEER_ZOO_5_6_7_9\15_20210219 (2668) (2021_04_15 06_16_22 UTC).JPG;1
\vacia\empty_SnapshotMountainZebra\MTZ_S1_D04_R3_IMAG0224.JPG;0
\cervidae\Ciervo_PNC_2012_JC\a3549IM000098.JPG;1
\vaca\COW_ZOO_1_4\21_20201025 (1465).JPG;1
\vacia\vacias_1_de_2_PNC_2012_ISAAC\a38830IMAG0584.JPG;0
\humanovehiculo\car_CaltechCameraTrap_ME\vehiculo\5a14a636-23d2-11e8-a6a3-ec086b02610b.jpg;1
\cervidae\2_Ciervos_PNC2012_JC\a532IM000205.JPG;1
\vacia\NOANIMAL_ZOO_5_6_7_9\24_20210418 (14984).JPG;0
\caballo\HORSE_ZOO_1_4\15_20201117 (3479).JPG;1
\cervidae\CERVIDREDORFALLOWDEER_ZOO_1_4\14_20201218 (1135).JPG;1
\jabali\WILDBOAR_ZOO_5_6_7_9\31_20210219 (113) (2021_04_15 06_16_22 UTC).JPG;1
\caballo\HORSE_ZOO_1_4\38_20201117 (1348).JPG;1
\leporido\conejo_WellingtonCameraTraps_SS\2304151641541395L042.JPG;1
\humanovehiculo\HUMANORVEHICLE_ZOO_1_4\13_20201025 (32).JPG;1
\cervidae\deer_CaltechCameraTrap\5a0b0081-23d2-11e8-a6a3-ec086b02610b.jpg;1
\vacia\vacia_alumno_AM_2\10_20201019 (17081).JPG;0
\lince\Lince_b_Linces2_Leo_JC\lince145 (44).jpg;1
\vacia\NOANIMAL_ZOO_1_4\7_20210115 (4030).JPG;0
\zorro\zorro_PNC_2014_manuel\c3201IM000140.JPG;1
\zorro\zorro_PNM_2013-O_ME\f28336IMAG0917.JPG;1
\lince\Lince_a_Linces2_Leo_JC\lince102 (170).JPG;1
\jabali\Jabali_PNC_2014_JC\c18008IMAG0062.JPG;1
\vacia\NOANIMAL_ZOO_1_4\6_20201812 (12639).JPG;0
\vacia\empty_IslandConservationCameraTraps\puertorico_23_20141227_033938_ek000762.jpg;0
\gato_domestico\cat_CaltechCameraTrap\5a2e1311-23d2-11e8-a6a3-ec086b02610b.jpg;1
\vacia\empty_SnapshotMountainZebra\MTZ_S1_G04_R3_IMAG2418.JPG;0
\humanovehiculo\car_CaltechCameraTrap_ME\vehiculo\59e2a2b2-23d2-11e8-a6a3-ec086b02610b.jpg;1
\cervidae\CERVIDREDORFALLOWDEER_ZOO_5_6_7_9\19_20210417 (2286).JPG;1
\vacia\empty_caltechCameraTraps\59f799ed-23d2-11e8-a6a3-ec086b02610b.jpg;0
\jabali\Jabalí_PNC_2013-O_ME\b17998IM000043.JPG;1
\lince\Lince_b_Linces2_Leo_JC\lince144 (1).JPG;1
\ave\bird_CaltechCameraTrap\58b2efa3-23d2-11e8-a6a3-ec086b02610b.jpg;1
\cervidae\ciervo_PNC_2013-I_ME\9109IM000212.JPG;1
\lince\linces_fecha_Linces2_Leo_JC\2_Lince_flecha_Linces2_Leo_JC\lince103 (332).JPG;1
\vacia\vacias_PNM_2013-O_ISAAC\f7329IMAG0172.JPG;0
\gato_domestico\gato_WellingtonCameraTraps_SS\221016163638031cs123.JPG;1
\cervidae\ciervo_PNC_2014_ISAAC\c21976IM000037.JPG;1
\vacia\NOANIMAL_ZOO_5_6_7_9\2_20210618 (7623).JPG;0
\vaca\COW_ZOO_1_4\6_20201116 (2634).JPG;1
\vacia\vacia_Paco_Carro_JC\01130542.JPG;0
\zorro\zorro_PNC_2014_manuel\c21147IM000024.JPG;1
\cervidae\CERVIDREDORFALLOWDEER_ZOO_1_4\9_20201025 (758).JPG;1
\vacia\empty_SnapshotKaroo\KAR_S1_C02_R1_IMAG1490.JPG;0
\lince\linces_fecha_Linces2_Leo_JC\2_Lince_flecha_Linces2_Leo_JC\lince103 (248).JPG;1
\caballo\HORSE_ZOO_5_6_7_9\46_20210618 (1145).JPG;1
\caballo\caballos_alumno_AM\caballos_alumno_AM\2_20201215 (5667).JPG;1
\vacia\vacias_2_de_2_PNC_2012_ISAAC\a844IM000188.JPG;0
\vacia\NOANIMAL_ZOO_5_6_7_9\25_20210417 (12566).JPG;0
\humanovehiculo\humanovehiculo_PNC_2014_manuel\c6657IM000005.JPG;1
\gato_domestico\gato_WellingtonCameraTraps_SS\080516195034023c8282.JPG;1
\vacia\NOANIMAL_ZOO_5_6_7_9\37_20210220 (879) (2021_04_15 06_16_22 UTC).JPG;0
\lince\Lince_a_Linces2_Leo_JC\lince74 (205).JPG;1
\vacia\NOANIMAL_ZOO_5_6_7_9\2_20210417 (17894).JPG;0
\jabali\jabali_Paco_Carro_camarasliron_4_2_PASADAS_POR_LA_RED_JC\MDGC0675.JPG;1
\mapache\raccoon_CaltechCameraTrap_ME\5976a3d8-23d2-11e8-a6a3-ec086b02610b.jpg;1
\cervidae\CERVIDREDORFALLOWDEER_ZOO_5_6_7_9\9_20210418 (1075).JPG;1
\meloncillo\meloncillo_PNM_2012_ME\d13277IM000047.JPG;1
\cervidae\ciervo_PNC_2014_ISAAC\c10945FILE0018.JPG;1
\vacia\empty_SnapshotKaroo\KAR_S1_F02_R1_IMAG3724.JPG;0
\ave\ave_ave_WellingtonCameraTraps_SS\021016084750005a5752.JPG;1
\cervidae\CERVIDREDORFALLOWDEER_ZOO_5_6_7_9\8_20210219 (1204) (2021_04_15 06_16_22 UTC).JPG;1
\humanovehiculo\humanovehiculo_PNC_2014_manuel\c13722IMAG0188.JPG;1
\zorro\Zorro_PNC_2014_JC\c30439IM000077.JPG;1
\leporido\conejo_Paco_Carro_JC\PICT1961.JPG;1
\jabali\WILDBOAR_ZOO_5_6_7_9\11_20210218 (124) (2021_04_15 06_16_22 UTC).JPG;1
\ave\ave_Soraya_Padilla_Alumno_1_TH\STC_0482_frame100.jpg;1
\humanovehiculo\humanovehiculo_ss\32_20201022 (3).JPG;1
\vaca\COW_ZOO_5_6_7_9\46_20210618 (590).JPG;1
\vacia\Nothing_mammalWeb\45163.jpg;0
\cervidae\CERVIDREDORFALLOWDEER_ZOO_1_4\37_20201116 (286).JPG;1
\vacia\vacias_1_de_2_PNC_2012_ISAAC\a43455IM000264.JPG;0
\vacia\empty_caltechCameraTraps\598622d0-23d2-11e8-a6a3-ec086b02610b.jpg;0
\cervidae\Ciervo_Paco_Carro_camarasliron_4_2_PASADAS_POR_LA_RED_JC\MDGC0363.JPG;1
\caballo\HORSE_ZOO_1_4\2_20201117 (411).JPG;1
\cervidae\ciervo_Paco_Carro_JC\PICT2151.JPG;1
\vacia\NOANIMAL_ZOO_1_4\43_20201217 (2246).JPG;0
\humanovehiculo\humano_vehiculo_PNC_2013-I_ISAAC\81IM000080.JPG;1
\caballo\caballos_javier_JC\2_20201117 (418).JPG;1
\leporido\conejo_WellingtonCameraTraps_SS\21111516403211317482.JPG;1
\ave\OTHERSPECIES_ZOO_5_6_7_9\38_20210618 (1740).JPG;1
\cervidae\deer_CaltechCameraTrap\5998cdbc-23d2-11e8-a6a3-ec086b02610b.jpg;1
\micromamiferos\rat_IslandConservationCameraTraps\micronesia_cam14_june2019_20190620194623_rcnx0350.jpg;1
\vacia\empty_SnapshotKaroo\KAR_S1_C03_R1_IMAG1053.JPG;0
\cervidae\CERVIDREDORFALLOWDEER_ZOO_5_6_7_9\18_20210417 (4049).JPG;1
\vacia\NOANIMAL_ZOO_1_4\7_20210115 (4284).JPG;0
\jabali\WILDBOAR_ZOO_1_4\7_20201025 (433).JPG;1
\meloncillo\Meloncillo_PEPE_IREC_JC\IMAG0354.JPG;1
\cervidae\CERVIDREDORFALLOWDEER_ZOO_1_4\21_20201025 (5090).JPG;1
\vacia\NOANIMAL_ZOO_5_6_7_9\24_20210219 (54) (2021_04_15 06_16_22 UTC).JPG;0
\cervidae\CERVIDREDORFALLOWDEER_ZOO_1_4\35_20201218 (2162).JPG;1
\vacia\NOANIMAL_ZOO_5_6_7_9\11_20210418 (3071).JPG;0
\cervidae\deer_CaltechCameraTrap\59f5fd44-23d2-11e8-a6a3-ec086b02610b.jpg;1
\vacia\NOANIMAL_ZOO_1_4\34_20210115 (5620).JPG;0
\vacia\NOANIMAL_ZOO_1_4\37_20201116 (9927).JPG;0
\micromamiferos\rat_IslandConservationCameraTraps\micronesia_cam02april2019_20190411_233305_rcnx0022.jpg;1
\vacia\NOANIMAL_ZOO_1_4\26_20201020 (10929).JPG;0
\ave\ave_Soraya_Padilla_Alumno_1_TH\DSCF0020_frame120.jpg;1
\vacia\vacia_alumno_AM_2\30_20201021 (15216).JPG;0
\humanovehiculo\humanovehiculo_PNM_2013-I_ME\e4869IM000113.JPG;1
\cervidae\cervidae_alumno_AM_2\30_20201021 (11736).JPG;1
\jabali\jabali_PNC_2014_manuel\c10640IM000030.JPG;1
\vacia\NOANIMAL_ZOO_5_6_7_9\24_20210318 (9021).JPG;0
\cervidae\CERVIDREDORFALLOWDEER_ZOO_1_4\21_20201025 (3966).JPG;1
\cervidae\CERVIDREDORFALLOWDEER_ZOO_5_6_7_9\39_20210318 (292).JPG;1
\jabali\Jabali_ME_rev_1_donana\33_20201025 (34).JPG;1
\leporido\rabbit_IslandConservationCameraTraps\chile_frances012013_1401201315704.jpg;1
\vacia\empty_SnapshotKaroo\KAR_S1_C02_R1_IMAG0425.JPG;0
\jabali\WILDBOAR_ZOO_1_4\7_20201118 (1716).JPG;1
\lince\linces_Linces2_Leo_JC\2_Lince_Linces2_Leo_JC\lince116 (4).JPG;1
\vacia\empty_SnapshotKaroo\KAR_S1_A02_R1_IMAG0115.JPG;0
\vacia\vacias_1_de_2_PNC_2012_ISAAC\a43848IM000649.JPG;0
\vacia\empty_IslandConservationCameraTraps\ecuador1_ic1611_20150101_000002_img_3115.jpg;0
\vacia\NOANIMAL_ZOO_1_4\7_20210115 (1709).JPG;0
\cervidae\CERVIDREDORFALLOWDEER_ZOO_5_6_7_9\18_20210219 (1210) (2021_04_15 06_16_22 UTC).JPG;1
\ave\ave_ave_WellingtonCameraTraps_SS\011116070532040a1122.JPG;1
\lince\Lince_a_Linces2_Leo_JC\lince92 (1).JPG;1
\vacia\empty_caltechCameraTraps\59e2a216-23d2-11e8-a6a3-ec086b02610b.jpg;0
\vacia\empty_IslandConservationCameraTraps\dominicanrepublic_cam1826julio2015_20150626_115003_img_0230.jpg;0
\cervidae\ciervo_PNC_2013-O_RED_ISAAC\b16571IM000173.JPG;1
\jabali\WILDBOAR_ZOO_5_6_7_9\48_20210418 (149).JPG;1
\lince\linces_fecha_Linces2_Leo_JC\2_Lince_flecha_Linces2_Leo_JC\lince77 (237).JPG;1
\vacia\empty_IslandConservationCameraTraps\dominicanrepublic_cam0526julio2015_20150712_123647_sunp2632.jpg;0
\cervidae\CIERVO_PNM_2013-I_ISAAC\e1675IM000148.JPG;1
\humanovehiculo\HUMANORVEHICLE_ZOO_5_6_7_9\20_20210319 (9).JPG;1
\cervidae\Ciervo_PNC_2012_JC\a17484IM000142.JPG;1
\humanovehiculo\car_CaltechCameraTrap_ME\vehiculo\59a17d07-23d2-11e8-a6a3-ec086b02610b.jpg;1
\lince\linces_fecha_Linces2_Leo_JC\2_Lince_flecha_Linces2_Leo_JC\lince131 (12).JPG;1
\lince\linces_fecha_Linces2_Leo_JC\4_Lince_flecha_Linces2_Leo_JC\lince50 (109).JPG;1
\vacia\vacia_alumno_1_AM\40_20201024 (7288).JPG;0
\cervidae\Ciervo_PNC_2012_JC\a33661IM000155.JPG;1
\vacia\NOANIMAL_ZOO_5_6_7_9\25_20210417 (1561).JPG;0
\zorro\zorro_PNM_2013-O_ISAAC\f1624IM000102.JPG;1
\lince\Lince_b_Linces2_Leo_JC\lince216 (66).JPG;1
\caballo\HORSE_ZOO_1_4\14_20201118 (666).JPG;1
\gato_domestico\cat_IslandConservationCameraTraps\palau_cam04a12132018_20180919_085044_rcnx1435.jpg;1
\vacia\NOANIMAL_ZOO_5_6_7_9\36_20210618 (5343).JPG;0
\vacia\NOANIMAL_ZOO_5_6_7_9\13_20210218 (1282) (2021_04_15 06_16_22 UTC).JPG;0
\vaca\COW_ZOO_5_6_7_9\49_20210418 (2107).JPG;1
\vacia\NOANIMAL_ZOO_1_4\34_20210115 (4802).JPG;0
\jabali\Jabali_PNM_2013-0_ME\f28623IMAG0201.JPG;1
\vacia\NOANIMAL_ZOO_5_6_7_9\49_20210418 (13092).JPG;0
\vacia\empty_caltechCameraTraps\59563788-23d2-11e8-a6a3-ec086b02610b.jpg;0
\vacia\vacia_alumno_2_AM\Marfoi 22_frame380.jpg;0
\cervidae\corzo_alumno_2_AM_JC\STC_0039_frame100.jpg;1
\leporido\rabbit_IslandConservationCameraTraps\chile_frances022013_0305201380606.jpg;1
\cervidae\ciervo_PNC_2013-I_RED_ME\8429IMAG0056.JPG;1
\vacia\NOANIMAL_ZOO_1_4\34_20210115 (1557).JPG;0
\leporido\rabbit_CaltechCameraTrap_ME\58782ae1-23d2-11e8-a6a3-ec086b02610b.jpg;1
\vacia\empty_SnapshotMountainZebra\MTZ_S1_D07_R1_IMAG2559.JPG;0
\perro\dog_caltechCameraTraps\59b7a88f-23d2-11e8-a6a3-ec086b02610b.jpg;1
\jabali\WILDBOAR_ZOO_5_6_7_9\31_20210219 (1360) (2021_04_15 06_16_22 UTC).JPG;1
\vacia\vacias_1_de_2_PNC_2012_ISAAC\a38600IMAG0340.JPG;0
\zorro\REDFOX_ZOO_5_6_7_9\31_20210219 (1179) (2021_04_15 06_16_22 UTC).JPG;1
\vacia\NOANIMAL_ZOO_1_4\34_20210115 (8553).JPG;0
\vacia\NOANIMAL_ZOO_5_6_7_9\25_20210417 (2312).JPG;0
\vaca\COW_ZOO_1_4\21_20210114 (97).JPG;1
\cervidae\CERVIDREDORFALLOWDEER_ZOO_1_4\4_20201220 (1007).JPG;1
\humanovehiculo\humanovehiculo_PNC_2013-O_RED_ISAAC\b16405IM000010.JPG;1
\humanovehiculo\humanovehiculo_vacías_humanos_PNC_2012_ME\a47519IM000010.JPG;1
\humanovehiculo\car_CaltechCameraTrap_ME\vehiculo\59aad9b2-23d2-11e8-a6a3-ec086b02610b.jpg;1
\lince\linces_fecha_Linces2_Leo_JC\3_Lince_flecha_Linces2_Leo_JC\lince73 (1).JPG;1
\vacia\NOANIMAL_ZOO_5_6_7_9\24_20210318 (13811).JPG;0
\zorro\zorro_PNM_2012_ME\d16355IM000030.JPG;1
\leporido\rabbit_CaltechCameraTrap_ME\58f5b20b-23d2-11e8-a6a3-ec086b02610b.jpg;1
\ave\ave_vacías_humanos_PNC_2012_ME\a19176IM000308.JPG;1
\zorro\fox_CaltechCameraTrap_ME\58e599b1-23d2-11e8-a6a3-ec086b02610b.jpg;1
\cervidae\ciervo_PNM_2012_ISAAC\d14479IMAG0032.JPG;1
\leporido\rabbit_IslandConservationCameraTraps\chile_vaqueria2013_03022013160206.jpg;1
\leporido\rabbit_CaltechCameraTrap_ME\595002ad-23d2-11e8-a6a3-ec086b02610b.jpg;1
\cervidae\ciervo_Javi_3_JC\34_20201024 (2418).JPG;1
\lince\Lince_a_Linces2_Leo_JC\lince115 (80).JPG;1
\humanovehiculo\humanos_Paco_Carro_JC\PICT0025.JPG;1
\vacia\empty_IslandConservationCameraTraps\dominicanrepublic_cam1828octubre2015_20151028_070642_img_0009.jpg;0
\cervidae\ciervo_vacías_humanos_PNC_2012_ME\a2087IM000082.JPG;1
\cervidae\ciervo_PNC_2013-I_RED_ME\3696IM000207.JPG;1
\vaca\COW_ZOO_5_6_7_9\2_20210319 (8761).JPG;1
\zorro\zorro_PNC_2012_JC\a29148IM000061.JPG;1
\cervidae\CERVIDREDORFALLOWDEER_ZOO_5_6_7_9\5_20210417 (2048).JPG;1
\cervidae\CERVIDREDORFALLOWDEER_ZOO_1_4\37_20210115 (1175).JPG;1
\zorro\zorro_PNC_2012_JC\a36040IM000170.JPG;1
\cervidae\CERVIDREDORFALLOWDEER_ZOO_1_4\21_20201025 (599).JPG;1
\leporido\conejo_leo_donana\0002513.JPG;1
\zorro\zorro_PNC_2014_manuel\c6755IM000103.JPG;1
\ave\bird_CaltechCameraTrap\5a17dcd1-23d2-11e8-a6a3-ec086b02610b.jpg;1
\vacia\empty_SnapshotMountainZebra\MTZ_S1_E06_R3_IMAG0233.JPG;0
\vacia\NOANIMAL_ZOO_1_4\26_20201020 (12473).JPG;0
\leporido\conejo_Paco_Carro_JC\PICT0540 (2).JPG;1
\cervidae\2_corzo_alumno_2_AM_JC\STC_0351_frame210.jpg;1
\cervidae\Ciervo_PNC_2012_JC\a23607IM000061.JPG;1
\vacia\vacia_alumno_AM_2\10_20201019 (13296).JPG;0
\mapache\raccoon_CaltechCameraTrap_ME\59056024-23d2-11e8-a6a3-ec086b02610b.jpg;1
\humanovehiculo\HUMANORVEHICLE_ZOO_5_6_7_9\10_20210618 (1).JPG;1
\jabali\jabali_PNC_2014_manuel\c116IM000116.JPG;1
\vaca\COW_ZOO_5_6_7_9\9_20210615 (1577).JPG;1
\ave\ave_ave_WellingtonCameraTraps_SS\1204151544300285S072.JPG;1
\leporido\conejo_Paco_Carro_JC\PICT0674.JPG;1
\cervidae\ciervo_PNC_2013-O_RED_ISAAC\b248IM000029.JPG;1
\vacia\NOANIMAL_ZOO_5_6_7_9\1_20210219 (37) (2021_04_15 06_16_22 UTC).JPG;0
\micromamiferos\micromamiferos_fotosManuelEmilio20200912\IMG_1288.JPG;1
\leporido\conejo_Paco_Carro_JC\PICT1865.JPG;1
\vacia\NOANIMAL_ZOO_1_4\1_20201220 (31).JPG;0
\vacia\empty_caltechCameraTraps\59ef8cae-23d2-11e8-a6a3-ec086b02610b.jpg;0
\zorro\zorro_PNM_2013-I_ISAAC\e1641IM000112.JPG;1
\caballo\HORSE_ZOO_5_6_7_9\15_20210219 (1006) (2021_04_15 06_16_22 UTC).JPG;1
\cervidae\CERVIDREDORFALLOWDEER_ZOO_1_4\37_20201116 (12346).JPG;1
\vacia\NOANIMAL_ZOO_1_4\6_20201812 (15406).JPG;0
\micromamiferos\rat_IslandConservationCameraTraps\micronesia_cam06_cam06june2019_pig_20190629204544_1506.jpg;1
\humanovehiculo\humanovehiculo_Caltech\596d64a9-23d2-11e8-a6a3-ec086b02610b.jpg;1
\jabali\WILDBOAR_ZOO_1_4\22_20210115 (755).JPG;1
\jabali\Jabali_PNC_2012_JC\a17996IM000022.JPG;1
\vacia\empty_IslandConservationCameraTraps\dominicanrepublic_cam0425abril2015_20130826_044447_sunp6143.jpg;0
\jabali\jabali_javi_JC\28_20201019 (1638).JPG;1
\cervidae\Ciervo_Paco_Carro_camarasliron_4_2_PASADAS_POR_LA_RED_JC\MDGC0322.JPG;1
\zorro\Zorro_PNC_2014_JC\c25546IM000021.JPG;1
\ave\ave_Soraya_Padilla_Alumno_1_TH\DSCF0078_frame130.jpg;1
\vacia\NOANIMAL_ZOO_1_4\6_20201812 (8965).JPG;0
\cervidae\CERVIDREDORFALLOWDEER_ZOO_5_6_7_9\37_20210220 (46) (2021_04_15 06_16_22 UTC).JPG;1
\mapache\raccoon_CaltechCameraTrap_ME\596eed82-23d2-11e8-a6a3-ec086b02610b.jpg;1
\vacia\empty_IslandConservationCameraTraps\dominicanrepublic_cam0425abril2015_20130815_044022_sunp2519.jpg;0
\vacia\NOANIMAL_ZOO_5_6_7_9\50_20210417 (24311).JPG;0
\vacia\NOANIMAL_ZOO_1_4\7_20210115 (4131).JPG;0
\zorro\REDFOX_ZOO_1_4\39_20201218 (213).JPG;1
\vacia\empty_SnapshotKaroo\KAR_S1_F02_R1_IMAG1681.JPG;0
\vacia\NOANIMAL_ZOO_5_6_7_9\2_20210417 (19339).JPG;0
\vacia\NOANIMAL_ZOO_5_6_7_9\49_20210418 (16554).JPG;0
\zorro\zorro_PNC_2012_JC\a17768IM000044.JPG;1
\ave\bird_CaltechCameraTrap\59e77ef2-23d2-11e8-a6a3-ec086b02610b.jpg;1
\cervidae\ciervo_vacías_humanos_PNC_2012_ME\a14525IM000462.JPG;1
\zorro\Zorro_alumno_2_AM\Vulvul 21_frame051.jpg;1
\vacia\vacia_alumno_AM_2\10_20201019 (6891).JPG;0
\mapache\raccoon_CaltechCameraTrap_ME\58cfcc64-23d2-11e8-a6a3-ec086b02610b.jpg;1
\zorro\REDFOX_ZOO_1_4\11_20201217 (310).JPG;1
\gato_domestico\gato_WellingtonCameraTraps_SS\0705151934400549S261.JPG;1
\zorro\Zorro_Pepe_IREC\Zorro_Pepe_Irec_ME\IMAG3030_(2).JPG;1
\leporido\conejo_WellingtonCameraTraps_SS\181016060720002cs382.JPG;1
\cervidae\2_ciervo_Javi_3_JC\28_20201019 (2266).JPG;1
\vacia\vacia_alumno_2_AM\Orycun (35)_frame060.jpg;0
\micromamiferos\rat_IslandConservationCameraTraps\puertorico_7a_20141111_192655_img_0026.jpg;1
\vacia\Nothing_mammalWeb\78786.jpg;0
\humanovehiculo\HUMANORVEHICLE_ZOO_5_6_7_9\42_20210218 (2) (2021_04_15 06_16_22 UTC).JPG;1
\caballo\HORSE_ZOO_1_4\2_20201117 (5207).JPG;1
\lince\Lince_b_Linces2_Leo_JC\lince230 (27).jpg;1
\vacia\NOANIMAL_ZOO_1_4\6_20201812 (10798).JPG;0
\caballo\HORSE_ZOO_1_4\15_20210117 (3427).JPG;1
\gato_domestico\gato_WellingtonCameraTraps_SS\1504152033100324L071.JPG;1
\cervidae\CERVIDREDORFALLOWDEER_ZOO_1_4\37_20210115 (1045).JPG;1
\vacia\empty_SnapshotMountainZebra\MTZ_S1_E06_R3_IMAG1531.JPG;0
\vacia\NOANIMAL_ZOO_1_4\6_20201812 (13633).JPG;0
\vacia\NOANIMAL_ZOO_1_4\15_20201117 (8342).JPG;0
\caballo\HORSE_ZOO_5_6_7_9\15_20210219 (2999) (2021_04_15 06_16_22 UTC).JPG;1
\cervidae\CERVIDREDORFALLOWDEER_ZOO_1_4\6_20201812 (307).JPG;1
\leporido\LEPORIDRABBITORHARE_ZOO_1_4\6_20201023 (3346).JPG;1
\vacia\empty_caltechCameraTraps\599290f3-23d2-11e8-a6a3-ec086b02610b.jpg;0
\vacia\NOANIMAL_ZOO_1_4\26_20201020 (17800).JPG;0
\vaca\cow_CaltechCameraTrap\591fd33b-23d2-11e8-a6a3-ec086b02610b.jpg;1
\vacia\empty_SnapshotMountainZebra\MTZ_S1_E06_R3_IMAG0540.JPG;0
\cervidae\CERVIDREDORFALLOWDEER_ZOO_5_6_7_9\28_20210615 (3774).JPG;1
\lince\Lince_b_Linces2_Leo_JC\lince179 (37).JPG;1
\jabali\WILDBOAR_ZOO_1_4\20_20210115 (36).JPG;1
\jabali\WILDBOAR_ZOO_5_6_7_9\28_20210219 (2499) (2021_04_15 06_16_22 UTC).JPG;1
\ave\shearwater_IslandConservationCameraTraps\chile_piedra012013_2312201243812.jpg;1
\cervidae\CERVIDREDORFALLOWDEER_ZOO_5_6_7_9\37_20210319 (757).JPG;1
\cervidae\CERVIDREDORFALLOWDEER_ZOO_5_6_7_9\19_20210417 (2418).JPG;1
\vacia\NOANIMAL_ZOO_1_4\36_20201117 (820).JPG;0
\cervidae\CERVIDREDORFALLOWDEER_ZOO_5_6_7_9\46_20210618 (509).JPG;1
\jabali\WILDBOAR_ZOO_1_4\11_20210114 (707).JPG;1
\vacia\vacias_2_de_2_PNC_2012_ISAAC\a7120IM000156.JPG;0
\micromamiferos\rat_IslandConservationCameraTraps\micronesia_cam06_cam06june2019_pig_20190629194058_11063.jpg;1
\gato_domestico\cat_IslandConservationCameraTraps\palau_cam09a12132018_20181122_003308_rcnx1147.jpg;1
\vacia\empty_IslandConservationCameraTraps\dominicanrepublic_cam1125abril2015_20150419_174518_img_1984.jpg;0
\cervidae\CERVIDREDORFALLOWDEER_ZOO_1_4\21_20201025 (3931).JPG;1
\vacia\empty_IslandConservationCameraTraps\ecuador1_ic1611_20150101_000003_img_0414.jpg;0
\cervidae\CERVIDREDORFALLOWDEER_ZOO_5_6_7_9\9_20210318 (519).JPG;1
\cervidae\CERVIDREDORFALLOWDEER_ZOO_1_4\37_20201116 (6577).JPG;1
\vacia\NOANIMAL_ZOO_5_6_7_9\50_20210417 (21714).JPG;0
\vacia\vacias_PNC_2014_ISAAC\c20672IM000486.JPG;0
\humanovehiculo\car_CaltechCameraTrap_ME\vehiculo\585f4c82-23d2-11e8-a6a3-ec086b02610b.jpg;1
\vacia\NOANIMAL_ZOO_5_6_7_9\50_20210417 (21975).JPG;0
\cervidae\ciervo_vacías_humanos_PNC_2012_ME\a13847IM000055.JPG;1
\vacia\NOANIMAL_ZOO_5_6_7_9\50_20210417 (21785).JPG;0
\vacia\NOANIMAL_ZOO_1_4\7_20210115 (2128).JPG;0
\jabali\WILDBOAR_ZOO_1_4\29_20201023 (635).JPG;1
\vacia\vacia_alumno_1_TH\Nada (36)_frame070.jpg;0
\ave\ave_Soraya_Padilla_Alumno_1_TH\STC_0162_frame060.jpg;1
\ave\ave_Soraya_Padilla_Alumno_1_TH\DSCF0119_frame130.jpg;1
\humanovehiculo\humano_vehiculo_PNC_2013-I_ISAAC\9516IM000113.JPG;1
\vacia\NOANIMAL_ZOO_1_4\18_20200130 (1811).JPG;0
\vacia\empty_SnapshotMountainZebra\MTZ_S1_D06_R1_IMAG0750.JPG;0
\ave\green_heron_IslandConservationCameraTraps\dominicanrepublic_cam11801agosto2017_20170623_144230_img_0042.jpg;1
\vacia\NOANIMAL_ZOO_1_4\34_20210115 (8192).JPG;0
\humanovehiculo\humanovehiculo_PNC_2014_manuel\c28429IM000013.JPG;1
\jabali\jabali_PNC_2014_manuel\c10323IM000059.JPG;1
\jabali\WILDBOAR_ZOO_5_6_7_9\33_20210418 (278).JPG;1
\zorro\fox_CaltechCameraTrap_ME\59bfdded-23d2-11e8-a6a3-ec086b02610b.jpg;1
\humanovehiculo\humanovehiculo_PNM_2013-I_ME\e499IM000002.JPG;1
\cervidae\CERVIDREDORFALLOWDEER_ZOO_5_6_7_9\28_20210219 (850) (2021_04_15 06_16_22 UTC).JPG;1
\vacia\vacias_2_de_2_PNC_2012_ISAAC\a3877IM000237.JPG;0
\cervidae\2_ciervo_Javi_3_JC\21_20201025 (1594).JPG;1
\cervidae\Ciervo_PNC_2012_JC\a35400IM000052.JPG;1
\humanovehiculo\humanovehiculo_PNC_2013-O_RED_ISAAC\b15756IM000101.JPG;1
\vacia\vacia_alumno_AM_2\10_20201019 (7224).JPG;0
\vacia\vacia_alumno_2_AM_JC\STC_0056_frame320.jpg;0
\vacia\NOANIMAL_ZOO_1_4\9_20201712 (1993).JPG;0
\cervidae\ciervo_PNM_2013-I_ISAAC\e1395IMAG0092.JPG;1
\vacia\empty_IslandConservationCameraTraps\dominicanrepublic_cam1825abril2015_20150408_105202_img_0037.jpg;0
\cervidae\cervidae_ME_rev_3_donana\37_20201024 (2858).JPG;1
\cervidae\2_ciervo_simone_2\34_20201024 (6348).JPG;1
\vacia\NOANIMAL_ZOO_1_4\38_20201019 (107).JPG;0
\humanovehiculo\humanovehiculo_PNC_2013-O_RED_ISAAC\b15643IM000007.JPG;1
\lince\Lince_b_Linces2_Leo_JC\lince154 (18).JPG;1
\vacia\NOANIMAL_ZOO_5_6_7_9\2_20210417 (15777).JPG;0
\vacia\NOANIMAL_ZOO_1_4\43_20201217 (1792).JPG;0
\cervidae\CERVIDREDORFALLOWDEER_ZOO_5_6_7_9\10_20210219 (925) (2021_04_15 06_16_22 UTC).JPG;1
\cervidae\CERVIDREDORFALLOWDEER_ZOO_5_6_7_9\9_20210615 (525).JPG;1
\vacia\NOANIMAL_ZOO_1_4\37_20210115 (1449).JPG;0
\zorro\Zorro_PNC_2014_JC\c30817IM000113.JPG;1
\cervidae\CERVIDREDORFALLOWDEER_ZOO_1_4\29_20201117 (1059).JPG;1
\cervidae\deer_CaltechCameraTrap\5995addd-23d2-11e8-a6a3-ec086b02610b.jpg;1
\vacia\empty_IslandConservationCameraTraps\micronesia_cam16april2019_20190413_182000_rcnx0047.jpg;0
\humanovehiculo\HUMANORVEHICLE_ZOO_5_6_7_9\25_20210615 (2).JPG;1
\vacia\NOANIMAL_ZOO_5_6_7_9\24_20210615 (15995).JPG;0
\leporido\rabbit_CaltechCameraTrap_ME\59ef8d90-23d2-11e8-a6a3-ec086b02610b.jpg;1
\lince\Lince_a_Linces2_Leo_JC\lince77 (175).JPG;1
\cervidae\ciervo_simone_2\34_20201024 (5972).JPG;1
\vacia\empty_SnapshotMountainZebra\MTZ_S1_E06_R3_IMAG0070.JPG;0
\vacia\NOANIMAL_ZOO_5_6_7_9\22_20210615 (1334).JPG;0
\cervidae\CERVIDREDORFALLOWDEER_ZOO_5_6_7_9\18_20210219 (2499) (2021_04_15 06_16_22 UTC).JPG;1
\vacia\NOANIMAL_ZOO_1_4\34_20210115 (5383).JPG;0
\leporido\liebre\Liebre_PNC_2014_JC\c30614IM000023.JPG;1
\vaca\COW_ZOO_1_4\21_20201217 (1556).JPG;1
\vacia\NOANIMAL_ZOO_5_6_7_9\24_20210318 (10551).JPG;0
\cervidae\6_ciervo_alumno_2_TH\21_20201025 (1182).JPG;1
\vacia\vacio_Saul Martin_FRAMES_SIN_REPETIDOS_REVISADOS_DIEGO\IMAG0020_frame300.jpg;0
\vacia\NOANIMAL_ZOO_5_6_7_9\2_20210618 (16518).JPG;0
\vacia\empty_SnapshotMountainZebra\MTZ_S1_B05_R3_IMAG7359.JPG;0
\ave\ave_ave_WellingtonCameraTraps_SS\080116054436012as121.JPG;1
\jabali\WILDBOAR_ZOO_1_4\37_20201116 (16423).JPG;1
\cervidae\CERVIDREDORFALLOWDEER_ZOO_5_6_7_9\39_20210318 (310).JPG;1
\caballo\HORSE_ZOO_1_4\15_20201117 (7287).JPG;1
\vacia\NOANIMAL_ZOO_5_6_7_9\2_20210417 (21798).JPG;0
\cervidae\CERVIDREDORFALLOWDEER_ZOO_5_6_7_9\16_20210615 (148).JPG;1
\vacia\empty_IslandConservationCameraTraps\ecuador1_ic1611_20150101_000001_img_0858.jpg;0
\leporido\rabbit_IslandConservationCameraTraps\chile_piedra012013_07052013152953.jpg;1
\vaca\cow_CaltechCameraTrap\58629383-23d2-11e8-a6a3-ec086b02610b.jpg;1
\vacia\empty_SnapshotCamdeboo\CDB_S1_B07_R2_IMAG0069.JPG;0
\leporido\rabbit_IslandConservationCameraTraps\chile_frances012013_2112201271908.jpg;1
\ave\ave_ave_WellingtonCameraTraps_SS\030216142932044b7484.JPG;1
\humanovehiculo\humanovehiculo_Caltech\5967357e-23d2-11e8-a6a3-ec086b02610b.jpg;1
\gato_domestico\cat_CaltechCameraTrap\5a0fcee5-23d2-11e8-a6a3-ec086b02610b.jpg;1
\ave\OTHERSPECIES_ZOO_5_6_7_9\50_20210616 (4964).JPG;1
\jabali\jabali_javi_JC\37_20201024 (1366).JPG;1
\cervidae\CERVIDREDORFALLOWDEER_ZOO_5_6_7_9\21_20210615 (208).JPG;1
\ave\OTHERSPECIES_ZOO_5_6_7_9\38_20210618 (1067).JPG;1
\cervidae\ciervo_simone_2\37_20201024 (479).JPG;1
\cervidae\CERVIDREDORFALLOWDEER_ZOO_1_4\21_20201025 (5123).JPG;1
\ave\2_ave_Soraya_Padilla_Alumno_1_TH\DSCF0029_frame050.jpg;1
\zorro\Zorro_PNC_2014_JC\c16408IM000020.JPG;1
\vacia\empty_IslandConservationCameraTraps\dominicanrepublic_cam0425abril2015_20130822_074118_sunp4513.jpg;0
\vaca\cow_CaltechCameraTrap\591364b0-23d2-11e8-a6a3-ec086b02610b.jpg;1
\ave\raven_IslandConservationCameraTraps\dominicanrepublic_cam1814marzo2016_20160224_111930_img_0022.jpg;1
\mapache\raccoon_CaltechCameraTrap_ME\5a197b2b-23d2-11e8-a6a3-ec086b02610b.jpg;1
\micromamiferos\rodent_CaltechCameraTrap_JC\Roedor_ rodent_CaltechCameraTrap_JC\59199639-23d2-11e8-a6a3-ec086b02610b.jpg;1
\vacia\NOANIMAL_ZOO_1_4\35_20210114 (302).JPG;0
\ave\raven_IslandConservationCameraTraps\dominicanrepublic_cam1814marzo2016_20160227_085712_img_0029.jpg;1
\leporido\rabbit_IslandConservationCameraTraps\chile_frances022013_23052013112241.jpg;1
\vacia\vacias_PNM_2013-O_ISAAC\f7213IMAG0066.JPG;0
\caballo\HORSE_ZOO_1_4\15_20201117 (2661).JPG;1
\cervidae\ciervo_PNC_2014_ISAAC\c22879IM000059.JPG;1
\cervidae\ciervo_PNC_2013-I_RED_ME\6215IM000097.JPG;1
\vacia\NOANIMAL_ZOO_5_6_7_9\31_20210615 (3320).JPG;0
\cervidae\CERVIDREDORFALLOWDEER_ZOO_1_4\18_unknowndate (899).JPG;1
\caballo\HORSE_ZOO_1_4\15_20210117 (2040).JPG;1
\leporido\rabbit_IslandConservationCameraTraps\chile_frances012013_2312201265753.jpg;1
\cervidae\CIERVO_PNM_2012_ISAAC\d15404IM000038.JPG;1
\cervidae\ciervo_PNC_2014_manuel\c11133FILE0009.JPG;1
\cervidae\CERVIDREDORFALLOWDEER_ZOO_5_6_7_9\5_20210417 (469).JPG;1
\humanovehiculo\HUMANORVEHICLE_ZOO_5_6_7_9\1_20210618 (446).JPG;1
\zorro\zorro_PNC_2012_JC\a49515IM000061.JPG;1
\vacia\vacias_1_de_2_PNC_2012_ISAAC\a37527IM000640.JPG;0
\jabali\WILDBOAR_ZOO_1_4\31_20201218 (377).JPG;1
\vacia\NOANIMAL_ZOO_5_6_7_9\50_20210417 (20094).JPG;0
\zorro\Zorro_Pepe_IREC\Zorro_Pepe_Irec_ME\IMAG1623.JPG;1
\vaca\cow_CaltechCameraTrap\593d6963-23d2-11e8-a6a3-ec086b02610b.jpg;1
\ave\ave_Soraya_Padilla_Alumno_1_TH\DSCF0047_frame140.jpg;1
\vacia\NOANIMAL_ZOO_1_4\6_20201812 (10805).JPG;0
\vacia\empty_IslandConservationCameraTraps\chile_filipiananbek2013_26092013164906.jpg;0
\zorro\zorro_PNC_2012_JC\a44371IM000051.JPG;1
\vacia\empty_IslandConservationCameraTraps\micronesia_cam16_cam16june2019_20190615173003_rcnx2404.jpg;0
\micromamiferos\spiny_rat_MissouriCameraTrap\SEQ75881_IMG_0003.JPG;1
\cervidae\deer_CaltechCameraTrap\58d7a0fd-23d2-11e8-a6a3-ec086b02610b.jpg;1
\vacia\NOANIMAL_ZOO_5_6_7_9\10_20210417 (1234).JPG;0
\cervidae\ciervo_PNM_2012_ME\d10516IM000582.JPG;1
\caballo\HORSE_ZOO_5_6_7_9\15_20210219 (1890) (2021_04_15 06_16_22 UTC).JPG;1
\vacia\empty_IslandConservationCameraTraps\dominicanrepublic_cam0425abril2015_20130809_022755_sunp1413.jpg;0
\vacia\empty_IslandConservationCameraTraps\dominicanrepublic_cam0527septiembre2015_20130801_130105_sunp0187.jpg;0
\vacia\NOANIMAL_ZOO_5_6_7_9\25_20210615 (11867).JPG;0
\cervidae\ciervo_PNC_2013-O_RED_ISAAC\b253IM000034.JPG;1
\lince\Lince_a_Linces2_Leo_JC\lince118 (41).JPG;1
\vacia\NOANIMAL_ZOO_5_6_7_9\50_20210417 (24333).JPG;0
\jabali\WILDBOAR_ZOO_1_4\31_20201218 (488).JPG;1
\cervidae\deer_CaltechCameraTrap\596736f6-23d2-11e8-a6a3-ec086b02610b.jpg;1
\zorro\Zorro_PNC_2014_JC\c86IM000036.JPG;1
\ave\aves_fotosManuelEmilio20200912\IMG_0981.JPG;1
\cervidae\ciervo_vacías_humanos_PNC_2012_ME\a19392IM000071.JPG;1
\leporido\rabbit_CaltechCameraTrap_ME\594e773d-23d2-11e8-a6a3-ec086b02610b.jpg;1
\cervidae\corzo_alumno_2_AM_JC\STC_0159_frame180.jpg;1
\cervidae\ciervo_PNC_2013-I_ME\2734IM000063.JPG;1
\cervidae\CERVIDREDORFALLOWDEER_ZOO_5_6_7_9\31_20210318 (41).JPG;1
\leporido\conejo_WellingtonCameraTraps_SS\100816162916040a7261.JPG;1
\vacia\empty_caltechCameraTraps\59c99fcf-23d2-11e8-a6a3-ec086b02610b.jpg;0
\cervidae\CERVIDREDORFALLOWDEER_ZOO_5_6_7_9\28_20210615 (1979).JPG;1
\cervidae\CERVIDREDORFALLOWDEER_ZOO_1_4\15_20210117 (8260).JPG;1
\jabali\WILDBOAR_ZOO_1_4\37_20201116 (14513).JPG;1
\vacia\vacias_1_de_2_PNC_2012_ISAAC\a41844IM000031.JPG;0
\cervidae\ciervo_simone_2\34_20201024 (6092).JPG;1
\vacia\vacia_alumno_AM_2\30_20201021 (4229).JPG;0
\vacia\NOANIMAL_ZOO_1_4\6_20201812 (10165).JPG;0
\cervidae\CERVIDREDORFALLOWDEER_ZOO_1_4\37_20210115 (2588).JPG;1
\vacia\vacias_1_de_2_PNC_2012_ISAAC\a36550IM000109.JPG;0
\vacia\NOANIMAL_ZOO_5_6_7_9\50_20210417 (20694).JPG;0
\vacia\empty_IslandConservationCameraTraps\dominicanrepublic_cam0425abril2015_20130808_030447_sunp0869.jpg;0
\vacia\empty_IslandConservationCameraTraps\ecuador1_ic1611_20150101_000001_img_1370.jpg;0
\vacia\NOANIMAL_ZOO_1_4\6_20201116 (6537).JPG;0
\mapache\raccoon_CaltechCameraTrap_ME\58b4a979-23d2-11e8-a6a3-ec086b02610b.jpg;1
\humanovehiculo\humano_vehiculo_PNM_2012_ISAAC\d7699IM000001.JPG;1
\cervidae\Ciervo_PNC_2014_JC\c7303IM000101.JPG;1
\mapache\raccoon_CaltechCameraTrap_ME\599be84b-23d2-11e8-a6a3-ec086b02610b.jpg;1
\vacia\NOANIMAL_ZOO_1_4\7_20210115 (2217).JPG;0
\vacia\empty_SnapshotMountainZebra\MTZ_S1_D05_R1_IMAG1721.JPG;0
\jabali\WILDBOAR_ZOO_5_6_7_9\37_20210220 (251) (2021_04_15 06_16_22 UTC).JPG;1
\jabali\WILDBOAR_ZOO_1_4\37_20201116 (7211).JPG;1
\caballo\HORSE_ZOO_1_4\15_20201117 (7088).JPG;1
\vacia\empty_IslandConservationCameraTraps\dominicanrepublic_cam2015abril2015_20150409_145055_img_4318.jpg;0
\zorro\ZORRO_PNM_2013-I_ISAAC\e5540IMAG0140.JPG;1
\vacia\NOANIMAL_ZOO_5_6_7_9\24_20210318 (416).JPG;0
\vacia\NOANIMAL_ZOO_5_6_7_9\25_20210417 (9170).JPG;0
\vacia\NOANIMAL_ZOO_5_6_7_9\2_20210417 (20769).JPG;0
\vacia\NOANIMAL_ZOO_1_4\6_20201812 (8954).JPG;0
\cervidae\ciervo_PNC_2013-O_RED_ISAAC\b11833IMAG0268.JPG;1
\vacia\empty_IslandConservationCameraTraps\dominicanrepublic_cam0520octubre2015_20130822_094921_sunp0016.jpg;0
\humanovehiculo\car_CaltechCameraTrap_ME\vehiculo\58cca6dc-23d2-11e8-a6a3-ec086b02610b.jpg;1
\vacia\NOANIMAL_ZOO_1_4\19_20201117 (138).JPG;0
\vacia\NOANIMAL_ZOO_5_6_7_9\24_20210418 (16730).JPG;0
\vaca\COW_ZOO_1_4\17_20210114 (1700).JPG;1
\cervidae\CERVIDREDORFALLOWDEER_ZOO_1_4\6_20201023 (2611).JPG;1
\leporido\Rabbit_mammalWeb\56186.jpg;1
\cervidae\CERVIDREDORFALLOWDEER_ZOO_1_4\37_20201215 (1691).JPG;1
\leporido\rabbit_IslandConservationCameraTraps\chile_frances022013_16042013143529.jpg;1
\gato_domestico\cat_CaltechCameraTrap\59fc7d98-23d2-11e8-a6a3-ec086b02610b.jpg;1
\vacia\empty_IslandConservationCameraTraps\dominicanrepublic_cam1125abril2015_20150416_153852_img_1637.jpg;0
\lince\Lince_a_Linces2_Leo_JC\lince112 (22).JPG;1
\jabali\WILDBOAR_ZOO_5_6_7_9\31_20210219 (1087) (2021_04_15 06_16_22 UTC).JPG;1
\vacia\NOANIMAL_ZOO_5_6_7_9\25_20210417 (8911).JPG;0
\cervidae\CERVIDREDORFALLOWDEER_ZOO_1_4\21_20201025 (1103).JPG;1
\caballo\HORSE_ZOO_1_4\15_20210117 (2433).JPG;1
\ave\brown_noddy_IslandConservationCameraTraps\palau_cam04a12132018_20180916_092634_rcnx1181.jpg;1
\vacia\NOANIMAL_ZOO_5_6_7_9\20_20210319 (486).JPG;0
\leporido\rabbit_IslandConservationCameraTraps\chile_frances022013_17042013155530.jpg;1
\vacia\NOANIMAL_ZOO_1_4\10_20201117 (4048).JPG;0
\vacia\empty_SnapshotKaroo\KAR_S1_D03_R1_IMAG0053.JPG;0
\vaca\COW_ZOO_5_6_7_9\46_20210618 (799).JPG;1
\zorro\zorro_PNC_2012_JC\a30477IM000030.JPG;1
\cervidae\ciervo_Paco_Carro_JC\PICT0688.JPG;1
\micromamiferos\micromamiferos_Paco_Carro_JC\IMG_0189 (3).JPG;1
\vacia\NOANIMAL_ZOO_1_4\7_20210115 (2414).JPG;0
\cervidae\cervidae_buscar_cab_isaac_sin_contar\35_20201218 (2204).JPG;1
\vacia\NOANIMAL_ZOO_5_6_7_9\36_20210618 (5133).JPG;0
\cervidae\CERVIDREDORFALLOWDEER_ZOO_1_4\15_20201215 (6726).JPG;1
\vacia\NOANIMAL_ZOO_1_4\26_20201020 (11723).JPG;0
\gato_domestico\gato_WellingtonCameraTraps_SS\070816132704021as236.JPG;1
\zorro\zorro_PNC_2014_manuel\c25835IM000053.JPG;1
\vacia\empty_SnapshotMountainZebra\MTZ_S1_G04_R3_IMAG2538.JPG;0
\vacia\empty_IslandConservationCameraTraps\dominicanrepublic_cam0425abril2015_20130807_045840_sunp0621.jpg;0
\vacia\empty_IslandConservationCameraTraps\dominicanrepublic_cam1525septiembre2015_20150914_143644_img_0039.jpg;0
\vacia\NOANIMAL_ZOO_1_4\6_20201812 (13216).JPG;0
\cervidae\CERVIDREDORFALLOWDEER_ZOO_5_6_7_9\28_20210615 (857).JPG;1
\vacia\empty_caltechCameraTraps\598de9d3-23d2-11e8-a6a3-ec086b02610b.jpg;0
\ave\Ave_Leo_Otra_fauna_PASADA_POR_LA_RED_JC\Otrafauna (1884).JPG;1
\vacia\empty_caltechCameraTraps\5a2966a7-23d2-11e8-a6a3-ec086b02610b.jpg;0
\vacia\empty_IslandConservationCameraTraps\dominicanrepublic_cam1725abril2015_20150407_063802_img_0142.jpg;0
\humanovehiculo\humanovehiculo_PNC_2014_manuel\c28005IM000001.JPG;1
\cervidae\ciervo_vacías_humanos_PNC_2012_ME\a2664IM000031.JPG;1
\zorro\zorro_PNC_2013-I_ME\7743IM000053.JPG;1
\vacia\vacias_1_de_2_PNC_2012_ISAAC\a53149IM000513.JPG;0
\vacia\vacias_PNM_2013-O_ISAAC\f6702IMAG1124.JPG;0
\ave\ave_ave_WellingtonCameraTraps_SS\020716142308017as382.JPG;1
\zorro\zorro_PNM_2012_ME\d3341IM000032.JPG;1
\zorro\zorro_PNC_2014_manuel\c4280IM000058.JPG;1
\cervidae\deer_CaltechCameraTrap\59bfdfb3-23d2-11e8-a6a3-ec086b02610b.jpg;1
\cervidae\CERVIDREDORFALLOWDEER_ZOO_5_6_7_9\9_20210318 (867).JPG;1
\vacia\empty_IslandConservationCameraTraps\dominicanrepublic_cam1826junio2015_20150505_105117_img_2358.jpg;0
\vacia\empty_IslandConservationCameraTraps\dominicanrepublic_cam1826julio2015_20150626_120429_img_0257.jpg;0
\vaca\COW_ZOO_1_4\21_20201217 (54).JPG;1
\zorro\zorro_PNC_2014_manuel\c10932IMAG0006.JPG;1
\cervidae\Ciervo_PNC_2014_JC\c28017IM000013.JPG;1
\vacia\NOANIMAL_ZOO_1_4\14_20201118 (507).JPG;0
\vacia\NOANIMAL_ZOO_1_4\40_20201215 (2862).JPG;0
\ave\ave_ave_WellingtonCameraTraps_SS\050416092440043cs373.JPG;1
\vacia\NOANIMAL_ZOO_1_4\26_20201020 (3003).JPG;0
\caballo\HORSE_ZOO_1_4\15_20201117 (2838).JPG;1
\ave\rooster_IslandConservationCameraTraps\palau_cam04a12132018_20181104_085707_rcnx2086.jpg;1
\vacia\empty_IslandConservationCameraTraps\micronesia_cam16_cam16june2019_20190608091529_rcnx0702.jpg;0
\vacia\NOANIMAL_ZOO_5_6_7_9\32_20210615 (1327).JPG;0
\vaca\COW_ZOO_1_4\28_20210115 (941).JPG;1
\zorro\zorro_PNM_2013-O_ISAAC\f4425IM000083.JPG;1
\cervidae\ciervo_PNM_2012_ME\d495IM000122.JPG;1
\vacia\empty_IslandConservationCameraTraps\dominicanrepublic_cam1826julio2015_20150628_105553_img_0603.jpg;0
\vacia\vacias_PNC_2014_ISAAC\c9189IM000051.JPG;0
\vaca\COW_ZOO_1_4\35_20201218 (1789).JPG;1
\ave\ave_PNC_2014_manuel\c22481IM000015.JPG;1
\vacia\NOANIMAL_ZOO_5_6_7_9\25_20210417 (12362).JPG;0
\cervidae\CERVIDREDORFALLOWDEER_ZOO_5_6_7_9\10_20210618 (3177).JPG;1
\cervidae\gamo_Javi_3_JC\21_20201025 (286).JPG;1
\jabali\jabali_javi_JC\24_20201019 (8703).JPG;1
\humanovehiculo\humano_vehiculo_PNC_2013-I_ISAAC\972IMAG0001.JPG;1
\ave\Chicken_ena24\6507.jpg;1
\vacia\vacia_ss\26_20201020 (2626).JPG;0
\vacia\empty_SnapshotMountainZebra\MTZ_S1_D06_R1_IMAG1034.JPG;0
\cervidae\ciervo_vacías_humanos_PNC_2012_ME\a13552IM000168.JPG;1
\vacia\empty_SnapshotMountainZebra\MTZ_S1_D05_R1_IMAG1494.JPG;0
\vaca\cow_CaltechCameraTrap\592f727f-23d2-11e8-a6a3-ec086b02610b.jpg;1
\vaca\COW_ZOO_1_4\10_20210115 (5070).JPG;1
\jabali\jabali_alumno_1_AM_2\37_20201024 (354).JPG;1
\vacia\NOANIMAL_ZOO_1_4\21_20201025 (5202).JPG;0
\micromamiferos\rat_IslandConservationCameraTraps\micronesia_cam08_cam08june2019_20190629172957_rcnx0080.jpg;1
\vaca\COW_ZOO_5_6_7_9\9_20210615 (1888).JPG;1
\vacia\vacia_alumno_TH_3_TH_JC\30_20201021 (6805).JPG;0
\vacia\empty_IslandConservationCameraTraps\micronesia_cam16april2019_20190413_093000_rcnx0332.jpg;0
\vacia\vacia_alumno_AM_2\21_20201025 (1462).JPG;0
\vaca\cow_CaltechCameraTrap\58cb10ec-23d2-11e8-a6a3-ec086b02610b.jpg;1
\vacia\empty_IslandConservationCameraTraps\dominicanrepublic_cam1826junio2015_20150505_090902_img_1772.jpg;0
\vacia\vacias_IslandConservationCameraTraps_IslandConservationCameraTraps\palau_cam08a12132018_20180923_162926_rcnx0109.jpg;0
\vacia\NOANIMAL_ZOO_5_6_7_9\13_20210218 (1286) (2021_04_15 06_16_22 UTC).JPG;0
\gato_domestico\gato_WellingtonCameraTraps_SS\16101510520601940151.JPG;1
\jabali\WILDBOAR_ZOO_1_4\4_20210117 (3975).JPG;1
\cervidae\deer_CaltechCameraTrap\59a94bc6-23d2-11e8-a6a3-ec086b02610b.jpg;1
\vacia\NOANIMAL_ZOO_1_4\6_20201812 (12707).JPG;0
\gato_domestico\gato_WellingtonCameraTraps_SS\110816184544011a5902.JPG;1
\zorro\zorro_vacías_humanos_PNC_2012_ME\a28896IM000020.JPG;1
\vaca\COW_ZOO_1_4\21_20210114 (1055).JPG;1
\ave\ave_Soraya_Padilla_Alumno_1_TH\DSCF0072_frame090.jpg;1
\vacia\NOANIMAL_ZOO_1_4\6_20201812 (12601).JPG;0
\ave\ave_ave_WellingtonCameraTraps_SS\140116080632044as081.JPG;1
\leporido\Rabbit_mammalWeb\24444.jpg;1
\zorro\Zorro_PNC_2014_JC\c3225IM000166.JPG;1
\leporido\conejo_Paco_Carro_JC\PICT0894 (2).JPG;1
\gineta\gineta_Saul Martin_FRAMES_SIN_REPETIDOS_REVISADOS_DIEGO\IMAG0031_frame400.jpg;1
\vacia\NOANIMAL_ZOO_5_6_7_9\38_20210319 (7113).JPG;0
\vacia\NOANIMAL_ZOO_1_4\26_20201020 (16346).JPG;0
\jabali\jabali_javi_JC\37_20201024 (10790).JPG;1
\vacia\empty_IslandConservationCameraTraps\dominicanrepublic_cam1425abril2015_20150415_125958_img_1510.jpg;0
\vacia\empty_caltechCameraTraps\59cf471e-23d2-11e8-a6a3-ec086b02610b.jpg;0
\cervidae\2_Ciervo_PNC_2013-O_ME\b17915IM000218.JPG;1
\vaca\COW_ZOO_5_6_7_9\9_20210615 (1000).JPG;1
\lince\Lince_a_Linces2_Leo_JC\Lince53 (102).JPG;1
\vacia\empty_SnapshotMountainZebra\MTZ_S1_C06_R3_IMAG1128.JPG;0
\vacia\NOANIMAL_ZOO_5_6_7_9\25_20210417 (2798).JPG;0
\caballo\Horse_mammalWeb\43173.jpg;1
\jabali\Jabali_PNC_2014_JC\c27691IM000146.JPG;1
\vacia\empty_SnapshotMountainZebra\MTZ_S1_E06_R3_IMAG0032.JPG;0
\vaca\COW_ZOO_5_6_7_9\9_20210615 (2032).JPG;1
\cervidae\ciervo_Javi_3_JC\26_20201020 (4132).JPG;1
\cervidae\ciervo_vacías_humanos_PNC_2012_ME\a43027IMAG0064.JPG;1
\cervidae\ciervo_simone_2\37_20201024 (1527).JPG;1
\cervidae\ciervo_Javi_3_JC\26_20201020 (960).JPG;1
\cervidae\corzo_alumno_2_AM_JC\STC_0039_frame120.jpg;1
\cervidae\CIERVO_PNM_2012_ISAAC\d480IM000106.JPG;1
\leporido\rabbit_IslandConservationCameraTraps\chile_piedra012013_09052013153138.jpg;1
\vacia\NOANIMAL_ZOO_1_4\7_20210115 (4277).JPG;0
\vacia\NOANIMAL_ZOO_5_6_7_9\50_20210417 (25292).JPG;0
\zorro\Zorro_Pepe_IREC\Zorro_Pepe_Irec_ME\IMAG0186_(7).JPG;1
\gato_domestico\gato_WellingtonCameraTraps_SS\190616115124046b6371.JPG;1
\cervidae\CERVIDREDORFALLOWDEER_ZOO_5_6_7_9\19_20210219 (1624) (2021_04_15 06_16_22 UTC).JPG;1
\caballo\caballos_javier_JC\2_20201117 (3530).JPG;1
\vaca\COW_ZOO_5_6_7_9\21_20210418 (1149).JPG;1
\vacia\NOANIMAL_ZOO_1_4\6_20201812 (8646).JPG;0
\vacia\NOANIMAL_ZOO_5_6_7_9\2_20210417 (19042).JPG;0
\cervidae\corzo_alumno_2_AM_JC\DSCF0182_frame187.jpg;1
\ave\bird_CaltechCameraTrap\58e93836-23d2-11e8-a6a3-ec086b02610b.jpg;1
\vacia\empty_SnapshotMountainZebra\MTZ_S1_D05_R1_IMAG2747.JPG;0
\cervidae\CERVIDREDORFALLOWDEER_ZOO_1_4\21_20201025 (3068).JPG;1
\cervidae\ciervo_vacías_humanos_PNC_2012_ME\a27973IM000218.JPG;1
\lince\Lince_a_Linces2_Leo_JC\lince120 (133).JPG;1
\vacia\NOANIMAL_ZOO_1_4\7_20210115 (3804).JPG;0
\cervidae\ciervo_PNC_2012_ISAAC\a15141IM000171.JPG;1
\vacia\NOANIMAL_ZOO_1_4\37_20201215 (555).JPG;0
\vacia\empty_SnapshotMountainZebra\MTZ_S1_D05_R1_IMAG0435.JPG;0
\vaca\COW_ZOO_5_6_7_9\21_20210418 (1665).JPG;1
\gato_domestico\gato_WellingtonCameraTraps_SS\021016024902017c9231.JPG;1
\humanovehiculo\HUMANORVEHICLE_ZOO_1_4\18_20200130 (2802).JPG;1
\gato_domestico\gato_WellingtonCameraTraps_SS\191016052110044b7301.JPG;1
\vacia\empty_IslandConservationCameraTraps\puertorico_29_20141130_144328_img_0104.jpg;0
\cervidae\deer_CaltechCameraTrap\59fae71c-23d2-11e8-a6a3-ec086b02610b.jpg;1
\vacia\NOANIMAL_ZOO_1_4\29_20201023 (709).JPG;0
\vaca\COW_ZOO_5_6_7_9\49_20210418 (2416).JPG;1
\ave\bird_CaltechCameraTrap\59e91c44-23d2-11e8-a6a3-ec086b02610b.jpg;1
\vaca\Vaca1_diego_1_rev_donana\15_20201024 (2998).JPG;1
\vacia\NOANIMAL_ZOO_1_4\7_20201217 (536).JPG;0
\vacia\vacia_Paco_Carro_JC\IMG_1706.JPG;0
\vacia\NOANIMAL_ZOO_5_6_7_9\32_20210615 (3631).JPG;0
\humanovehiculo\HUMANORVEHICLE_ZOO_1_4\39_20201019 (562).JPG;1
\vacia\NOANIMAL_ZOO_1_4\34_20210115 (2202).JPG;0
\jabali\WILDBOAR_ZOO_1_4\11_20210114 (407).JPG;1
\vacia\empty_SnapshotMountainZebra\MTZ_S1_D07_R1_IMAG1093.JPG;0
\vacia\vacia_Paco_Carro_JC\IMG_0919.JPG;0
\jabali\WILDBOAR_ZOO_5_6_7_9\31_20210219 (183) (2021_04_15 06_16_22 UTC).JPG;1
\vacia\NOANIMAL_ZOO_5_6_7_9\20_20210618 (10662).JPG;0
\vacia\NOANIMAL_ZOO_5_6_7_9\2_20210417 (19869).JPG;0
\vacia\empty_IslandConservationCameraTraps\dominicanrepublic_cam1125abril2015_20150410_175647_img_0861.jpg;0
\gineta\gineta_Saul Martin_FRAMES_SIN_REPETIDOS_REVISADOS_DIEGO\IMAG0014_frame540.jpg;1
\vaca\COW_ZOO_5_6_7_9\46_20210618 (795).JPG;1
\cervidae\deer_CaltechCameraTrap\592478b6-23d2-11e8-a6a3-ec086b02610b.jpg;1
\vaca\COW_ZOO_5_6_7_9\9_20210615 (473).JPG;1
\cervidae\corzo_alumno_2_AM_JC\STC_0297_frame230.jpg;1
\vacia\vacia_alumno_AM_2\37_20201024 (4658).JPG;0
\vacia\NOANIMAL_ZOO_1_4\6_20201116 (2423).JPG;0
\vacia\vacia_Paco_Carro_JC\01130877 (2).JPG;0
\cervidae\CERVIDREDORFALLOWDEER_ZOO_1_4\2_20210115 (1983).JPG;1
\humanovehiculo\humanovehiculo_PNC_2014_manuel\c892IM000003.JPG;1
\vaca\COW_ZOO_1_4\21_20201217 (1695).JPG;1
\cervidae\CERVIDREDORFALLOWDEER_ZOO_1_4\18_unknowndate (573).JPG;1
\vacia\NOANIMAL_ZOO_5_6_7_9\49_20210615 (66).JPG;0
\vacia\NOANIMAL_ZOO_5_6_7_9\50_20210408 (15406).JPG;0
\zorro\zorro_PNM_2012_ME\d14723IMAG0054.JPG;1
\gato_domestico\cat_CaltechCameraTrap\5a17e041-23d2-11e8-a6a3-ec086b02610b.jpg;1
\cervidae\CERVIDREDORFALLOWDEER_ZOO_5_6_7_9\38_20210319 (7176).JPG;1
\jabali\WILDBOAR_ZOO_5_6_7_9\11_20210218 (77) (2021_04_15 06_16_22 UTC).JPG;1
\vacia\empty_caltechCameraTraps\5a0e37e6-23d2-11e8-a6a3-ec086b02610b.jpg;0
\jabali\jabali_alumno_1_AM_2\28_20201019 (1466).JPG;1
\cervidae\deer_CaltechCameraTrap\5a2964b8-23d2-11e8-a6a3-ec086b02610b.jpg;1
\ave\ave_ave_WellingtonCameraTraps_SS\030216084902027a3391.JPG;1
\leporido\Rabbit_mammalWeb\425.jpg;1
\cervidae\CERVIDREDORFALLOWDEER_ZOO_5_6_7_9\31_20210615 (4138).JPG;1
\vaca\COW_ZOO_1_4\15_20201117 (1387).JPG;1
\cervidae\CERVIDREDORFALLOWDEER_ZOO_1_4\21_20201025 (2728).JPG;1
\vacia\vacias_PNC_2014_ISAAC\c10471IM000046.JPG;0
\ave\ave_ave_WellingtonCameraTraps_SS\030416095438013bs381.JPG;1
\caballo\HORSE_ZOO_1_4\17_20201225 (100).JPG;1
\vacia\SnampshotEnonkishu\ENO_S1_B03_R1_IMAG1310.JPG;0
\cervidae\ciervo_PNM_2012_ME\d2498IM000795.JPG;1
\vacia\empty_SnapshotMountainZebra\MTZ_S1_D05_R1_IMAG0469.JPG;0
\vacia\NOANIMAL_ZOO_5_6_7_9\19_20210417 (965).JPG;0
\gato_domestico\cat_IslandConservationCameraTraps\palau_cam13a12132018_20181023_220442_rcnx0953.jpg;1
\humanovehiculo\HUMANORVEHICLE_ZOO_1_4\1_20201220 (306).JPG;1
\vacia\NOANIMAL_ZOO_5_6_7_9\2_20210417 (10854).JPG;0
\vacia\vacias_PNC_2014_ISAAC\c25412IM000013.JPG;0
\jabali\WILDBOAR_ZOO_1_4\29_20201117 (853).JPG;1
\humanovehiculo\humanovehiculo_Caltech\5a1fe67c-23d2-11e8-a6a3-ec086b02610b.jpg;1
\mapache\raccoon_CaltechCameraTrap_ME\5a1b159b-23d2-11e8-a6a3-ec086b02610b.jpg;1
\caballo\HORSE_ZOO_1_4\10_20201218 (1046).JPG;1
\vacia\NOANIMAL_ZOO_5_6_7_9\2_20210417 (11187).JPG;0
\vacia\NOANIMAL_ZOO_5_6_7_9\35_20210218 (1751) (2021_04_15 06_16_22 UTC).JPG;0
\caballo\HORSE_ZOO_5_6_7_9\44_20210618 (178).JPG;1
\lince\linces_fecha_Linces2_Leo_JC\2_Lince_flecha_Linces2_Leo_JC\lince110 (67).jpg;1
\humanovehiculo\HUMANORVEHICLE_ZOO_5_6_7_9\48_20210615 (169).JPG;1
\vacia\empty_SnapshotMountainZebra\MTZ_S1_D06_R1_IMAG0619.JPG;0
\zorro\zorro_PNC_2013-I_RED_ME\1019IMAG0050.JPG;1
\vacia\empty_caltechCameraTraps\59973ef8-23d2-11e8-a6a3-ec086b02610b.jpg;0
\vacia\NOANIMAL_ZOO_5_6_7_9\49_20210418 (3720).JPG;0
\caballo\caballos_javier_JC\2_20201117 (513).JPG;1
\jabali\WILDBOAR_ZOO_1_4\28_20201019 (1340).JPG;1
\gato_domestico\gato_WellingtonCameraTraps_SS\17091514355808885101.JPG;1
\vacia\vacias_PNC_2014_ISAAC\c12178IMAG0106.JPG;0
\humanovehiculo\humanovehiculo_PNC_2014_manuel\c5290IM000026.JPG;1
\ave\ave_Soraya_Padilla_Alumno_1_TH\DSCF0004_frame030.jpg;1
\cervidae\deer_CaltechCameraTrap\587d419f-23d2-11e8-a6a3-ec086b02610b.jpg;1
\ave\shearwater_IslandConservationCameraTraps\chile_vaqueria2013_1712201205757.jpg;1
\vacia\NOANIMAL_ZOO_1_4\15_20210117 (11287).JPG;0
\vacia\NOANIMAL_ZOO_5_6_7_9\24_20210318 (5919).JPG;0
\vacia\NOANIMAL_ZOO_1_4\20_20201117 (328).JPG;0
\ave\ave_ave_WellingtonCameraTraps_SS\050816133858011bs101.JPG;1
\vacia\vacia_alumno_2_AM\VULVUL_frame280.jpg;0
\cervidae\CERVIDREDORFALLOWDEER_ZOO_5_6_7_9\24_20210318 (43).JPG;1
\cervidae\deer_CaltechCameraTrap\59629285-23d2-11e8-a6a3-ec086b02610b.jpg;1
\vacia\empty_IslandConservationCameraTraps\ecuador1_ic1611_20150101_000004_img_0302.jpg;0
\leporido\conejo_Paco_Carro_JC\PICT1949.JPG;1
\vacia\empty_IslandConservationCameraTraps\dominicanrepublic_cam1826junio2015_20150505_103538_img_2268.jpg;0
\vacia\NOANIMAL_ZOO_1_4\6_20201812 (8098).JPG;0
\vaca\COW_ZOO_5_6_7_9\21_20210418 (1693).JPG;1
\ave\Mirlo_PNM_2013-0_ME\f27231IMAG0224.JPG;1
\micromamiferos\rodent_CaltechCameraTrap_JC\Roedor_ rodent_CaltechCameraTrap_JC\58e59966-23d2-11e8-a6a3-ec086b02610b.jpg;1
\vacia\empty_SnapshotMountainZebra\MTZ_S1_D05_R1_IMAG0824.JPG;0
\humanovehiculo\car_CaltechCameraTrap_ME\vehiculo\58857d1a-23d2-11e8-a6a3-ec086b02610b.jpg;1
\humanovehiculo\car_CaltechCameraTrap_ME\vehiculo\58f5b19e-23d2-11e8-a6a3-ec086b02610b.jpg;1
\vacia\NOANIMAL_ZOO_1_4\11_20201027 (202).JPG;0
\tejon\Tejon_PEPE_IREC_JC\IMAG0162.JPG;1
\lince\Lince_b_Linces2_Leo_JC\lince150 (107).JPG;1
\cervidae\4_ciervo_simone_2\37_20201024 (8586).JPG;1
\vacia\empty_caltechCameraTraps\59d0e2c2-23d2-11e8-a6a3-ec086b02610b.jpg;0
\cervidae\deer_CaltechCameraTrap\5934197a-23d2-11e8-a6a3-ec086b02610b.jpg;1
\vacia\empty_caltechCameraTraps\59f6001b-23d2-11e8-a6a3-ec086b02610b.jpg;0
\jabali\WILDBOAR_ZOO_5_6_7_9\31_20210219 (1251) (2021_04_15 06_16_22 UTC).JPG;1
\vacia\NOANIMAL_ZOO_1_4\4_20201220 (1666).JPG;0
\vacia\empty_IslandConservationCameraTraps\dominicanrepublic_cam1125abril2015_20150412_171228_img_1136.jpg;0
\vacia\vacias_PNC_2014_ISAAC\c17379IM000298.JPG;0
\zorro\zorro_PNM_2012_ME\d2851IMAG0048.JPG;1
\garduna\garduna_PNM_2013-O_ME\f21322IM000032.JPG;1
\vacia\empty_SnapshotMountainZebra\MTZ_S1_D06_R1_IMAG0865.JPG;0
\vacia\empty_caltechCameraTraps\59b7a60d-23d2-11e8-a6a3-ec086b02610b.jpg;0
\ave\ave_ave_WellingtonCameraTraps_SS\071016173902035a5023.JPG;1
\vacia\NOANIMAL_ZOO_5_6_7_9\2_20210417 (16466).JPG;0
\vacia\NOANIMAL_ZOO_5_6_7_9\22_20210615 (1912).JPG;0
\vaca\cow_CaltechCameraTrap\591e4249-23d2-11e8-a6a3-ec086b02610b.jpg;1
\cervidae\cervidae_alumno_1_AM_2\26_20201020 (4134).JPG;1
\zorro\zorro_vacías_humanos_PNC_2012_ME\a47564IM000058.JPG;1
\vacia\NOANIMAL_ZOO_5_6_7_9\2_20210417 (16808).JPG;0
\ave\chicken_IslandConservationCameraTraps\palau_cam03a08312018_20180825_142231_rcnx0121.jpg;1
\vacia\NOANIMAL_ZOO_5_6_7_9\11_20210615 (6638).JPG;0
\vacia\Nothing_mammalWeb\167018.jpg;0
\cervidae\CERVIDREDORFALLOWDEER_ZOO_1_4\18_20210115 (35).JPG;1
\vacia\empty_IslandConservationCameraTraps\dominicanrepublic_cam10601agosto2017_20170108_122729_img_0087.jpg;0
\vacia\NOANIMAL_ZOO_1_4\37_20201024 (9435).JPG;0
\cervidae\CERVIDREDORFALLOWDEER_ZOO_1_4\7_20201217 (211).JPG;1
\vacia\NOANIMAL_ZOO_5_6_7_9\49_20210418 (4874).JPG;0
\mapache\raccoon_CaltechCameraTrap_ME\59ec5578-23d2-11e8-a6a3-ec086b02610b.jpg;1
\jabali\WILDBOAR_ZOO_5_6_7_9\48_20210418 (88).JPG;1
\cervidae\CERVIDREDORFALLOWDEER_ZOO_1_4\21_20201119 (3298).JPG;1
\leporido\conejo_leo_donana\0008518.JPG;1
\jabali\WILDBOAR_ZOO_1_4\21_20201025 (2360).JPG;1
\vacia\NOANIMAL_ZOO_5_6_7_9\49_20210615 (33).JPG;0
\cervidae\CERVIDREDORFALLOWDEER_ZOO_1_4\21_20201025 (2007).JPG;1
\zorro\zorro_PNC_2013-I_ME\5963IM000026.JPG;1
\cervidae\cervidae_alumno_AM_2\26_20201020 (123).JPG;1
\vacia\SnampshotEnonkishu\ENO_S1_D06_R1_IMAG1979.JPG;0
\cervidae\ciervo_Javi_3_JC\21_20201025 (2762).JPG;1
\gato_domestico\cat_IslandConservationCameraTraps\chile_piedra012013_01062013161058.jpg;1
\cervidae\CERVIDREDORFALLOWDEER_ZOO_1_4\18_20200130 (2801).JPG;1
\vacia\NOANIMAL_ZOO_5_6_7_9\50_20210408 (16694).JPG;0
\vacia\empty_IslandConservationCameraTraps\ecuador1_ic1611_20150101_000001_img_0769.jpg;0
\zorro\Zorro_PNC_2014_JC\c6234IM000177.JPG;1
\humanovehiculo\Vehicle_ena24\2792.jpg;1
\tejon\Badger_mammalWeb\20851.jpg;1
\vaca\COW_ZOO_1_4\6_20201116 (1145).JPG;1
\vacia\NOANIMAL_ZOO_5_6_7_9\36_20210618 (8317).JPG;0
\cervidae\deer_CaltechCameraTrap\59a7bdb7-23d2-11e8-a6a3-ec086b02610b.jpg;1
\tejon\Tejon_Leo_Otra_fauna_PASADA_POR_LA_RED_JC\Otrafauna (671).JPG;1
\vacia\NOANIMAL_ZOO_1_4\6_20201812 (13281).JPG;0
\gato_domestico\cat_CaltechCameraTrap\59c4c02f-23d2-11e8-a6a3-ec086b02610b.jpg;1
\zorro\zorro_Leo_Otra_fauna_PASADA_POR_LA_RED_JC\Otrafauna (1136).JPG;1
\jabali\WILDBOAR_ZOO_5_6_7_9\47_20210418 (328).JPG;1
\jabali\WILDBOAR_ZOO_1_4\10_20201117 (518).JPG;1
\vacia\vacia_Paco_Carro_JC\IMG_2162.JPG;0
\gato_domestico\gato_WellingtonCameraTraps_SS\120716093432043a7513.JPG;1
\humanovehiculo\car_CaltechCameraTrap_ME\vehiculo\592ac087-23d2-11e8-a6a3-ec086b02610b.jpg;1
\vacia\vacia_Soraya_Padilla_Alumno_1_TH\STC_0522_frame150.jpg;0
\jabali\jabali_javi_JC\28_20201019 (1434).JPG;1
\zorro\Zorro_PNM_2013-0_ME\f15154IM000167.JPG;1
\cervidae\ciervo_simone_2\34_20201024 (4690).JPG;1
\jabali\2_jabali_javi_JC\37_20201024 (764).JPG;1
\leporido\conejo_PNC_2014_ISAAC\c24591IMAG0097.JPG;1
\vacia\empty_caltechCameraTraps\59a17ba1-23d2-11e8-a6a3-ec086b02610b.jpg;0
\jabali\WILDBOAR_ZOO_1_4\37_20201116 (4685).JPG;1
\cervidae\2_cervidae_alumno_1_AM_2\10_20201019 (1331).JPG;1
\vacia\SnampshotEnonkishu\ENO_S1_D06_R1_IMAG4605.JPG;0
\vacia\empty_IslandConservationCameraTraps\puertorico_26_20141122_172250_ek000218.jpg;0
\gato_domestico\gato_WellingtonCameraTraps_SS\14101514561609565902.JPG;1
\cervidae\cervidae_alumno_2_TH\21_20201025 (5212).JPG;1
\cervidae\CERVIDREDORFALLOWDEER_ZOO_5_6_7_9\36_20210319 (593).JPG;1
\ave\ave_Soraya_Padilla_Alumno_1_TH\DSCF0105_frame010.jpg;1
\cervidae\ciervo_PNC_2014_ISAAC\c27364IM000154.JPG;1
\vacia\empty_SnapshotMountainZebra\MTZ_S1_D06_R1_IMAG1226.JPG;0
\cervidae\CERVIDREDORFALLOWDEER_ZOO_1_4\28_20201019 (421).JPG;1
\caballo\HORSE_ZOO_5_6_7_9\44_20210618 (197).JPG;1
\cervidae\CERVIDREDORFALLOWDEER_ZOO_5_6_7_9\19_20210319 (3113).JPG;1
\cervidae\CERVIDREDORFALLOWDEER_ZOO_5_6_7_9\39_20210318 (202).JPG;1
\vacia\Nothing_mammalWeb\25531.jpg;0
\zorro\Zorro_PNM_2013-0_ME\f14787IM000099.JPG;1
\vacia\vacia_revGinetasJC_REV1_4_donana\29_20201023 (394).JPG;0
\cervidae\CERVIDREDORFALLOWDEER_ZOO_1_4\22_20201218 (450).JPG;1
\leporido\Eastern Cottontail_ena24\773.jpg;1
\cervidae\ciervo_PNM_2012_ISAAC\d10409IM000469.JPG;1
\cervidae\deer_CaltechCameraTrap\5860ef0d-23d2-11e8-a6a3-ec086b02610b.jpg;1
\cervidae\ciervo_PNM_2013-O_ISAAC\f28321IMAG0902.JPG;1
\vacia\vacia_javi_2_JC\27_20201023 (6180).JPG;0
\cervidae\CERVIDREDORFALLOWDEER_ZOO_1_4\28_20201117 (1146).JPG;1
\tejon\tejon_alumno_2_AM_JC\STC_0060 (2)_frame020.jpg;1
\vacia\empty_caltechCameraTraps\5a163f15-23d2-11e8-a6a3-ec086b02610b.jpg;0
\vacia\NOANIMAL_ZOO_5_6_7_9\36_20210618 (5271).JPG;0
\cervidae\deer_CaltechCameraTrap\5a24a9d1-23d2-11e8-a6a3-ec086b02610b.jpg;1
\zorro\zorro_PNC_2014_manuel\c29688IM000043.JPG;1
\humanovehiculo\HUMANORVEHICLE_ZOO_1_4\24_20201019 (6).JPG;1
\vacia\NOANIMAL_ZOO_5_6_7_9\19_20210219 (1150) (2021_04_15 06_16_22 UTC).JPG;0
\cervidae\CERVIDREDORFALLOWDEER_ZOO_5_6_7_9\1_20210417 (551).JPG;1
\vacia\vacia_alumno_1_AM\10_20201019 (42).JPG;0
\humanovehiculo\humanovehiculo_PNC_2014_manuel\c30068IM000119.JPG;1
\vacia\NOANIMAL_ZOO_5_6_7_9\39_20210615 (9999).JPG;0
\perro\perros_ME_CASA\IMG_0193.JPG;1
\vacia\NOANIMAL_ZOO_1_4\34_20210115 (6903).JPG;0
\jabali\WILDBOAR_ZOO_1_4\33_20210115 (132).JPG;1
\vaca\cow_CaltechCameraTrap\59341b95-23d2-11e8-a6a3-ec086b02610b.jpg;1
\cervidae\ciervo_PNC_2013-I_RED_ME\7855IM000161.JPG;1
\vacia\empty_SnapshotKaroo\KAR_S1_C02_R1_IMAG0788.JPG;0
\cervidae\ciervo_vacías_humanos_PNC_2012_ME\a19016IM000138.JPG;1
\leporido\conejo_Paco_Carro_JC\PICT0413 (2).JPG;1
\cervidae\CERVIDREDORFALLOWDEER_ZOO_5_6_7_9\19_20210219 (1467) (2021_04_15 06_16_22 UTC).JPG;1
\humanovehiculo\humanovehiculo_PNC_2014_manuel\c9823IM000003.JPG;1
\vacia\empty_caltechCameraTraps\597515d4-23d2-11e8-a6a3-ec086b02610b.jpg;0
\vacia\vacia_alumno_AM_2\26_20201020 (2367).JPG;0
\vacia\vacia_Paco_Carro_JC\IMG_0224 (3).JPG;0
\leporido\rabbit_IslandConservationCameraTraps\chile_piedra012013_1603201355531.jpg;1
\vacia\NOANIMAL_ZOO_5_6_7_9\50_20210417 (25141).JPG;0
\cervidae\ciervo_PNC_2014_ISAAC\c24441IMAG0172.JPG;1
\vacia\empty_IslandConservationCameraTraps\micronesia_cam12april2019_20190415_172620_rcnx0094.jpg;0
\caballo\caballos_alumno_AM\caballos_alumno_AM\28_20201117 (582).JPG;1
\lince\Lince_a_Linces2_Leo_JC\Lince58 (12).JPG;1
\vacia\NOANIMAL_ZOO_1_4\25_20201024 (5).JPG;0
\vacia\empty_SnapshotMountainZebra\MTZ_S1_D06_R1_IMAG0606.JPG;0
\cervidae\2_ciervo_Javi_3_JC\34_20201024 (937).JPG;1
\vacia\NOANIMAL_ZOO_1_4\26_20201020 (682).JPG;0
\zorro\Zorro_PNC_2013-O_ME\b7222IM000046.JPG;1
\leporido\conejo_WellingtonCameraTraps_SS\121016191512040a1121.JPG;1
\leporido\rabbit_CaltechCameraTrap_ME\59bacaa7-23d2-11e8-a6a3-ec086b02610b.jpg;1
\vaca\COW_ZOO_5_6_7_9\39_20210417 (1816).JPG;1
\cervidae\CERVIDREDORFALLOWDEER_ZOO_5_6_7_9\19_20210219 (1618) (2021_04_15 06_16_22 UTC).JPG;1
\caballo\caballos_TH_JC\17_20201611 (178).JPG;1
\vacia\vacia_alumno_1_TH\Nada (34)_frame040.jpg;0
\vacia\NOANIMAL_ZOO_1_4\7_20210115 (2435).JPG;0
\cervidae\deer_CaltechCameraTrap\5998cd92-23d2-11e8-a6a3-ec086b02610b.jpg;1
\vacia\NOANIMAL_ZOO_5_6_7_9\20_20210219 (1746) (2021_04_15 06_16_22 UTC).JPG;0
\gato_domestico\cat_IslandConservationCameraTraps\palau_cam13a12132018_20180910_055015_rcnx0331.jpg;1
\micromamiferos\rat_IslandConservationCameraTraps\micronesia_cam05april2019_20190411_234444_rcnx0092.jpg;1
\cervidae\3_Ciervos_PNC2012_JC\a33105IM000038.JPG;1
\vacia\NOANIMAL_ZOO_5_6_7_9\25_20210219 (4190) (2021_04_15 06_16_22 UTC).JPG;0
\vacia\NOANIMAL_ZOO_5_6_7_9\24_20210418 (11863).JPG;0
\vacia\SnampshotEnonkishu\ENO_S1_D05_R1_IMAG3836.JPG;0
\vacia\NOANIMAL_ZOO_5_6_7_9\36_20210618 (3237).JPG;0
\vacia\NOANIMAL_ZOO_5_6_7_9\25_20210417 (5694).JPG;0
\jabali\WILDBOAR_ZOO_1_4\7_20201118 (463).JPG;1
\vacia\empty_IslandConservationCameraTraps\dominicanrepublic_cam1826junio2015_20150506_072758_img_3564.jpg;0
\vaca\COW_ZOO_1_4\21_20201217 (3402).JPG;1
\vacia\NOANIMAL_ZOO_5_6_7_9\2_20210417 (9467).JPG;0
\lince\Lince_b_Linces2_Leo_JC\lince141 (24).JPG;1
\vacia\empty_IslandConservationCameraTraps\dominicanrepublic_cam0425abril2015_20130808_043612_sunp1143.jpg;0
\cervidae\deer_CaltechCameraTrap\58768058-23d2-11e8-a6a3-ec086b02610b.jpg;1
\vacia\vacia_Paco_Carro_JC\IMG_2039.JPG;0
\cervidae\CERVIDREDORFALLOWDEER_ZOO_1_4\18_20201024 (205).JPG;1
\vacia\SnampshotEnonkishu\ENO_S1_B05_R1_IMAG0559.JPG;0
\garduna\garduna_PNC_2014_manuel\c13263IMAG0214.JPG;1
\gato_domestico\cat_CaltechCameraTrap\59d752de-23d2-11e8-a6a3-ec086b02610b.jpg;1
\vacia\NOANIMAL_ZOO_5_6_7_9\39_20210615 (3740).JPG;0
\vacia\empty_SnapshotMountainZebra\MTZ_S1_G04_R3_IMAG3007.JPG;0
\cervidae\cervicidae_alumno_TH_3_TH_JC\30_20201021 (9179).JPG;1
\zorro\zorro_PNM_2013-I_ISAAC\e1866IM000350.JPG;1
\cervidae\CERVIDREDORFALLOWDEER_ZOO_1_4\2_20210115 (9937).JPG;1
\ave\ave_PNC_2014_manuel\c30815IM000111.JPG;1
\vacia\NOANIMAL_ZOO_1_4\7_20210115 (930).JPG;0
\cervidae\Ciervo_PNC_2014_JC\c5115IM000024.JPG;1
\vacia\vacia_Paco_Carro_JC\IMG_0242 (2).JPG;0
\vacia\vacia_alumno_1_TH\Nada (45)_frame020.jpg;0
\vacia\NOANIMAL_ZOO_1_4\26_20201020 (5440).JPG;0
\cervidae\CERVIDREDORFALLOWDEER_ZOO_1_4\9_20201025 (121).JPG;1
\vacia\vacia_Soraya_Padilla_Alumno_1_TH\STC_0325_frame240.jpg;0
\vacia\empty_caltechCameraTraps\59dc24cf-23d2-11e8-a6a3-ec086b02610b.jpg;0
\vacia\empty_IslandConservationCameraTraps\dominicanrepublic_cam1826junio2015_20150504_130440_img_0281.jpg;0
\vacia\NOANIMAL_ZOO_1_4\34_20210115 (4232).JPG;0
\jabali\jabali_alumno_2_2_TH_JC\37_20201024 (9781).JPG;1
\meloncillo\Meloncillo_PEPE_IREC_JC\IMAG0065_(6).JPG;1
\caballo\HORSE_ZOO_5_6_7_9\44_20210618 (871).JPG;1
\vacia\empty_IslandConservationCameraTraps\dominicanrepublic_cam10517mayo2017_20170329_113439_img_0156.jpg;0
\gato_domestico\gato_WellingtonCameraTraps_SS\07101503293201069481.JPG;1
\humanovehiculo\humanovehiculo_vacías_humanos_PNC_2012_ME\a35349IM000204.JPG;1
\cervidae\CERVIDREDORFALLOWDEER_ZOO_5_6_7_9\24_20210615 (7929).JPG;1
\cervidae\CERVIDREDORFALLOWDEER_ZOO_5_6_7_9\38_20210618 (3484).JPG;1
\gato_domestico\cat_IslandConservationCameraTraps\palau_cam09a12132018_20181011_040058_rcnx0582.jpg;1
\cervidae\CERVIDREDORFALLOWDEER_ZOO_5_6_7_9\38_20210417 (1615).JPG;1
\vacia\vacia_alumno_1_TH\Nada (22)_frame010.jpg;0
\humanovehiculo\HUMANORVEHICLE_ZOO_5_6_7_9\19_20210618 (3).JPG;1
\cervidae\CERVIDREDORFALLOWDEER_ZOO_1_4\21_20201025 (1960).JPG;1
\tejon\Tejon_PEPE_IREC_JC\IMAG0331.JPG;1
\ave\petrel_IslandConservationCameraTraps\chile_filipianalamatris2013_1510201375023.jpg;1
\cervidae\CERVIDREDORFALLOWDEER_ZOO_1_4\15_20201215 (3162).JPG;1
\lince\Lince_b_Linces2_Leo_JC\lince151 (29).JPG;1
\cervidae\CERVIDREDORFALLOWDEER_ZOO_5_6_7_9\35_20210218 (1118) (2021_04_15 06_16_22 UTC).JPG;1
\cervidae\ciervo_vacías_humanos_PNC_2012_ME\a23406IM000055.JPG;1
\zorro\Zorro_Pepe_IREC\Zorro_Pepe_Irec_ME\IMAG0247_(7).JPG;1
\cervidae\ciervo_vacías_humanos_PNC_2012_ME\a72IM000011.JPG;1
\micromamiferos\rat_IslandConservationCameraTraps\micronesia_cam06_cam06june2019_pig_20190629193817_11107.jpg;1
\vacia\NOANIMAL_ZOO_5_6_7_9\50_20210408 (9881).JPG;0
\lince\Lince_a_Linces2_Leo_JC\Lince60 (136).JPG;1
\leporido\rabbit_CaltechCameraTrap_ME\58b4ac49-23d2-11e8-a6a3-ec086b02610b.jpg;1
\cervidae\Ciervo_PNC_2014_JC\c28647IM000103.JPG;1
\zorro\zorro_PNC_2014_manuel\c29679IM000033.JPG;1
\ave\bird_CaltechCameraTrap\5a1e5099-23d2-11e8-a6a3-ec086b02610b.jpg;1
\vacia\empty_IslandConservationCameraTraps\dominicanrepublic_cam1826junio2015_20150504_125911_img_0252.jpg;0
\humanovehiculo\humanovehiculo_vacías_humanos_PNC_2012_ME\a6514IM000001.JPG;1
\vacia\empty_IslandConservationCameraTraps\dominicanrepublic_cam0725abril2015a_20130813_030245_sunp3053.jpg;0
\cervidae\ciervo_Javi_3_JC\21_20201025 (4266).JPG;1
\vacia\vacia_Soraya_Padilla_Alumno_1_TH\STC_0275_frame050.jpg;0
\cervidae\CERVIDREDORFALLOWDEER_ZOO_5_6_7_9\38_20210417 (484).JPG;1
\vacia\NOANIMAL_ZOO_5_6_7_9\21_20200113 (1629) (2021_04_15 06_16_22 UTC).JPG;0
\micromamiferos\rat_IslandConservationCameraTraps\micronesia_cam06_cam06june2019_pig_20190629193959_11078.jpg;1
\vacia\NOANIMAL_ZOO_5_6_7_9\19_20210618 (4916).JPG;0
\vacia\Vacia_ME_rev_2_donana\6_20201023 (2191).JPG;0
\jabali\WILDBOAR_ZOO_1_4\37_20201116 (9623).JPG;1
\zorro\Zorro_Pepe_IREC\Zorro_Pepe_Irec_ME\IMAG0628_(4).JPG;1
\vacia\NOANIMAL_ZOO_5_6_7_9\50_20210417 (25348).JPG;0
\cervidae\ciervo_PNC_2013-O_RED_ISAAC\b15915IM000149.JPG;1
\vacia\empty_SnapshotMountainZebra\MTZ_S1_D07_R1_IMAG1345.JPG;0
\vacia\NOANIMAL_ZOO_5_6_7_9\24_20210318 (5931).JPG;0
\vaca\COW_ZOO_5_6_7_9\9_20210615 (2331).JPG;1
\zorro\fox_CaltechCameraTrap_ME\5858c000-23d2-11e8-a6a3-ec086b02610b.jpg;1
\vacia\NOANIMAL_ZOO_1_4\6_20201812 (15396).JPG;0
\vacia\vacias_PNC_2014_ISAAC\c12988IMAG0529.JPG;0
\vacia\empty_SnapshotMountainZebra\MTZ_S1_F04_R3_IMAG0068.JPG;0
\vacia\NOANIMAL_ZOO_5_6_7_9\31_20210615 (3151).JPG;0
\caballo\HORSE_ZOO_1_4\10_20201218 (2823).JPG;1
\vaca\cow_CaltechCameraTrap\58af7677-23d2-11e8-a6a3-ec086b02610b.jpg;1
\cervidae\ciervo_Javi_3_JC\21_20201025 (4291).JPG;1
\vacia\empty_SnapshotMountainZebra\MTZ_S1_D07_R1_IMAG1783.JPG;0
\gato_domestico\gato_WellingtonCameraTraps_SS\100716234848026a9353.JPG;1
\caballo\HORSE_ZOO_5_6_7_9\2_20210219 (582) (2021_04_15 06_16_22 UTC).JPG;1
\cervidae\ciervo_vacías_humanos_PNC_2012_ME\a19964IM000180.JPG;1
\cervidae\Ciervo_PNC_2012_JC\a19252IM000388.JPG;1
\cervidae\ciervo_PNC_2013-O_RED_ISAAC\b5648IM000098.JPG;1
\vacia\NOANIMAL_ZOO_1_4\34_20210115 (3289).JPG;0
\vacia\NOANIMAL_ZOO_5_6_7_9\25_20210417 (7138).JPG;0
\cervidae\ciervo_PNC_2013-I_ME\7974IM000006.JPG;1
\cervidae\cervido_simone_2\34_20201024 (3264).JPG;1
\cervidae\2_Ciervos_PNC_2014_JC\c19784IMAG0354.JPG;1
\lince\Lince_b_Linces2_Leo_JC\lince156 (3).JPG;1
\leporido\rabbit_CaltechCameraTrap_ME\59610682-23d2-11e8-a6a3-ec086b02610b.jpg;1
\cervidae\ciervo_alumno_2_TH\21_20201025 (4311).JPG;1
\caballo\HORSE_ZOO_5_6_7_9\28_20210318 (15580).JPG;1
\lince\Lince_a_Linces2_Leo_JC\lince123 (157).JPG;1
\jabali\WILDBOAR_ZOO_5_6_7_9\20_20210219 (2901) (2021_04_15 06_16_22 UTC).JPG;1
\jabali\WILDBOAR_ZOO_1_4\37_20201116 (6208).JPG;1
\leporido\LEPORIDRABBITORHARE_ZOO_1_4\6_20201023 (1876).JPG;1
\jabali\WILDBOAR_ZOO_1_4\37_20210115 (561).JPG;1
\gato_domestico\gato_WellingtonCameraTraps_SS\2406151401260359L101.JPG;1
\zorro\zorro_PNC_2014_manuel\c26205IM000063.JPG;1
\ave\ave_Soraya_Padilla_Alumno_1_TH\DSCF0121_frame119.jpg;1
\vaca\COW_ZOO_5_6_7_9\17_20210318 (149).JPG;1
\gato_domestico\gato_WellingtonCameraTraps_SS\2804150356280235S131.JPG;1
\cervidae\CERVIDREDORFALLOWDEER_ZOO_5_6_7_9\18_20210219 (1553) (2021_04_15 06_16_22 UTC).JPG;1
\vacia\empty_IslandConservationCameraTraps\dominicanrepublic_cam1425abril2015_20150422_144044_img_2249.jpg;0
\ave\ave_PNC_2014_manuel\c3839IMAG0178.JPG;1
\vacia\NOANIMAL_ZOO_5_6_7_9\24_20210318 (3023).JPG;0
\cervidae\ciervo_PNM_2012_ISAAC\d15327IM000089.JPG;1
\humanovehiculo\humanovehiculo_vacías_humanos_PNC_2012_ME\a40350IMAG0003.JPG;1
\cervidae\CERVIDREDORFALLOWDEER_ZOO_5_6_7_9\15_20210219 (2453) (2021_04_15 06_16_22 UTC).JPG;1
\vacia\vacias_2_de_2_PNC_2012_ISAAC\a5687IM000500.JPG;0
\cervidae\deer_CaltechCameraTrap\59b9393a-23d2-11e8-a6a3-ec086b02610b.jpg;1
\vacia\vacia_alumno_TH_3_TH_JC\32_20201022 (691).JPG;0
\zorro\Zorro_PNC_2014_JC\c19306IMAG0073.JPG;1
\zorro\REDFOX_ZOO_1_4\11_20210114 (629).JPG;1
\cervidae\CERVIDREDORFALLOWDEER_ZOO_5_6_7_9\15_20210219 (6954) (2021_04_15 06_16_22 UTC).JPG;1
\vacia\NOANIMAL_ZOO_1_4\6_20201812 (11546).JPG;0
\vacia\empty_SnapshotMountainZebra\MTZ_S1_E06_R1_IMAG1978.JPG;0
\vaca\COW_ZOO_5_6_7_9\21_20200113 (1753) (2021_04_15 06_16_22 UTC).JPG;1
\vacia\vacias_PNC_2014_ISAAC\c9019IM000104.JPG;0
\zorro\zorro_PNC_2013-I_RED_ME\5787IM000083.JPG;1
\vaca\cow_CaltechCameraTrap\58f5af3b-23d2-11e8-a6a3-ec086b02610b.jpg;1
\lince\Lince_a_Linces2_Leo_JC\Lince52 (12).JPG;1
\cervidae\Ciervo_PNC_2014_JC\c10362IM000020.JPG;1
\vacia\NOANIMAL_ZOO_1_4\34_20210115 (1718).JPG;0
\humanovehiculo\humanovehiculo_PNM_2013-I_ME\e87IMAG0080.JPG;1
\vacia\NOANIMAL_ZOO_5_6_7_9\5_20210618 (10).JPG;0
\tejon\Badger_mammalWeb\19706.jpg;1
\ave\bird_CaltechCameraTrap\58a6e872-23d2-11e8-a6a3-ec086b02610b.jpg;1
\jabali\WILDBOAR_ZOO_5_6_7_9\11_20210318 (1799).JPG;1
\humanovehiculo\car_CaltechCameraTrap_ME\vehiculo\5a07cce3-23d2-11e8-a6a3-ec086b02610b.jpg;1
\zorro\Zorro_PNC_2014_JC\c26210IM000068.JPG;1
\vacia\empty_IslandConservationCameraTraps\puertorico_16_20150301_215033_img_0453.jpg;0
\vacia\NOANIMAL_ZOO_1_4\6_20201116 (1259).JPG;0
\cervidae\CERVIDREDORFALLOWDEER_ZOO_1_4\14_20210114 (2251).JPG;1
\cervidae\CERVIDREDORFALLOWDEER_ZOO_5_6_7_9\28_20210615 (3787).JPG;1
\leporido\rabbit_IslandConservationCameraTraps\chile_frances022013_14052013140902.jpg;1
\vacia\empty_IslandConservationCameraTraps\dominicanrepublic_cam1826julio2015_20150630_093025_img_0741.jpg;0
\cervidae\ciervo_PNC_2014_ISAAC\c27819IM000071.JPG;1
\vacia\vacia_alumno_TH_3_TH_JC\30_20201021 (6710).JPG;0
\vaca\cow_CaltechCameraTrap\58c4d6be-23d2-11e8-a6a3-ec086b02610b.jpg;1
\humanovehiculo\humanovehiculo_PNC_2014_manuel\c4459IM000001.JPG;1
\vacia\empty_caltechCameraTraps\5a24a920-23d2-11e8-a6a3-ec086b02610b.jpg;0
\vacia\empty_IslandConservationCameraTraps\palau_cam04a12132018_20181101_120000_rcnx2044.jpg;0
\vacia\NOANIMAL_ZOO_5_6_7_9\36_20210618 (1680).JPG;0
\humanovehiculo\humanovehiculo_PNC_2014_manuel\c12420IMAG0170.JPG;1
\ave\ave_alumno_1_TH\Accgen 04_frame100.jpg;1
\humanovehiculo\car_CaltechCameraTrap_ME\vehiculo\59af9691-23d2-11e8-a6a3-ec086b02610b.jpg;1
\vacia\NOANIMAL_ZOO_1_4\6_20210115 (21150).JPG;0
\cervidae\2_ciervo_Javi_3_JC\25_20201024 (915).JPG;1
\gato_domestico\Domestic cat_mammalWeb\36205.jpg;1
\lince\Lince_b_Linces2_Leo_JC\lince228 (194).jpg;1
\jabali\Jabali_PNM_2013-0_ME\f21826IM000269.JPG;1
\vacia\empty_SnapshotKaroo\KAR_S1_E02_R1_IMAG5796.JPG;0
\vacia\vacia_Paco_Carro_JC\01130077.JPG;0
\zorro\zorro_PNM_2013-I_ISAAC\e2966IM000074.JPG;1
\vaca\COW_ZOO_5_6_7_9\21_20200113 (1225) (2021_04_15 06_16_22 UTC).JPG;1
\caballo\caballos_javier_JC\35_20201218 (281).JPG;1
\zorro\Zorro_PNC_2014_JC\c20022IM000028.JPG;1
\vacia\vacia_Paco_Carro_JC\IMG_0957.JPG;0
\gato_domestico\gato_WellingtonCameraTraps_SS\0905151634540745L091.JPG;1
\caballo\HORSE_ZOO_1_4\15_20201215 (2667).JPG;1
\humanovehiculo\humanovehiculo_alumno_1_AM_2\25_20201024 (1284).JPG;1
\vacia\NOANIMAL_ZOO_1_4\26_20201020 (10553).JPG;0
\vacia\empty_SnapshotMountainZebra\MTZ_S1_E06_R3_IMAG0342.JPG;0
\leporido\rabbit_CaltechCameraTrap_ME\58c66331-23d2-11e8-a6a3-ec086b02610b.jpg;1
\caballo\caballos_simone\4_20201220 (2331).JPG;1
\jabali\jabali_PNC_2013-I_ME\4001IMAG0104.JPG;1
\vacia\NOANIMAL_ZOO_5_6_7_9\20_20210319 (6737).JPG;0
\jabali\WILDBOAR_ZOO_1_4\37_20201116 (3571).JPG;1
\caballo\HORSE_ZOO_1_4\15_20210117 (1599).JPG;1
\gato_domestico\cat_IslandConservationCameraTraps\palau_cam04a12132018_20181125_155616_rcnx2273.jpg;1
\lince\linces_fecha_Linces2_Leo_JC\2_Lince_flecha_Linces2_Leo_JC\lince50 (125).JPG;1
\cervidae\Ciervo_PNC_2012_JC\a20290IM000046.JPG;1
\cervidae\CERVIDREDORFALLOWDEER_ZOO_5_6_7_9\5_20210219 (858) (2021_04_15 06_16_22 UTC).JPG;1
\vacia\NOANIMAL_ZOO_5_6_7_9\25_20210417 (8735).JPG;0
\leporido\rabbit_CaltechCameraTrap_ME\58d2ec0a-23d2-11e8-a6a3-ec086b02610b.jpg;1
\humanovehiculo\humano_vehiculo_PNC_2012_ISAAC\a1033IM000004.JPG;1
\vacia\NOANIMAL_ZOO_5_6_7_9\39_20210615 (12778).JPG;0
\vaca\COW_ZOO_5_6_7_9\39_20210417 (1803).JPG;1
\leporido\rabbit_IslandConservationCameraTraps\chile_piedra012013_0602201303823.jpg;1
\vacia\NOANIMAL_ZOO_1_4\34_20210115 (1668).JPG;0
\cervidae\3_ciervo_Javi_3_JC\21_20201025 (3789).JPG;1
\vacia\empty_caltechCameraTraps\59e77bfd-23d2-11e8-a6a3-ec086b02610b.jpg;0
\vacia\NOANIMAL_ZOO_5_6_7_9\2_20210618 (22504).JPG;0
\vacia\NOANIMAL_ZOO_5_6_7_9\22_20210417 (9748).JPG;0
\vacia\Nothing_mammalWeb\76112.jpg;0
\leporido\rabbit_CaltechCameraTrap_ME\5a062f3d-23d2-11e8-a6a3-ec086b02610b.jpg;1
\jabali\jabali_vacías_humanos_PNC_2012_ME\a40493IMAG0143.JPG;1
\zorro\REDFOX_ZOO_1_4\11_20210114 (543).JPG;1
\cervidae\CERVIDREDORFALLOWDEER_ZOO_1_4\10_20201218 (3707).JPG;1
\ave\bird_CaltechCameraTrap\58cca5e8-23d2-11e8-a6a3-ec086b02610b.jpg;1
\vacia\vacia_Paco_Carro_JC\01130955.JPG;0
\vacia\NOANIMAL_ZOO_1_4\21_20201025 (6092).JPG;0
\humanovehiculo\humanovehiculo_alumno_1_AM_2\25_20201024 (1265).JPG;1
\tejon\Tejon_PNC_2014_JC\c19287IMAG0052.JPG;1
\cervidae\cervidae_mancha\c27696IM000151.JPG;1
\tejon\Tejon_PNM_2013-0_ME\f10147IM000436.JPG;1
\vacia\NOANIMAL_ZOO_5_6_7_9\24_20210615 (4387).JPG;0
\cervidae\2_ciervo_simone_2\34_20201024 (2846).JPG;1
\gato_domestico\gato_WellingtonCameraTraps_SS\180716223548033a8231.JPG;1
\vacia\empty_SnapshotMountainZebra\MTZ_S1_D05_R1_IMAG1191.JPG;0
\vacia\NOANIMAL_ZOO_5_6_7_9\50_20210417 (25045).JPG;0
\cervidae\ciervo_PNM_2012_ME\d2735IM001022.JPG;1
\gato_domestico\gato_WellingtonCameraTraps_SS\29091521341207443103.JPG;1
\vacia\NOANIMAL_ZOO_5_6_7_9\15_20210219 (5960) (2021_04_15 06_16_22 UTC).JPG;0
\jabali\WILDBOAR_ZOO_1_4\37_20201116 (14578).JPG;1
\zorro\2_zorros_PNC_2014_JC\c26067IM000043.JPG;1
\lince\Lince_b_Linces2_Leo_JC\lince228 (632).JPG;1
\vacia\empty_IslandConservationCameraTraps\dominicanrepublic_cam1125abril2015_20150412_172749_img_1141.jpg;0
\humanovehiculo\humanovehiculo_PNM_2013-I_ME\e1090IM000024.JPG;1
\cervidae\ciervo_PNC_2014_ISAAC\c23749IMAG0018.JPG;1
\cervidae\ciervo_PNC_2014_ISAAC\c28520IM000022.JPG;1
\vacia\empty_IslandConservationCameraTraps\ecuador1_ic1619_20181202_174205_img_2647.jpg;0
\cervidae\deer_CaltechCameraTrap\5968c091-23d2-11e8-a6a3-ec086b02610b.jpg;1
\micromamiferos\rat_IslandConservationCameraTraps\micronesia_cam09_cam09june2019_20190622160107_rcnx0651.jpg;1
\vacia\Nothing_mammalWeb\12274.jpg;0
\cervidae\CERVIDREDORFALLOWDEER_ZOO_1_4\33_20201025 (218).JPG;1
\ave\rooster_IslandConservationCameraTraps\palau_cam09a12132018_20181027_074142_rcnx0813.jpg;1
\vacia\empty_SnapshotMountainZebra\MTZ_S1_E06_R3_IMAG1130.JPG;0
\cervidae\CERVIDREDORFALLOWDEER_ZOO_1_4\21_20201025 (1853).JPG;1
\caballo\HORSE_ZOO_1_4\15_20201215 (2747).JPG;1
\vacia\empty_IslandConservationCameraTraps\puertorico_1a_20141120_165808_img_0024.jpg;0
\mapache\raccoon_CaltechCameraTrap_ME\599d7def-23d2-11e8-a6a3-ec086b02610b.jpg;1
\micromamiferos\rat_IslandConservationCameraTraps\micronesia_cam06_cam06june2019_pig_20190629192812_11222.jpg;1
\vacia\empty_caltechCameraTraps\5a0494cc-23d2-11e8-a6a3-ec086b02610b.jpg;0
\vaca\cow_CaltechCameraTrap\5938c2f4-23d2-11e8-a6a3-ec086b02610b.jpg;1
\lince\Lince_a_Linces2_Leo_JC\Lince53 (26).JPG;1
\vacia\empty_IslandConservationCameraTraps\dominicanrepublic_cam1725abril2015_20150410_100404_img_0290.jpg;0
\lince\Lince_a_Linces2_Leo_JC\lince75 (90).JPG;1
\ave\ave_Paco_Carro_JC\MDGC0146.JPG;1
\jabali\jabali_javi_JC\7_20201025 (254).JPG;1
\vacia\SnampshotEnonkishu\ENO_S1_D06_R1_IMAG1485.JPG;0
\vacia\NOANIMAL_ZOO_5_6_7_9\32_20210615 (3684).JPG;0
\vacia\NOANIMAL_ZOO_5_6_7_9\25_20210417 (15720).JPG;0
\jabali\WILDBOAR_ZOO_1_4\37_20201116 (7445).JPG;1
\cervidae\CERVIDREDORFALLOWDEER_ZOO_1_4\21_20201025 (175).JPG;1
\meloncillo\2_Meloncillo_PEPE_IREC_JC\IMAG0109_(12).JPG;1
\gato_domestico\gato_WellingtonCameraTraps_SS\1904150004160424S231.JPG;1
\micromamiferos\micromamifero_WellingtonCameraTraps_SS\060716214034030b3102.JPG;1
\vacia\Nothing_mammalWeb\73509.jpg;0
\caballo\HORSE_ZOO_5_6_7_9\15_20210219 (8160) (2021_04_15 06_16_22 UTC).JPG;1
\lince\Lince_a_Linces2_Leo_JC\lince110 (55).JPG;1
\cervidae\ciervo_PNC_2014_ISAAC\c28376FILE0032.JPG;1
\lince\Lince_b_Linces2_Leo_JC\lince228 (182).jpg;1
\jabali\jabali_PNM_2013-O_ME\f4887IM000209.JPG;1
\cervidae\CERVIDREDORFALLOWDEER_ZOO_1_4\6_20201116 (8204).JPG;1
\leporido\LEPORIDRABBITORHARE_ZOO_5_6_7_9\46_20210404 (13).JPG;1
\jabali\WILDBOAR_ZOO_1_4\20_20210115 (234).JPG;1
\gato_domestico\gato_WellingtonCameraTraps_SS\010416224302012a8831.JPG;1
\zorro\Zorro_PNC_2013-O_ME\b19703IMAG0283.JPG;1
\caballo\HORSE_ZOO_1_4\15_20210117 (13922).JPG;1
\leporido\conejo_WellingtonCameraTraps_SS\311215062048024b7482.JPG;1
\vacia\NOANIMAL_ZOO_1_4\7_20210115 (1559).JPG;0
\cervidae\CERVIDREDORFALLOWDEER_ZOO_5_6_7_9\19_20210319 (2087).JPG;1
\ave\aves_fotosManuelEmilio20200912\IMG_2889.JPG;1
\vacia\NOANIMAL_ZOO_5_6_7_9\2_20210417 (18401).JPG;0
\lince\Lince_a_Linces2_Leo_JC\lince90 (156).JPG;1
\vacia\NOANIMAL_ZOO_1_4\34_20201215 (102).JPG;0
\vaca\COW_ZOO_5_6_7_9\21_20210418 (1672).JPG;1
\zorro\zorro_PNC_2013-I_RED_ME\4587IM000026.JPG;1
\ave\ave_Soraya_Padilla_Alumno_1_TH\DSCF0060_frame030.jpg;1
\cervidae\deer_CaltechCameraTrap\597cd7a0-23d2-11e8-a6a3-ec086b02610b.jpg;1
\zorro\zorro_PNM_2013-O_ISAAC\f11787IM000090.JPG;1
\cervidae\CERVIDREDORFALLOWDEER_ZOO_1_4\9_20201025 (89).JPG;1
\ave\American Crow_ena24\8139.jpg;1
\ave\short-eared_owl_IslandConservationCameraTraps\ecuador2_ic1605_20181024_045213_img_0129.jpg;1
\vacia\NOANIMAL_ZOO_5_6_7_9\36_20210618 (6309).JPG;0
\cervidae\corzo_alumno_2_AM_JC\DSCF0120_frame068.jpg;1
\ave\4_ave_Soraya_Padilla_Alumno_1_TH\DSCF0094_frame010.jpg;1
\vacia\empty_IslandConservationCameraTraps\dominicanrepublic_cam10517mayo2017_20170411_141415_img_0306.jpg;0
\vacia\NOANIMAL_ZOO_1_4\6_20201812 (10879).JPG;0
\humanovehiculo\car_CaltechCameraTrap_ME\vehiculo\5a2c861b-23d2-11e8-a6a3-ec086b02610b.jpg;1
\ave\birdother_SnapshotCamdeboo\CDB_S1_C07_R1_IMAG0647.JPG;1
\meloncillo\Meloncillo_PEPE_IREC_JC\IMAG0063_(8).JPG;1
\cervidae\CERVIDREDORFALLOWDEER_ZOO_5_6_7_9\49_20210418 (4529).JPG;1
\lince\Lince_a_Linces2_Leo_JC\lince78 (14).JPG;1
\humanovehiculo\humano_vehiculo_PNM_2013-O_ISAAC\f21560IM000005.JPG;1
\cervidae\CERVIDREDORFALLOWDEER_ZOO_1_4\21_20201025 (3593).JPG;1
\vacia\NOANIMAL_ZOO_5_6_7_9\50_20210417 (25327).JPG;0
\vaca\COW_ZOO_5_6_7_9\21_20200113 (1228) (2021_04_15 06_16_22 UTC).JPG;1
\leporido\rabbit_IslandConservationCameraTraps\chile_frances022013_23042013184612.jpg;1
\cervidae\deer_CaltechCameraTrap\59279cd5-23d2-11e8-a6a3-ec086b02610b.jpg;1
\vacia\SnampshotEnonkishu\ENO_S1_D06_R1_IMAG3889.JPG;0
\zorro\Zorro_PNC_2014_JC\c15207IM000002.JPG;1
\lince\Lince_a_Linces2_Leo_JC\lince90 (160).JPG;1
\cervidae\CERVIDREDORFALLOWDEER_ZOO_1_4\18_20201024 (135).JPG;1
\zorro\REDFOX_ZOO_1_4\34_20201215 (78).JPG;1
\jabali\Jabali_PNM_2013-0_ME\f27440IMAG0003.JPG;1
\caballo\HORSE_ZOO_5_6_7_9\17_20210615 (1609).JPG;1
\vacia\empty_caltechCameraTraps\598f75c7-23d2-11e8-a6a3-ec086b02610b.jpg;0
\zorro\Zorro_PNC_2013-O_ME\b17388IM000029.JPG;1
\vacia\empty_SnapshotMountainZebra\MTZ_S1_D07_R1_IMAG0050.JPG;0
\vacia\NOANIMAL_ZOO_1_4\7_20210115 (552).JPG;0
\vacia\empty_IslandConservationCameraTraps\micronesia_cam04_cam04june2019_20190620215003_rcnx3852.jpg;0
\zorro\REDFOX_ZOO_5_6_7_9\11_20210218 (441) (2021_04_15 06_16_22 UTC).JPG;1
\lince\linces_fecha_Linces2_Leo_JC\2_Lince_flecha_Linces2_Leo_JC\lince50 (230).JPG;1
\vacia\empty_SnapshotMountainZebra\MTZ_S1_C06_R1_IMAG3617.JPG;0
\vacia\vacia_alumno_2_2_TH_JC\37_20201024 (537).JPG;0
\vacia\NOANIMAL_ZOO_5_6_7_9\49_20210615 (374).JPG;0
\vacia\Nothing_mammalWeb\12400.jpg;0
\cervidae\Ciervo_PNC_2012_JC\a33511IM000010.JPG;1
\cervidae\deer_CaltechCameraTrap\5954aa6f-23d2-11e8-a6a3-ec086b02610b.jpg;1
\vacia\NOANIMAL_ZOO_5_6_7_9\25_20210417 (5698).JPG;0
\vacia\NOANIMAL_ZOO_1_4\34_20210115 (8255).JPG;0
\vacia\empty_IslandConservationCameraTraps\micronesia_cam16_cam16june2019_20190618080503_rcnx3120.jpg;0
\humanovehiculo\humanovehiculo_PNC_2014_manuel\c19808IM000011.JPG;1
\zorro\Zorro_Pepe_IREC\Zorro_Pepe_Irec_ME\IMAG0246_(3).JPG;1
\vacia\empty_IslandConservationCameraTraps\dominicanrepublic_cam11101agosto2017_20170612_110148_img_0173.jpg;0
\caballo\caballos_javier_JC\2_20201117 (680).JPG;1
\humanovehiculo\humanovehiculo_PNC_2014_manuel\c15463IM000009.JPG;1
\lince\Lince_a_Linces2_Leo_JC\lince120 (33).JPG;1
\vacia\empty_IslandConservationCameraTraps\ecuador1_ic1611_20150101_000002_img_0875.jpg;0
\micromamiferos\Small rodent_mammalWeb\32772.jpg;1
\vacia\NOANIMAL_ZOO_5_6_7_9\13_20210218 (1384) (2021_04_15 06_16_22 UTC).JPG;0
\cervidae\CERVIDREDORFALLOWDEER_ZOO_5_6_7_9\42_20210418 (57).JPG;1
\caballo\caballos_TH_JC\17_20201611 (38).JPG;1
\cervidae\cervidae_PNC_2014_manuel\c24577IMAG0036.JPG;1
\ave\Chicken_ena24\6178.jpg;1
\vacia\NOANIMAL_ZOO_1_4\26_20201020 (10208).JPG;0
\caballo\caballos_javier_JC\35_20201218 (225).JPG;1
\micromamiferos\Small rodent_mammalWeb\21428.jpg;1
\humanovehiculo\humano_vehiculo_PNM_2012_ISAAC\d6512IM000006.JPG;1
\vaca\COW_ZOO_1_4\21_20201025 (5421).JPG;1
\humanovehiculo\car_CaltechCameraTrap_ME\vehiculo\585c04e5-23d2-11e8-a6a3-ec086b02610b.jpg;1
\vacia\NOANIMAL_ZOO_1_4\37_20201116 (12743).JPG;0
\vaca\COW_ZOO_5_6_7_9\9_20210615 (1443).JPG;1
\vacia\empty_SnapshotKaroo\KAR_S1_B01_R1_IMAG1140.JPG;0
\vaca\cow_CaltechCameraTrap\58fbee89-23d2-11e8-a6a3-ec086b02610b.jpg;1
\vacia\NOANIMAL_ZOO_5_6_7_9\32_20210615 (7728).JPG;0
\ave\ave_Soraya_Padilla_Alumno_1_TH\DSCF0105_frame130.jpg;1
\vacia\NOANIMAL_ZOO_1_4\37_20201024 (535).JPG;0
\ave\petrel_chick_IslandConservationCameraTraps\ecuador2_ic1618_20181115_035717_img_0349.jpg;1
\leporido\conejo_leo_donana\0006222.JPG;1
\cervidae\CERVIDREDORFALLOWDEER_ZOO_1_4\39_20201019 (484).JPG;1
\vacia\empty_IslandConservationCameraTraps\dominicanrepublic_cam1826julio2015_20150713_104549_img_2200.jpg;0
\humanovehiculo\HumanoVehiculo_diego_2_rev_donana\13_20201025 (22).JPG;1
\cervidae\CERVIDREDORFALLOWDEER_ZOO_1_4\22_20201218 (49).JPG;1
\vacia\vacio_Saul Martin_FRAMES_SIN_REPETIDOS_REVISADOS_DIEGO\IMAG0021_frame400.jpg;0
\cervidae\CERVIDREDORFALLOWDEER_ZOO_1_4\34_20201024 (2130).JPG;1
\ave\Ave_Leo_Otra_fauna_PASADA_POR_LA_RED_JC\Otrafauna (1980).JPG;1
\micromamiferos\rat_IslandConservationCameraTraps\micronesia_cam06_cam06june2019_pig_20190629192048_11310.jpg;1
\lince\linces_fecha_Linces2_Leo_JC\2_Lince_flecha_Linces2_Leo_JC\lince103 (213).JPG;1
\vacia\vacia_Paco_Carro_JC\01090461.JPG;0
\vacia\empty_SnapshotMountainZebra\MTZ_S1_D07_R1_IMAG2241.JPG;0
\leporido\liebre\Liebre_alumno_2_AM_JC\Lepgran 03_frame380.jpg;1
\ave\ave_Soraya_Padilla_Alumno_1_TH\DSCF0072_frame010.jpg;1
\cervidae\CERVIDREDORFALLOWDEER_ZOO_1_4\37_20201024 (2325).JPG;1
\humanovehiculo\humanovehiculo_PNC_2014_manuel\c28113IM000001.JPG;1
\cervidae\ciervo_vacías_humanos_PNC_2012_ME\a34237IM000471.JPG;1
\vacia\NOANIMAL_ZOO_5_6_7_9\11_20210318 (2273).JPG;0
\vacia\NOANIMAL_ZOO_1_4\14_20210114 (179).JPG;0
\vacia\NOANIMAL_ZOO_5_6_7_9\24_20210418 (7100).JPG;0
\cervidae\CERVIDREDORFALLOWDEER_ZOO_1_4\10_20210115 (3058).JPG;1
\zorro\fox_CaltechCameraTrap_ME\58693432-23d2-11e8-a6a3-ec086b02610b.jpg;1
\gato_domestico\gato_WellingtonCameraTraps_SS\160816012428011a5903.JPG;1
\vacia\NOANIMAL_ZOO_5_6_7_9\2_20210618 (17551).JPG;0
\leporido\rabbit_IslandConservationCameraTraps\chile_frances012013_24122012153059.jpg;1
\caballo\HORSE_ZOO_5_6_7_9\17_20210615 (651).JPG;1
\cervidae\CERVIDREDORFALLOWDEER_ZOO_1_4\40_20201024 (8793).JPG;1
\ave\OTHERSPECIES_ZOO_5_6_7_9\2_20210618 (4522).JPG;1
\cervidae\CERVIDREDORFALLOWDEER_ZOO_5_6_7_9\19_20210319 (790).JPG;1
\ave\ave_ave_WellingtonCameraTraps_SS\161215131228017b9703.JPG;1
\vacia\NOANIMAL_ZOO_5_6_7_9\15_20210219 (6588) (2021_04_15 06_16_22 UTC).JPG;0
\ave\petrel_IslandConservationCameraTraps\chile_filipiananbek2013_3110201383343.jpg;1
\vacia\empty_SnapshotMountainZebra\MTZ_S1_D05_R1_IMAG2732.JPG;0
\cervidae\CERVIDREDORFALLOWDEER_ZOO_5_6_7_9\28_20210615 (365).JPG;1
\cervidae\CERVIDREDORFALLOWDEER_ZOO_5_6_7_9\46_20210618 (90).JPG;1
\vacia\NOANIMAL_ZOO_1_4\6_20201812 (12010).JPG;0
\vacia\empty_SnapshotMountainZebra\MTZ_S1_G04_R3_IMAG3420.JPG;0
\vacia\empty_IslandConservationCameraTraps\palau_cam6a12132018_20180822_123856_rcnx0040.jpg;0
\vacia\vacias_2_de_2_PNC_2012_ISAAC\a4300IM000134.JPG;0
\cervidae\3_ciervo_Javi_3_JC\21_20201025 (476).JPG;1
\cervidae\CERVIDREDORFALLOWDEER_ZOO_1_4\15_20201215 (3672).JPG;1
\mapache\raccoon_CaltechCameraTrap_ME\59bfde9a-23d2-11e8-a6a3-ec086b02610b.jpg;1
\vacia\NOANIMAL_ZOO_5_6_7_9\24_20210418 (8936).JPG;0
\vacia\NOANIMAL_ZOO_1_4\17_20210114 (1309).JPG;0
\lince\Lince_a_Linces2_Leo_JC\lince102 (198).JPG;1
\vacia\NOANIMAL_ZOO_1_4\6_20201812 (8865).JPG;0
\vacia\empty_SnapshotMountainZebra\MTZ_S1_D06_R1_IMAG0874.JPG;0
\vacia\NOANIMAL_ZOO_1_4\7_20210115 (2806).JPG;0
\vacia\NOANIMAL_ZOO_1_4\26_20201020 (11676).JPG;0
\jabali\4_jabali_javi_JC\37_20201024 (903).JPG;1
\vacia\NOANIMAL_ZOO_1_4\1_20210115 (668).JPG;0
\cervidae\ciervo_Javi_3_JC\21_20201025 (5869).JPG;1
\vacia\empty_caltechCameraTraps\59e918cf-23d2-11e8-a6a3-ec086b02610b.jpg;0
\cervidae\CERVIDREDORFALLOWDEER_ZOO_5_6_7_9\36_20210319 (3846).JPG;1
\cervidae\CERVIDREDORFALLOWDEER_ZOO_1_4\2_20201117 (4848).JPG;1
\leporido\Rabbit_mammalWeb\52963.jpg;1
\tejon\Badger_mammalWeb\13980.jpg;1
\humanovehiculo\humanovehiculo_PNC_2014_manuel\c27544IM000001.JPG;1
\vacia\NOANIMAL_ZOO_1_4\21_20201119 (5042).JPG;0
\vacia\vacias_2_de_2_PNC_2012_ISAAC\a9511IM000438.JPG;0
\lince\linces_fecha_Linces2_Leo_JC\3_Lince_flecha_Linces2_Leo_JC\Lince46 (69).jpg;1
\vaca\cow_CaltechCameraTrap\58b8239e-23d2-11e8-a6a3-ec086b02610b.jpg;1
\vacia\NOANIMAL_ZOO_1_4\26_20201020 (14013).JPG;0
\gato_domestico\gato_WellingtonCameraTraps_SS\280416021002031bs161.JPG;1
\lince\Lince_a_Linces2_Leo_JC\Lince68 (29).JPG;1
\vacia\NOANIMAL_ZOO_5_6_7_9\19_20210417 (718).JPG;0
\lince\Lince_a_Linces2_Leo_JC\lince81 (11).JPG;1
\gineta\gineta_alumno_2_2_TH_JC\19_20201023 (22).JPG;1
\vacia\NOANIMAL_ZOO_1_4\23_20201117 (965).JPG;0
\vacia\NOANIMAL_ZOO_1_4\6_20201812 (14829).JPG;0
\jabali\WILDBOAR_ZOO_5_6_7_9\33_20210418 (242).JPG;1
\vacia\NOANIMAL_ZOO_5_6_7_9\5_20210319 (1459).JPG;0
\ave\ave_PNC_2014_manuel\c8929IM000016.JPG;1
\vacia\vacias_1_de_2_PNC_2012_ISAAC\a52897IM000246.JPG;0
\ave\ave_Soraya_Padilla_Alumno_1_TH\STC_0031_frame100.jpg;1
\zorro\Red Fox_ena24\3544.jpg;1
\ave\Pheasant_mammalWeb\46948.jpg;1
\vacia\empty_caltechCameraTraps\595adc09-23d2-11e8-a6a3-ec086b02610b.jpg;0
\vacia\NOANIMAL_ZOO_5_6_7_9\50_20210417 (22903).JPG;0
\vacia\empty_SnapshotMountainZebra\MTZ_S1_G04_R3_IMAG0791.JPG;0
\vacia\vacia_buscar_cab_isaac_sin_contar\28_20201218 (14295).JPG;0
\cervidae\CERVIDREDORFALLOWDEER_ZOO_5_6_7_9\28_20210615 (3432).JPG;1
\vacia\NOANIMAL_ZOO_5_6_7_9\50_20210408 (18776).JPG;0
\leporido\rabbit_IslandConservationCameraTraps\chile_frances022013_01052013104539.jpg;1
\tejon\Tejon_PEPE_IREC_JC\IMAG0084_(7).JPG;1
\ave\ave_ave_WellingtonCameraTraps_SS\070716140334017as383.JPG;1
\jabali\WILDBOAR_ZOO_1_4\37_20201116 (2385).JPG;1
\vacia\empty_SnapshotMountainZebra\MTZ_S1_C06_R1_IMAG0479.JPG;0
\cervidae\CERVIDREDORFALLOWDEER_ZOO_1_4\21_20201025 (1175).JPG;1
\humanovehiculo\humanovehiculo_PNC_2013-O_RED_ISAAC\b5206IM000017.JPG;1
\jabali\3_jabali_javi_JC\37_20201024 (935).JPG;1
\lince\Lince_a_Linces2_Leo_JC\lince90 (185).JPG;1
\cervidae\ciervo_PNC_2013-I_RED_ME\4081IMAG0063.JPG;1
\vacia\empty_IslandConservationCameraTraps\puertorico_29_20150522_171247_img_1502.jpg;0
\caballo\caballos_alumno_AM\caballos_alumno_AM\2_20201215 (7665).JPG;1
\vacia\empty_SnapshotMountainZebra\MTZ_S1_D06_R1_IMAG0761.JPG;0
\garduna\garduna_PNM_2013-O_ME\f22651IM000160.JPG;1
\vacia\NOANIMAL_ZOO_1_4\34_20210115 (1393).JPG;0
\vacia\NOANIMAL_ZOO_5_6_7_9\39_20210417 (3575).JPG;0
\cervidae\cervidae_alumno_2_TH\34_20201024 (3638).JPG;1
\leporido\rabbit_IslandConservationCameraTraps\chile_frances012013_20122012202742.jpg;1
\vacia\vacia_Paco_Carro_JC\IMG_0417.JPG;0
\cervidae\ciervo_simone_2\37_20201024 (2298).JPG;1
\vacia\empty_IslandConservationCameraTraps\ecuador1_cam1612_20150312_185945_img_0144.jpg;0
\vacia\NOANIMAL_ZOO_1_4\16_20201119 (283).JPG;0
\jabali\WILDBOAR_ZOO_5_6_7_9\11_20210218 (289) (2021_04_15 06_16_22 UTC).JPG;1
\vacia\NOANIMAL_ZOO_1_4\4_20210117 (2889).JPG;0
\zorro\Zorro_PNC_2014_JC\c5704IM000027.JPG;1
\cervidae\CERVIDREDORFALLOWDEER_ZOO_5_6_7_9\22_20210318 (1511).JPG;1
\humanovehiculo\car_CaltechCameraTrap_ME\vehiculo\58c034fd-23d2-11e8-a6a3-ec086b02610b.jpg;1
\vacia\NOANIMAL_ZOO_5_6_7_9\25_20210417 (5588).JPG;0
\zorro\zorro_PNC_2014_manuel\c7571IM000015.JPG;1
\meloncillo\Meloncillo_PEPE_IREC_JC\IMAG0190_(3).JPG;1
\vaca\COW_ZOO_1_4\21_20201217 (5248).JPG;1
\cervidae\Ciervo_PNC_2014_JC\c19763IMAG0333.JPG;1
\zorro\zorro_PNC_2012_JC\a28940IM000066.JPG;1
\ave\ave_ave_WellingtonCameraTraps_SS\11091513582416753392.JPG;1
\cervidae\CERVIDREDORFALLOWDEER_ZOO_1_4\15_20210117 (5580).JPG;1
\ave\Petirrojo_PNC_2013-O_ME\b6336FILE0025.JPG;1
\vacia\NOANIMAL_ZOO_5_6_7_9\47_20210615 (897).JPG;0
\jabali\WILDBOAR_ZOO_1_4\37_20201116 (7994).JPG;1
\vacia\NOANIMAL_ZOO_5_6_7_9\36_20210618 (6818).JPG;0
\vacia\NOANIMAL_ZOO_5_6_7_9\25_20210417 (2146).JPG;0
\cervidae\CERVIDREDORFALLOWDEER_ZOO_5_6_7_9\19_20210219 (595) (2021_04_15 06_16_22 UTC).JPG;1
\cervidae\ciervo_alumno_AM_2\39_20201019 (402).JPG;1
\cervidae\ciervo_vacías_humanos_PNC_2012_ME\a19521IM000177.JPG;1
\cervidae\deer_CaltechCameraTrap\5995ac7c-23d2-11e8-a6a3-ec086b02610b.jpg;1
\zorro\zorro_PNC_2014_manuel\c27254IM000046.JPG;1
\vacia\NOANIMAL_ZOO_1_4\26_20201020 (4851).JPG;0
\ave\white-winged_dove_IslandConservationCameraTraps\puertorico_23_20141225_203213_ek000701.jpg;1
\zorro\Zorro_Pepe_IREC\Zorro_Pepe_Irec_ME\IMAG0900.JPG;1
\zorro\zorro_PNC_2013-O_RED_ISAAC\b8773IMAG0171.JPG;1
\vaca\COW_ZOO_5_6_7_9\49_20210418 (2284).JPG;1
\leporido\conejo_WellingtonCameraTraps_SS\081116171608020bl251.JPG;1
\caballo\HORSE_ZOO_1_4\15_20201117 (3311).JPG;1
\humanovehiculo\humano_vehiculo_PNM_2013-O_ISAAC\f4332IM000004.JPG;1
\vacia\empty_IslandConservationCameraTraps\ecuador1_cam1612_20150201_012906_img_1324.jpg;0
\cervidae\ciervo_Javi_3_JC\21_20201025 (2044).JPG;1
\vaca\COW_ZOO_1_4\15_20201117 (1551).JPG;1
\vacia\empty_IslandConservationCameraTraps\puertorico_16_20150429_214850_img_0803.jpg;0
\vacia\NOANIMAL_ZOO_1_4\37_20201116 (4666).JPG;0
\leporido\rabbit_CaltechCameraTrap_ME\59edf204-23d2-11e8-a6a3-ec086b02610b.jpg;1
\vacia\NOANIMAL_ZOO_5_6_7_9\49_20210418 (2548).JPG;0
\zorro\zorro_PNM_2013-O_ISAAC\f28787IMAG0374.JPG;1
\vacia\NOANIMAL_ZOO_5_6_7_9\50_20210408 (730).JPG;0
\jabali\WILDBOAR_ZOO_1_4\28_20201019 (1879).JPG;1
\zorro\zorro_PNC_2014_manuel\c7291IM000072.JPG;1
\cervidae\ciervo_PNM_2012_ME\d7923IMAG0031.JPG;1
\humanovehiculo\humanovehiculo_leo_donana\0009237.JPG;1
\humanovehiculo\humanovehiculo_Caltech\59c99cc4-23d2-11e8-a6a3-ec086b02610b.jpg;1
\jabali\WILDBOAR_ZOO_1_4\20_20210115 (1443).JPG;1
\jabali\Jabali_PNC_2014_JC\c9210IM000074.JPG;1
\lince\Lince_b_Linces2_Leo_JC\lince230 (71).jpg;1
\vacia\NOANIMAL_ZOO_5_6_7_9\19_20210417 (1435).JPG;0
\jabali\WILDBOAR_ZOO_1_4\7_20201118 (739).JPG;1
\jabali\jabali_PNC_2014_manuel\c101IM000100.JPG;1
\jabali\WILDBOAR_ZOO_1_4\37_20201024 (12748).JPG;1
\vacia\NOANIMAL_ZOO_1_4\20_20201215 (553).JPG;0
\cervidae\cervido_simone_2\34_20201024 (4468).JPG;1
\vacia\NOANIMAL_ZOO_5_6_7_9\2_20210417 (2160).JPG;0
\gato_domestico\gato_WellingtonCameraTraps_SS\05121505132608885103.JPG;1
\jabali\WILDBOAR_ZOO_5_6_7_9\31_20210318 (646).JPG;1
\tejon\Tejon_PEPE_IREC_JC\IMAG0218_(5).JPG;1
\cervidae\CERVIDREDORFALLOWDEER_ZOO_1_4\33_20210115 (35).JPG;1
\cervidae\Ciervo_PNC_2013-O_ME\b11789IMAG0222.JPG;1
\ave\petrel_chick_IslandConservationCameraTraps\ecuador2_ic1621a_20181024_043258_img_0027.jpg;1
\vacia\vacias_PNC_2013-O_RED_ISAAC\b14859IMAG0145.JPG;0
\vaca\COW_ZOO_1_4\21_20201119 (1977).JPG;1
\micromamiferos\Roedor_PNC_2014_JC\c8971IM000061.JPG;1
\gineta\GINETA_PNM_2012_ISAAC\d2923IMAG0037.JPG;1
\humanovehiculo\car_CaltechCameraTrap_ME\vehiculo\58c1c36b-23d2-11e8-a6a3-ec086b02610b.jpg;1
\cervidae\CERVIDREDORFALLOWDEER_ZOO_1_4\29_20201117 (518).JPG;1
\zorro\zorro_PNC_2013-I_RED_ME\622IM000052.JPG;1
\cervidae\Ciervo_PNC_2012_JC\a197IM000061.JPG;1
\vacia\empty_IslandConservationCameraTraps\micronesia_cam10april2019_20190411_174544_rcnx0043.jpg;0
\vacia\NOANIMAL_ZOO_1_4\43_20201217 (1785).JPG;0
\micromamiferos\rat_IslandConservationCameraTraps\micronesia_cam05april2019_20190411_221828_rcnx0081.jpg;1
\garduna\Garduna_PNC_2013-O_ME\b7520IM000092.JPG;1
\gineta\gineta_Saul Martin_FRAMES_SIN_REPETIDOS_REVISADOS_DIEGO\IMAG0010_frame120_2.jpg;1
\lince\linces_fecha_Linces2_Leo_JC\2_Lince_flecha_Linces2_Leo_JC\lince228 (290).jpg;1
\cervidae\CERVIDREDORFALLOWDEER_ZOO_5_6_7_9\28_20210417 (275).JPG;1
\humanovehiculo\humanovehiculo_PNC_2013-O_RED_ISAAC\b12524IM000023.JPG;1
\humanovehiculo\humanovehiculo_PNM_2013-I_ME\e2798IM000009.JPG;1
\jabali\jabali_javi_JC\28_20201019 (1583).JPG;1
\vacia\NOANIMAL_ZOO_5_6_7_9\49_20210418 (4444).JPG;0
\leporido\rabbit_IslandConservationCameraTraps\chile_frances022013_2805201382952.jpg;1
\vacia\NOANIMAL_ZOO_1_4\6_20201812 (14338).JPG;0
\vacia\vacia_alumno_1_TH\Ave (6)_frame140.jpg;0
\vacia\empty_IslandConservationCameraTraps\dominicanrepublic_cam0425abril2015_20130807_081324_sunp0750.jpg;0
\cervidae\4_ciervo_simone_2\34_20201024 (5600).JPG;1
\zorro\REDFOX_ZOO_1_4\34_20201024 (2998).JPG;1
\jabali\WILDBOAR_ZOO_1_4\7_20201217 (480).JPG;1
\ave\ave_PNC_2013-O_RED_ISAAC\b4696IMAG0585.JPG;1
\mapache\raccoon_CaltechCameraTrap_ME\5883e95c-23d2-11e8-a6a3-ec086b02610b.jpg;1
\ave\Zorzal_comun_PNC_2014_JC\c19048IMAG0075.JPG;1
\perro\dog_caltechCameraTraps\596a4e43-23d2-11e8-a6a3-ec086b02610b.jpg;1
\vacia\NOANIMAL_ZOO_5_6_7_9\19_20210219 (1378) (2021_04_15 06_16_22 UTC).JPG;0
\vacia\empty_caltechCameraTraps\5a29644f-23d2-11e8-a6a3-ec086b02610b.jpg;0
\ave\rail_IslandConservationCameraTraps\palau_cam04a12132018_20181020_163452_rcnx1866.jpg;1
\vacia\NOANIMAL_ZOO_5_6_7_9\50_20210408 (23720).JPG;0
\vaca\COW_ZOO_5_6_7_9\2_20210319 (8528).JPG;1
\humanovehiculo\car_CaltechCameraTrap_ME\vehiculo\59c8052d-23d2-11e8-a6a3-ec086b02610b.jpg;1
\vacia\NOANIMAL_ZOO_5_6_7_9\50_20210417 (23503).JPG;0
\vacia\NOANIMAL_ZOO_5_6_7_9\25_20210417 (6370).JPG;0
\caballo\HORSE_ZOO_1_4\38_20210117 (934).JPG;1
\ave\ave_ave_WellingtonCameraTraps_SS\051116051900045c1112.JPG;1
\vacia\NOANIMAL_ZOO_1_4\34_20210115 (1347).JPG;0
\lince\Lince_b_Linces2_Leo_JC\lince228 (323).jpg;1
\perro\Perro_alumno_2_AM_JC\Mastín 20_frame280.jpg;1
\cervidae\Ciervo_PNC_2014_JC\c10361IM000019.JPG;1
\jabali\WILDBOAR_ZOO_5_6_7_9\32_20210218 (596) (2021_04_15 06_16_22 UTC).JPG;1
\vacia\vacias_1_de_2_PNC_2012_ISAAC\a38685IMAG0430.JPG;0
\jabali\WILDBOAR_ZOO_1_4\33_20201025 (149).JPG;1
\zorro\zorro_PNC_2012_JC\a29025IM000146.JPG;1
\lince\Lince_b_Linces2_Leo_JC\lince150 (120).JPG;1
\perro\perros_ME_CASA\IMG_0471.JPG;1
\vacia\Nothing_mammalWeb\100771.jpg;0
\lince\Lince_a_Linces2_Leo_JC\Lince58 (35).JPG;1
\jabali\WILDBOAR_ZOO_1_4\22_20210115 (827).JPG;1
\vacia\empty_IslandConservationCameraTraps\dominicanrepublic_cam0425abril2015_20130823_053543_sunp4775.jpg;0
\vacia\NOANIMAL_ZOO_5_6_7_9\20_20210319 (12384).JPG;0
\humanovehiculo\humanovehiculo_PNC_2014_manuel\c29097IM000067.JPG;1
\cervidae\ciervo_PNC_2013-I_RED_ME\2942IMAG0009.JPG;1
\cervidae\deer_CaltechCameraTrap\58946160-23d2-11e8-a6a3-ec086b02610b.jpg;1
\ave\megapode_IslandConservationCameraTraps\palau_cam10a12122018_20181019_055718_rcnx0758.jpg;1
\vacia\NOANIMAL_ZOO_5_6_7_9\25_20210417 (4192).JPG;0
\vacia\NOANIMAL_ZOO_1_4\6_20201812 (12322).JPG;0
\jabali\jabali_PNC_2013-O_RED_ISAAC\b1311IMAG0158.JPG;1
\cervidae\CERVIDREDORFALLOWDEER_ZOO_5_6_7_9\35_20210318 (646).JPG;1
\cervidae\corzo_alumno_2_AM_JC\STC_0355_frame050.jpg;1
\vaca\COW_ZOO_5_6_7_9\9_20210615 (1547).JPG;1
\humanovehiculo\humanovehiculo_leo_donana\0002469.JPG;1
\vacia\vacias_1_de_2_PNC_2012_ISAAC\a46152IM000117.JPG;0
\micromamiferos\rat_IslandConservationCameraTraps\micronesia_cam06_cam06june2019_pig_20190629195145_1937.jpg;1
\mapache\raccoon_CaltechCameraTrap_ME\59260e41-23d2-11e8-a6a3-ec086b02610b.jpg;1
\vacia\NOANIMAL_ZOO_5_6_7_9\25_20210417 (2408).JPG;0
\vacia\vacia_alumno_1_TH\Nada (46)_frame080.jpg;0
\humanovehiculo\HUMANORVEHICLE_ZOO_5_6_7_9\35_20210418 (316).JPG;1
\jabali\WILDBOAR_ZOO_5_6_7_9\33_20210418 (306).JPG;1
\vacia\vacia_Paco_Carro_JC\IMG_1441.JPG;0
\cervidae\CERVIDREDORFALLOWDEER_ZOO_5_6_7_9\8_20210219 (1095) (2021_04_15 06_16_22 UTC).JPG;1
\cervidae\ciervo_PNC_2013-O_RED_ISAAC\b14173IM000423.JPG;1
\gato_domestico\gato_WellingtonCameraTraps_SS\24111505025201069483.JPG;1
\ave\ave_ave_WellingtonCameraTraps_SS\050716080246008as311.JPG;1
\cervidae\ciervo_PNC_2013-I_RED_ME\7928IM000037.JPG;1
\vacia\NOANIMAL_ZOO_1_4\4_20210117 (3921).JPG;0
\cervidae\ciervo_vacías_humanos_PNC_2012_ME\a6491IM000189.JPG;1
\cervidae\3_ciervo_alumno_2_TH\34_20201024 (2313).JPG;1
\mapache\raccoon_CaltechCameraTrap_ME\5a116b74-23d2-11e8-a6a3-ec086b02610b.jpg;1
\vacia\NOANIMAL_ZOO_5_6_7_9\36_20210618 (5751).JPG;0
\vacia\empty_caltechCameraTraps\5a1cafc3-23d2-11e8-a6a3-ec086b02610b.jpg;0
\vacia\vacias_2_de_2_PNC_2012_ISAAC\a5649IM000460.JPG;0
\jabali\WILDBOAR_ZOO_1_4\37_20201116 (12531).JPG;1
\vacia\NOANIMAL_ZOO_5_6_7_9\25_20210417 (2373).JPG;0
\humanovehiculo\humanovehiculo_PNC_2014_manuel\c10670IM000007.JPG;1
\leporido\conejo_WellingtonCameraTraps_SS\0404152138241131S031.JPG;1
\jabali\Jabali_PNM_2013-0_ME\f10904IM000022.JPG;1
\mapache\raccoon_CaltechCameraTrap_ME\5a2637b9-23d2-11e8-a6a3-ec086b02610b.jpg;1
\zorro\REDFOX_ZOO_5_6_7_9\31_20210219 (958) (2021_04_15 06_16_22 UTC).JPG;1
\vacia\vacias_2_de_2_PNC_2012_ISAAC\a43408IM000214.JPG;0
\ave\ave_ave_WellingtonCameraTraps_SS\011016134744010b5902.JPG;1
\vacia\NOANIMAL_ZOO_1_4\14_20201218 (1169).JPG;0
\jabali\WILDBOAR_ZOO_1_4\42_20210114 (187).JPG;1
\vacia\NOANIMAL_ZOO_1_4\14_20210114 (14).JPG;0
\cervidae\CERVIDREDORFALLOWDEER_ZOO_5_6_7_9\48_20210615 (57).JPG;1
\jabali\WILDBOAR_ZOO_1_4\10_20210115 (5393).JPG;1
\lince\Lince_a_Linces2_Leo_JC\lince91 (136).JPG;1
\cervidae\CERVIDREDORFALLOWDEER_ZOO_5_6_7_9\39_20210318 (237).JPG;1
\vacia\SnampshotEnonkishu\ENO_S1_D05_R1_IMAG1631.JPG;0
\lince\Lince_a_Linces2_Leo_JC\lince90 (201).JPG;1
\vacia\NOANIMAL_ZOO_1_4\6_20201812 (12491).JPG;0
\vacia\empty_IslandConservationCameraTraps\dominicanrepublic_cam1425abril2015_20150410_144508_img_0841.jpg;0
\jabali\WILDBOAR_ZOO_5_6_7_9\46_20210404 (126).JPG;1
\vacia\NOANIMAL_ZOO_5_6_7_9\35_20210418 (1540).JPG;0
\leporido\rabbit_IslandConservationCameraTraps\chile_frances012013_13012013154518.jpg;1
\micromamiferos\rat_IslandConservationCameraTraps\micronesia_cam14_june2019_20190615005914_rcnx0031.jpg;1
\cervidae\CERVIDREDORFALLOWDEER_ZOO_1_4\37_20210115 (123).JPG;1
\vacia\NOANIMAL_ZOO_5_6_7_9\24_20210615 (8003).JPG;0
\vacia\NOANIMAL_ZOO_1_4\34_20210115 (5584).JPG;0
\vacia\empty_SnapshotMountainZebra\MTZ_S1_D06_R1_IMAG0108.JPG;0
\vacia\empty_IslandConservationCameraTraps\dominicanrepublic_cam1825abril2015_20150406_105007_img_0017.jpg;0
\caballo\HORSE_ZOO_5_6_7_9\15_20210219 (2923) (2021_04_15 06_16_22 UTC).JPG;1
\vacia\NOANIMAL_ZOO_5_6_7_9\25_20210417 (3351).JPG;0
\jabali\jabali_PNC_2014_manuel\c11397IMAG0159.JPG;1
\vacia\vacia_alumno_2_AM\Personas_frame000.jpg;0
\lince\linces_fecha_Linces2_Leo_JC\2_Lince_flecha_Linces2_Leo_JC\Lince48 (14).JPG;1
\vacia\NOANIMAL_ZOO_5_6_7_9\15_20210219 (4699) (2021_04_15 06_16_22 UTC).JPG;0
\vacia\NOANIMAL_ZOO_5_6_7_9\50_20210408 (15193).JPG;0
\vacia\empty_IslandConservationCameraTraps\dominicanrepublic_cam1826julio2015_20150626_114816_img_0228.jpg;0
\leporido\rabbit_IslandConservationCameraTraps\chile_piedra012013_19012013233919.jpg;1
\vacia\NOANIMAL_ZOO_1_4\7_20210115 (4158).JPG;0
\cervidae\CERVIDREDORFALLOWDEER_ZOO_5_6_7_9\9_20210218 (448) (2021_04_15 06_16_22 UTC).JPG;1
\lince\Lince_b_Linces2_Leo_JC\lince144 (20).JPG;1
\humanovehiculo\car_CaltechCameraTrap_ME\vehiculo\58aa57fd-23d2-11e8-a6a3-ec086b02610b.jpg;1
\vacia\NOANIMAL_ZOO_5_6_7_9\2_20210417 (10470).JPG;0
\lince\Lince_a_Linces2_Leo_JC\lince101 (114).JPG;1
\jabali\WILDBOAR_ZOO_1_4\37_20201024 (8226).JPG;1
\vacia\NOANIMAL_ZOO_1_4\26_20201020 (11193).JPG;0
\vacia\NOANIMAL_ZOO_1_4\17_20210114 (1647).JPG;0
\mapache\raccoon_CaltechCameraTrap_ME\595f7af6-23d2-11e8-a6a3-ec086b02610b.jpg;1
\vacia\NOANIMAL_ZOO_1_4\26_20201020 (11567).JPG;0
\cervidae\deer_CaltechCameraTrap\590234fb-23d2-11e8-a6a3-ec086b02610b.jpg;1
\vacia\empty_SnapshotMountainZebra\MTZ_S1_D05_R1_IMAG0167.JPG;0
\vacia\NOANIMAL_ZOO_1_4\6_20201812 (8604).JPG;0
\cervidae\ciervo_vacías_humanos_PNC_2012_ME\a6655IM000032.JPG;1
\cervidae\ciervo_PNC_2013-O_RED_ISAAC\b16245IM000498.JPG;1
\cervidae\deer_CaltechCameraTrap\59e5e027-23d2-11e8-a6a3-ec086b02610b.jpg;1
\cervidae\ciervo_Javi_3_JC\21_20201025 (1113).JPG;1
\zorro\zorro_PNC_2012_JC\a14634IM000578.JPG;1
\cervidae\CERVIDREDORFALLOWDEER_ZOO_5_6_7_9\18_20210219 (3066) (2021_04_15 06_16_22 UTC).JPG;1
\vacia\empty_IslandConservationCameraTraps\dominicanrepublic_cam0526junio2015_20150619_110450_sunp0729.jpg;0
\humanovehiculo\humanovehiculo_vacías_humanos_PNC_2012_ME\a3458IM000007.JPG;1
\vacia\empty_SnapshotMountainZebra\MTZ_S1_C06_R1_IMAG3399.JPG;0
\cervidae\CERVIDREDORFALLOWDEER_ZOO_1_4\35_20210114 (3469).JPG;1
\cervidae\ciervo_PNM_2012_ME\d7613IM000136.JPG;1
\vacia\NOANIMAL_ZOO_1_4\34_20210115 (7423).JPG;0
\vacia\vacias_2_de_2_PNC_2012_ISAAC\a10533IM000116.JPG;0
\humanovehiculo\humano_vehiculo_PNM_2012_ISAAC\d15924IMAG0002.JPG;1
\vaca\cow_CaltechCameraTrap\5922ec37-23d2-11e8-a6a3-ec086b02610b.jpg;1
\micromamiferos\micromamifero_alumno_1_TH\Nada (23)_frame110.jpg;1
\vacia\NOANIMAL_ZOO_5_6_7_9\28_20210318 (14524).JPG;0
\vacia\NOANIMAL_ZOO_1_4\7_20210115 (900).JPG;0
\zorro\Zorro_Pepe_IREC\Zorro_Pepe_Irec_ME\CA_37-04.04-01_09.JPG;1
\vacia\NOANIMAL_ZOO_5_6_7_9\50_20210417 (22839).JPG;0
\ave\ave_ave_WellingtonCameraTraps_SS\0803151731080842S172.JPG;1
\jabali\WILDBOAR_ZOO_1_4\20_20210115 (15).JPG;1
\lince\Lince_a_Linces2_Leo_JC\Lince60 (203).JPG;1
\vacia\empty_IslandConservationCameraTraps\dominicanrepublic_cam0527septiembre2015_20130808_122601_sunp0551.jpg;0
\zorro\Zorro_PNC_2014_JC\c30691IM000037.JPG;1
\cervidae\CERVIDREDORFALLOWDEER_ZOO_1_4\40_20201024 (1227).JPG;1
\vacia\vacias_PNC_2013-I_ME\3411IM000087.JPG;0
\cervidae\Ciervo_PNC_2014_JC\c16122IM000102.JPG;1
\humanovehiculo\car_CaltechCameraTrap_ME\vehiculo\5965aa03-23d2-11e8-a6a3-ec086b02610b.jpg;1
\vacia\vacias_PNC_2014_manuel\c20799IM000758.JPG;0
\vaca\COW_ZOO_5_6_7_9\2_20210319 (8747).JPG;1
\vacia\empty_IslandConservationCameraTraps\ecuador1_ic1611_20150101_000004_img_0696.jpg;0
\jabali\WILDBOAR_ZOO_1_4\33_20201217 (264).JPG;1
\jabali\WILDBOAR_ZOO_1_4\29_20201023 (627).JPG;1
\vacia\vacias_PNC_2014_ISAAC\c12538IMAG0085.JPG;0
\vacia\empty_SnapshotMountainZebra\MTZ_S1_G04_R3_IMAG3116.JPG;0
\vacia\vacias_2_de_2_PNC_2012_ISAAC\a4242IM000089.JPG;0
\caballo\HORSE_ZOO_5_6_7_9\15_20210219 (9467) (2021_04_15 06_16_22 UTC).JPG;1
\humanovehiculo\car_CaltechCameraTrap_ME\vehiculo\58dac0f0-23d2-11e8-a6a3-ec086b02610b.jpg;1
\vacia\vacia_javi_2_JC\27_20201023 (6059).JPG;0
\perro\dog_caltechCameraTraps\598acfd3-23d2-11e8-a6a3-ec086b02610b.jpg;1
\cervidae\ciervo_PNC_2013-O_RED_ISAAC\b18301IM000131.JPG;1
\humanovehiculo\humanovehiculo_leo_donana\0014064.JPG;1
\lince\Lince_a_Linces2_Leo_JC\Lince53 (48).JPG;1
\cervidae\CERVIDREDORFALLOWDEER_ZOO_1_4\15_20201215 (1988).JPG;1
\cervidae\CERVIDREDORFALLOWDEER_ZOO_5_6_7_9\24_20210318 (6328).JPG;1
\vacia\empty_SnapshotKaroo\KAR_S1_A01_R1_IMAG00094.JPG;0
\vacia\empty_SnapshotMountainZebra\MTZ_S1_C06_R3_IMAG2491.JPG;0
\vacia\empty_IslandConservationCameraTraps\ecuador1_ic1611_20150101_000001_img_1650.jpg;0
\vacia\NOANIMAL_ZOO_1_4\6_20201812 (8070).JPG;0
\vacia\NOANIMAL_ZOO_5_6_7_9\2_20210618 (14469).JPG;0
\vacia\empty_SnapshotMountainZebra\MTZ_S1_C06_R1_IMAG0382.JPG;0
\jabali\WILDBOAR_ZOO_1_4\42_20210114 (402).JPG;1
\humanovehiculo\Vehicle_ena24\2763.jpg;1
\leporido\rabbit_IslandConservationCameraTraps\chile_frances022013_04052013110756.jpg;1
\cervidae\CERVIDREDORFALLOWDEER_ZOO_5_6_7_9\44_20210618 (792).JPG;1
\leporido\rabbit_CaltechCameraTrap_ME\58d15f4d-23d2-11e8-a6a3-ec086b02610b.jpg;1
\vacia\empty_SnapshotKaroo\KAR_S1_C02_R1_IMAG0300.JPG;0
\caballo\caballos_alumno_AM\caballos_alumno_AM\2_20201215 (4576).JPG;1
\vacia\vacia_alumno_AM_2\30_20201021 (15242).JPG;0
\leporido\2_conejo_Paco_Carro_JC\PICT1719.JPG;1
\ave\OTHERSPECIES_ZOO_5_6_7_9\50_20210417 (7425).JPG;1
\vacia\NOANIMAL_ZOO_1_4\6_20201812 (11654).JPG;0
\cervidae\CIERVO_PNM_2012_ISAAC\d14299IMAG0085.JPG;1
\vacia\vacia_javi_2_JC\27_20201023 (8155).JPG;0
\jabali\jabali_PNC_2013-O_RED_ISAAC\b37IM000040.JPG;1
\vacia\NOANIMAL_ZOO_1_4\6_20201116 (4918).JPG;0
\cervidae\CERVIDREDORFALLOWDEER_ZOO_5_6_7_9\38_20210618 (2971).JPG;1
\zorro\REDFOX_ZOO_5_6_7_9\46_20210618 (1627).JPG;1
\vacia\vacias_ME_CASA\IMG_0519.JPG;0
\vacia\empty_SnapshotMountainZebra\MTZ_S1_G04_R3_IMAG1340.JPG;0
\zorro\ZORRO_PNM_2013-I_ISAAC\e2437IM000299.JPG;1
\cervidae\ciervo_Javi_3_JC\26_20201020 (112).JPG;1
\vacia\empty_IslandConservationCameraTraps\dominicanrepublic_cam1725abril2015_20150422_085150_img_0775.jpg;0
\vacia\vacias_1_de_2_PNC_2012_ISAAC\a46951IM000792.JPG;0
\jabali\WILDBOAR_ZOO_1_4\4_20210117 (2565).JPG;1
\zorro\zorro_PNC_2014_manuel\c10933IMAG0007.JPG;1
\ave\bird_CaltechCameraTrap\5864386b-23d2-11e8-a6a3-ec086b02610b.jpg;1
\leporido\rabbit_CaltechCameraTrap_ME\59b2ebc5-23d2-11e8-a6a3-ec086b02610b.jpg;1
\leporido\rabbit_IslandConservationCameraTraps\chile_frances022013_3105201310502.jpg;1
\jabali\WILDBOAR_ZOO_1_4\31_20201218 (484).JPG;1
\cervidae\ciervo_simone_2\34_20201024 (5834).JPG;1
\vacia\empty_IslandConservationCameraTraps\dominicanrepublic_cam1826junio2015_20150505_065147_img_1009.jpg;0
\zorro\Zorro_PNC_2014_JC\c28207IM000034.JPG;1
\lince\Lince_b_Linces2_Leo_JC\lince168 (108).JPG;1
\vacia\empty_SnapshotMountainZebra\MTZ_S1_B05_R3_IMAG6192.JPG;0
\vacia\NOANIMAL_ZOO_1_4\6_20201812 (12729).JPG;0
\leporido\conejo_alumno_1_TH\Conejo_alumno_2_AM_JC\Orycun (3)_frame040.jpg;1
\vacia\empty_SnapshotMountainZebra\MTZ_S1_E06_R1_IMAG1276.JPG;0
\cervidae\CERVIDREDORFALLOWDEER_ZOO_1_4\21_20201025 (1617).JPG;1
\gato_domestico\cat_IslandConservationCameraTraps\palau_cam10a12122018_20180922_140158_rcnx0417.jpg;1
\vacia\vacias_2_de_2_PNC_2012_ISAAC\a25186IM000668.JPG;0
\vacia\empty_IslandConservationCameraTraps\dominicanrepublic_cam0425abril2015_20130823_051637_sunp4765.jpg;0
\vacia\empty_SnapshotMountainZebra\MTZ_S1_E06_R3_IMAG1664.JPG;0
\humanovehiculo\humanovehiculo_PNC_2014_manuel\c22942IM000119.JPG;1
\micromamiferos\micromamiferos_Paco_Carro_JC\IMG_0730.JPG;1
\vacia\vacia_Paco_Carro_JC\01130508.JPG;0
\vacia\empty_SnapshotMountainZebra\MTZ_S1_D05_R1_IMAG0520.JPG;0
\vacia\NOANIMAL_ZOO_5_6_7_9\2_20210417 (19229).JPG;0
\vaca\COW_ZOO_5_6_7_9\21_20210318 (14081).JPG;1
\vacia\empty_IslandConservationCameraTraps\dominicanrepublic_cam1125abril2015_20150412_162650_img_1115.jpg;0
\caballo\HORSE_ZOO_1_4\38_20201117 (2003).JPG;1
\vacia\empty_IslandConservationCameraTraps\dominicanrepublic_cam0425abril2015_20130807_081323_sunp0749.jpg;0
\jabali\WILDBOAR_ZOO_1_4\7_20201118 (2026).JPG;1
\leporido\conejo_Paco_Carro_JC\PICT0837 (2).JPG;1
\micromamiferos\micromamiferos_Paco_Carro_JC\IMG_0208.JPG;1
\vacia\empty_IslandConservationCameraTraps\micronesia_cam02april2019_20190411_172522_rcnx0003.jpg;0
\vacia\NOANIMAL_ZOO_5_6_7_9\32_20210218 (4249) (2021_04_15 06_16_22 UTC).JPG;0
\cervidae\CERVIDREDORFALLOWDEER_ZOO_5_6_7_9\10_20210319 (4908).JPG;1
\ave\chicken_IslandConservationCameraTraps\palau_cam13a12132018_20181101_112052_rcnx1151.jpg;1
\humanovehiculo\humanovehiculo_PNM_2013-I_ME\e2792IM000003.JPG;1
\jabali\WILDBOAR_ZOO_1_4\20_20210115 (173).JPG;1
\zorro\zorro_PNM_2013-I_ISAAC\e1969IM000459.JPG;1
\gineta\gineta_Soraya_Padilla_Alumno_1_TH\STC_0109_frame000.jpg;1
\zorro\zorro_PNC_2012_JC\a47262IM000016.JPG;1
\vacia\NOANIMAL_ZOO_1_4\26_20201020 (14858).JPG;0
\vacia\NOANIMAL_ZOO_1_4\26_20201020 (14499).JPG;0
\vacia\NOANIMAL_ZOO_1_4\37_20201116 (7823).JPG;0
\lince\Lince_a_Linces2_Leo_JC\lince70 (60).JPG;1
\vacia\empty_caltechCameraTraps\59629447-23d2-11e8-a6a3-ec086b02610b.jpg;0
\caballo\HORSE_ZOO_1_4\15_20201117 (6502).JPG;1
\jabali\WILDBOAR_ZOO_1_4\37_20201215 (2750).JPG;1
\leporido\rabbit_CaltechCameraTrap_ME\59216583-23d2-11e8-a6a3-ec086b02610b.jpg;1
\vaca\COW_ZOO_5_6_7_9\49_20210418 (1692).JPG;1
\vacia\empty_caltechCameraTraps\59862384-23d2-11e8-a6a3-ec086b02610b.jpg;0
\humanovehiculo\car_CaltechCameraTrap_ME\vehiculo\591e4148-23d2-11e8-a6a3-ec086b02610b.jpg;1
\ave\ave_ave_WellingtonCameraTraps_SS\091116174528045as431.JPG;1
\jabali\WILDBOAR_ZOO_1_4\37_20201116 (14185).JPG;1
\vacia\NOANIMAL_ZOO_5_6_7_9\24_20210615 (22046).JPG;0
\caballo\HORSE_ZOO_1_4\2_20201117 (86).JPG;1
\jabali\WILDBOAR_ZOO_1_4\37_20201116 (10741).JPG;1
\vacia\empty_IslandConservationCameraTraps\dominicanrepublic_cam0425abril2015_20130808_045645_sunp1213.jpg;0
\leporido\conejo_Paco_Carro_JC\PICT0086 (2).JPG;1
\cervidae\ciervo_ss\37_20201024 (13018).JPG;1
\vaca\COW_ZOO_5_6_7_9\46_20210618 (767).JPG;1
\gato_domestico\gato_WellingtonCameraTraps_SS\160616205504012a5753.JPG;1
\vacia\empty_SnapshotKaroo\KAR_S1_C02_R1_IMAG0326.JPG;0
\vacia\NOANIMAL_ZOO_5_6_7_9\25_20210417 (8717).JPG;0
\cervidae\ciervo_PNC_2013-I_RED_ME\7088IM000074.JPG;1
\jabali\WILDBOAR_ZOO_1_4\37_20201116 (7085).JPG;1
\gineta\gineta_Saul Martin_FRAMES_SIN_REPETIDOS_REVISADOS_DIEGO\IMAG0022_frame160.jpg;1
\cervidae\CERVIDREDORFALLOWDEER_ZOO_1_4\21_20201025 (4485).JPG;1
\cervidae\ciervo_PNC_2014_ISAAC\c25391IM000030.JPG;1
\leporido\conejo_WellingtonCameraTraps_SS\0106151655040744S093.JPG;1
\vacia\empty_caltechCameraTraps\59849577-23d2-11e8-a6a3-ec086b02610b.jpg;0
\vacia\vacia_alumno_AM_2\26_20201020 (10124).JPG;0
\zorro\zorro_PNM_2013-O_ISAAC\f12826IM000232.JPG;1
\caballo\HORSE_ZOO_1_4\15_20210117 (1821).JPG;1
\gato_domestico\gato_WellingtonCameraTraps_SS\291016182800044a1132.JPG;1
\vacia\NOANIMAL_ZOO_5_6_7_9\49_20210418 (297).JPG;0
\lince\Lince_b_Linces2_Leo_JC\lince145 (43).jpg;1
\cervidae\CERVIDREDORFALLOWDEER_ZOO_5_6_7_9\38_20210219 (1421) (2021_04_15 06_16_22 UTC).JPG;1
\cervidae\CERVIDREDORFALLOWDEER_ZOO_1_4\2_20201117 (1681).JPG;1
\vaca\COW_ZOO_5_6_7_9\21_20210615 (510).JPG;1
\humanovehiculo\humano_vehiculo_PNC_2013-I_ISAAC\7014IM000008.JPG;1
\caballo\HORSE_ZOO_1_4\38_20201117 (1379).JPG;1
\zorro\zorro_PNC_2013-O_RED_ISAAC\b1066IM000101.JPG;1
\vaca\COW_ZOO_1_4\2_20201215 (4288).JPG;1
\vacia\empty_SnapshotMountainZebra\MTZ_S1_D05_R1_IMAG1274.JPG;0
\vacia\empty_SnapshotKaroo\KAR_S1_E02_R1_IMAG5846.JPG;0
\micromamiferos\rodent_CaltechCameraTrap_JC\Roedor_ rodent_CaltechCameraTrap_JC\58bd1c3f-23d2-11e8-a6a3-ec086b02610b.jpg;1
\ave\ave_ave_WellingtonCameraTraps_SS\030416094814014b9232.JPG;1
\vacia\NOANIMAL_ZOO_1_4\28_20210115 (786).JPG;0
\cervidae\CERVIDREDORFALLOWDEER_ZOO_5_6_7_9\15_20210219 (1973) (2021_04_15 06_16_22 UTC).JPG;1
\vacia\NOANIMAL_ZOO_5_6_7_9\15_20210219 (2820) (2021_04_15 06_16_22 UTC).JPG;0
\cervidae\gamo_buscar_cab_isaac_sin_contar\9_20201118 (68).JPG;1
\leporido\conejo_leo_donana\0008790.JPG;1
\cervidae\ciervo_PNC_2014_ISAAC\c23308IM000039.JPG;1
\ave\ave_ave_WellingtonCameraTraps_SS\041116110834027cs081.JPG;1
\cervidae\CERVIDREDORFALLOWDEER_ZOO_1_4\39_20201218 (173).JPG;1
\jabali\WILDBOAR_ZOO_5_6_7_9\20_20210219 (2454) (2021_04_15 06_16_22 UTC).JPG;1
\leporido\rabbit_CaltechCameraTrap_ME\5874d5e5-23d2-11e8-a6a3-ec086b02610b.jpg;1
\ave\ave_PNM_2012_ME\d11289IM000059.JPG;1
\gato_domestico\gato_WellingtonCameraTraps_SS\23091507365602359701.JPG;1
\vacia\NOANIMAL_ZOO_1_4\1_20201220 (531).JPG;0
\zorro\zorro_PNC_2013-O_RED_ISAAC\b15298IMAG0219.JPG;1
\vacia\empty_caltechCameraTraps\59af980a-23d2-11e8-a6a3-ec086b02610b.jpg;0
\vacia\empty_caltechCameraTraps\5987b4e4-23d2-11e8-a6a3-ec086b02610b.jpg;0
\cervidae\ciervo_simone_2\37_20201024 (947).JPG;1
\zorro\Zorro_PNC_2014_JC\c6673IM000022.JPG;1
\jabali\WILDBOAR_ZOO_5_6_7_9\20_20210219 (1262) (2021_04_15 06_16_22 UTC).JPG;1
\jabali\Jabali_PNC_2014_JC\c27499IM000130.JPG;1
\cervidae\2_ciervo_simone_2\37_20201024 (256).JPG;1
\vacia\NOANIMAL_ZOO_5_6_7_9\11_20210318 (573).JPG;0
\caballo\HORSE_ZOO_5_6_7_9\15_20210219 (8763) (2021_04_15 06_16_22 UTC).JPG;1
\humanovehiculo\humanovehiculo_vacías_humanos_PNC_2012_ME\a28630IM000020.JPG;1
\vacia\NOANIMAL_ZOO_5_6_7_9\32_20210615 (7820).JPG;0
\jabali\WILDBOAR_ZOO_5_6_7_9\33_20210418 (516).JPG;1
\ave\bird_CaltechCameraTrap\58e939d8-23d2-11e8-a6a3-ec086b02610b.jpg;1
\vacia\NOANIMAL_ZOO_5_6_7_9\39_20210615 (3674).JPG;0
\vaca\COW_ZOO_1_4\28_20210115 (833).JPG;1
\cervidae\CERVIDREDORFALLOWDEER_ZOO_5_6_7_9\38_20210618 (220).JPG;1
\vaca\COW_ZOO_1_4\15_20201024 (8071).JPG;1
\zorro\REDFOX_ZOO_1_4\32_20201117 (70).JPG;1
\vacia\NOANIMAL_ZOO_1_4\6_20201812 (10015).JPG;0
\vacia\NOANIMAL_ZOO_1_4\40_20201117 (154).JPG;0
\vacia\NOANIMAL_ZOO_5_6_7_9\25_20210417 (19540).JPG;0
\zorro\zorro_PNC_2012_JC\a34993IMAG0110.JPG;1
\vacia\vacia_alumno_1_TH\Nada (51)_frame040.jpg;0
\cervidae\CERVIDREDORFALLOWDEER_ZOO_1_4\15_20201215 (3209).JPG;1
\ave\shearwater_IslandConservationCameraTraps\chile_piedra012013_03012013231459.jpg;1
\vacia\vacia_alumno_TH_3_TH_JC\10_20201019 (2074).JPG;0
\vacia\NOANIMAL_ZOO_1_4\24_20210115 (2133).JPG;0
\meloncillo\Meloncillo_PEPE_IREC_JC\IMAG1943.JPG;1
\leporido\conejo_PNM_2012_ISAAC\d1228IM000675.JPG;1
\zorro\zorro_PNM_2013-O_ISAAC\f14926IM000041.JPG;1
\vacia\NOANIMAL_ZOO_5_6_7_9\2_20210417 (21133).JPG;0
\zorro\zorro_PNC_2014_manuel\c19952IM000012.JPG;1
\vacia\NOANIMAL_ZOO_5_6_7_9\42_20210618 (1926).JPG;0
\cervidae\ciervo_PNC_2013-O_RED_ISAAC\b16609IM000213.JPG;1
\vaca\COW_ZOO_1_4\2_20210115 (5593).JPG;1
\humanovehiculo\humano_vehiculo_PNM_2013-O_ISAAC\f8782IM000013.JPG;1
\vacia\empty_IslandConservationCameraTraps\ecuador1_ic1611_20150101_000002_img_0795.jpg;0
\leporido\conejo_Paco_Carro_JC\PICT1888 (2).JPG;1
\jabali\WILDBOAR_ZOO_5_6_7_9\28_20210219 (2531) (2021_04_15 06_16_22 UTC).JPG;1
\mapache\raccoon_CaltechCameraTrap_ME\59baca02-23d2-11e8-a6a3-ec086b02610b.jpg;1
\vacia\empty_IslandConservationCameraTraps\micronesia_cam16_cam16june2019_20190618165003_rcnx3330.jpg;0
\vacia\NOANIMAL_ZOO_1_4\34_20210115 (7452).JPG;0
\vacia\empty_IslandConservationCameraTraps\dominicanrepublic_cam0425abril2015_20130808_022939_sunp0806.jpg;0
\vacia\NOANIMAL_ZOO_1_4\10_20201218 (2037).JPG;0
\micromamiferos\rat_IslandConservationCameraTraps\micronesia_cam06_cam06june2019_pig_20190630033312_129.jpg;1
\lince\Lince_a_Linces2_Leo_JC\lince91 (104).JPG;1
\vacia\NOANIMAL_ZOO_5_6_7_9\32_20210417 (2159).JPG;0
\ave\ave_ave_WellingtonCameraTraps_SS\040416160052008b5103.JPG;1
\vacia\NOANIMAL_ZOO_1_4\34_20210115 (2693).JPG;0
\vacia\NOANIMAL_ZOO_5_6_7_9\2_20210417 (14250).JPG;0
\vacia\NOANIMAL_ZOO_1_4\37_20201116 (6303).JPG;0
\cervidae\CERVIDREDORFALLOWDEER_ZOO_5_6_7_9\48_20210418 (208).JPG;1
\vacia\NOANIMAL_ZOO_1_4\34_20210115 (5393).JPG;0
\vacia\NOANIMAL_ZOO_1_4\26_20201020 (17012).JPG;0
\jabali\WILDBOAR_ZOO_5_6_7_9\47_20210418 (1699).JPG;1
\vacia\NOANIMAL_ZOO_1_4\6_20201116 (6450).JPG;0
\cervidae\CERVIDREDORFALLOWDEER_ZOO_1_4\15_20201215 (6569).JPG;1
\gato_domestico\cat_CaltechCameraTrap\5876803a-23d2-11e8-a6a3-ec086b02610b.jpg;1
\vacia\NOANIMAL_ZOO_5_6_7_9\25_20210417 (16841).JPG;0
\vacia\NOANIMAL_ZOO_5_6_7_9\35_20210418 (1047).JPG;0
\vacia\empty_caltechCameraTraps\598c5a92-23d2-11e8-a6a3-ec086b02610b.jpg;0
\vacia\NOANIMAL_ZOO_5_6_7_9\50_20210417 (25345).JPG;0
\vacia\NOANIMAL_ZOO_5_6_7_9\39_20210615 (1965).JPG;0
\ave\rooster_IslandConservationCameraTraps\palau_cam09a12132018_20180921_065321_rcnx0315.jpg;1
\vacia\vacias_PNM_2013-O_ISAAC\f15321IMAG0081.JPG;0
\gato_domestico\gato_WellingtonCameraTraps_SS\2303152216000220S161.JPG;1
\cervidae\CERVIDREDORFALLOWDEER_ZOO_1_4\18_20210115 (2950).JPG;1
\cervidae\cervidae_alumno_AM_2\26_20201020 (551).JPG;1
\micromamiferos\rodent_CaltechCameraTrap_JC\Roedor_ rodent_CaltechCameraTrap_JC\59a7befa-23d2-11e8-a6a3-ec086b02610b.jpg;1
\ave\rooster_IslandConservationCameraTraps\palau_cam13a12132018_20180913_102058_rcnx0375.jpg;1
\lince\Lince_b_Linces2_Leo_JC\lince228 (567).JPG;1
\jabali\WILDBOAR_ZOO_5_6_7_9\31_20210219 (1086) (2021_04_15 06_16_22 UTC).JPG;1
\vacia\NOANIMAL_ZOO_5_6_7_9\20_20210219 (1231) (2021_04_15 06_16_22 UTC).JPG;0
\vacia\NOANIMAL_ZOO_1_4\34_20210115 (5147).JPG;0
\vaca\cow_CaltechCameraTrap\58c034df-23d2-11e8-a6a3-ec086b02610b.jpg;1
\vacia\NOANIMAL_ZOO_5_6_7_9\31_20210615 (4691).JPG;0
\zorro\REDFOX_ZOO_1_4\34_20201215 (49).JPG;1
\vacia\NOANIMAL_ZOO_5_6_7_9\25_20210417 (4161).JPG;0
\vaca\COW_ZOO_5_6_7_9\21_20210418 (3384).JPG;1
\cervidae\ciervo_PNC_2014_ISAAC\c11456IMAG0222.JPG;1
\zorro\zorro_PNC_2014_manuel\c6488IM000125.JPG;1
\vacia\empty_IslandConservationCameraTraps\dominicanrepublic_cam1826julio2015_20150713_102031_img_2176.jpg;0
\vacia\empty_IslandConservationCameraTraps\dominicanrepublic_cam2015abril2015_20150408_134122_img_3821.jpg;0
\gineta\gineta_Saul Martin_FRAMES_SIN_REPETIDOS_REVISADOS_DIEGO\IMAG0005_frame000.jpg;1
\cervidae\CERVIDREDORFALLOWDEER_ZOO_1_4\15_20201117 (5553).JPG;1
\vacia\NOANIMAL_ZOO_5_6_7_9\50_20210408 (20401).JPG;0
\jabali\WILDBOAR_ZOO_1_4\37_20201024 (625).JPG;1
\humanovehiculo\car_CaltechCameraTrap_ME\vehiculo\588dbd20-23d2-11e8-a6a3-ec086b02610b.jpg;1
\vacia\vacias_PNM_2012_ISAAC\d1239IM000687.JPG;0
\vacia\empty_caltechCameraTraps\599d7b6f-23d2-11e8-a6a3-ec086b02610b.jpg;0
\leporido\rabbit_IslandConservationCameraTraps\chile_frances022013_06052013132248.jpg;1
\humanovehiculo\humanovehiculo_leo_donana\0003574.JPG;1
\jabali\WILDBOAR_ZOO_5_6_7_9\18_20210219 (2825) (2021_04_15 06_16_22 UTC).JPG;1
\vacia\empty_IslandConservationCameraTraps\dominicanrepublic_cam0526julio2015_20150624_131531_sunp0067.jpg;0
\lince\Lince_a_Linces2_Leo_JC\lince50 (128).JPG;1
\cervidae\CERVIDREDORFALLOWDEER_ZOO_1_4\21_20201025 (2979).JPG;1
\vacia\NOANIMAL_ZOO_1_4\21_20201119 (4647).JPG;0
\cervidae\2_ciervo_PNC_2013-I_ME\6178IM000070.JPG;1
\gato_domestico\gato_WellingtonCameraTraps_SS\0907151224280830L081.JPG;1
\vacia\vacia_alumno_1_AM\10_20201019 (83).JPG;0
\leporido\conejo_WellingtonCameraTraps_SS\121116092158021bl213.JPG;1
\humanovehiculo\humano_vehiculo_PNC_2013-I_ISAAC\1718IM000015.JPG;1
\vaca\COW_ZOO_5_6_7_9\49_20210418 (1588).JPG;1
\vacia\empty_SnapshotMountainZebra\MTZ_S1_D07_R1_IMAG1539.JPG;0
\vacia\NOANIMAL_ZOO_5_6_7_9\32_20210417 (2247).JPG;0
\cervidae\CERVIDREDORFALLOWDEER_ZOO_1_4\28_20201019 (2128).JPG;1
\vacia\vacias_1_de_2_PNC_2012_ISAAC\a42603IM000801.JPG;0
\vacia\NOANIMAL_ZOO_5_6_7_9\39_20210318 (937).JPG;0
\vacia\vacia_Paco_Carro_JC\IMG_1003.JPG;0
\vacia\vacia_Paco_Carro_JC\IMG_1712.JPG;0
\cervidae\CERVIDREDORFALLOWDEER_ZOO_5_6_7_9\33_20210418 (209).JPG;1
\ave\bird_CaltechCameraTrap\58bea7b5-23d2-11e8-a6a3-ec086b02610b.jpg;1
\leporido\conejo_WellingtonCameraTraps_SS\0107150308080632S591.JPG;1
\leporido\Rabbit_mammalWeb\14314.jpg;1
\vacia\vacias_PNM_2013-O_ISAAC\f11665IM000059.JPG;0
\vacia\empty_SnapshotMountainZebra\MTZ_S1_G04_R3_IMAG0873.JPG;0
\lince\Lince_b_Linces2_Leo_JC\lince188 (1).JPG;1
\humanovehiculo\car_CaltechCameraTrap_ME\vehiculo\597389d2-23d2-11e8-a6a3-ec086b02610b.jpg;1
\vacia\empty_SnapshotMountainZebra\MTZ_S1_C06_R1_IMAG2330.JPG;0
\cervidae\CERVIDREDORFALLOWDEER_ZOO_1_4\21_20201025 (5088).JPG;1
\lince\linces_fecha_Linces2_Leo_JC\2_Lince_flecha_Linces2_Leo_JC\lince113 (1).JPG;1
\caballo\HORSE_ZOO_1_4\38_20201117 (2111).JPG;1
\cervidae\ciervo_simone_2\37_20201024 (8661).JPG;1
\vacia\NOANIMAL_ZOO_1_4\43_20201217 (44).JPG;0
\vacia\NOANIMAL_ZOO_5_6_7_9\2_20210319 (9466).JPG;0
\vacia\empty_IslandConservationCameraTraps\dominicanrepublic_cam1125abril2015_20150408_150235_img_0541.jpg;0
\cervidae\CERVIDREDORFALLOWDEER_ZOO_5_6_7_9\28_20210615 (808).JPG;1
\ave\rooster_IslandConservationCameraTraps\palau_cam03a08312018_20180825_142224_rcnx0114.jpg;1
\cervidae\ciervo_PNC_2013-I_RED_ME\6583IMAG0089.JPG;1
\vacia\NOANIMAL_ZOO_5_6_7_9\28_20210318 (11511).JPG;0
\vacia\NOANIMAL_ZOO_5_6_7_9\36_20210319 (3037).JPG;0
\vacia\NOANIMAL_ZOO_5_6_7_9\35_20210218 (1766) (2021_04_15 06_16_22 UTC).JPG;0
\vacia\NOANIMAL_ZOO_5_6_7_9\10_20210417 (3187).JPG;0
\leporido\conejo_Paco_Carro_JC\PICT2176.JPG;1
\cervidae\CERVIDREDORFALLOWDEER_ZOO_1_4\10_20201117 (236).JPG;1
\zorro\zorro_PNC_2013-I_RED_ME\511IM000048.JPG;1
\leporido\rabbit_CaltechCameraTrap_ME\591808c1-23d2-11e8-a6a3-ec086b02610b.jpg;1
\cervidae\CERVIDREDORFALLOWDEER_ZOO_5_6_7_9\37_20210220 (836) (2021_04_15 06_16_22 UTC).JPG;1
\vaca\COW_ZOO_1_4\21_20210114 (1018).JPG;1
\vacia\NOANIMAL_ZOO_1_4\34_20210115 (3503).JPG;0
\vaca\COW_ZOO_5_6_7_9\9_20210615 (2376).JPG;1
\ave\ave_ave_WellingtonCameraTraps_SS\080516073912006c0153.JPG;1
\cervidae\corzo_alumno_2_AM_JC\STC_0295_frame130.jpg;1
\jabali\WILDBOAR_ZOO_5_6_7_9\19_20210219 (609) (2021_04_15 06_16_22 UTC).JPG;1
\vacia\Nothing_mammalWeb\74697.jpg;0
\vacia\vacias_PNM_2013-O_ISAAC\f22631IM000139.JPG;0
\lince\Lince_a_Linces2_Leo_JC\lince125 (54).JPG;1
\cervidae\CERVIDREDORFALLOWDEER_ZOO_1_4\2_20201117 (1512).JPG;1
\vacia\vacia_Paco_Carro_JC\IMG_1119.JPG;0
\ave\ave_ave_WellingtonCameraTraps_SS\020216075614031b9963.JPG;1
\cervidae\cervidae_ME_rev_3_donana\34_20201024 (5217).JPG;1
\cervidae\gamo_buscar_cab_isaac_sin_contar\9_20201118 (1364).JPG;1
\vacia\NOANIMAL_ZOO_5_6_7_9\11_20210615 (5741).JPG;0
\vacia\empty_caltechCameraTraps\5a21784f-23d2-11e8-a6a3-ec086b02610b.jpg;0
\jabali\WILDBOAR_ZOO_1_4\43_20200101mal (57).JPG;1
\cervidae\CERVIDREDORFALLOWDEER_ZOO_5_6_7_9\11_20210615 (6157).JPG;1
\cervidae\deer_CaltechCameraTrap\5a217565-23d2-11e8-a6a3-ec086b02610b.jpg;1
\zorro\Zorro_PNM_2013-0_ME\f4474IM000135.JPG;1
\vacia\Vacias_PNC_2012_JC\a5178IM001023.JPG;0
\cervidae\ciervo_simone_2\37_20201024 (8746).JPG;1
\vacia\Nothing_mammalWeb\72936.jpg;0
\humanovehiculo\humanovehiculo_PNC_2013-O_RED_ISAAC\b14708IMAG0005.JPG;1
\ave\Pheasant_mammalWeb\50586.jpg;1
\vacia\empty_caltechCameraTraps\595c6a4b-23d2-11e8-a6a3-ec086b02610b.jpg;0
\caballo\HORSE_ZOO_1_4\2_20201215 (5450).JPG;1
\humanovehiculo\humanovehiculo_PNC_2014_manuel\c14452IMAG0163.JPG;1
\jabali\WILDBOAR_ZOO_1_4\28_20201019 (1659).JPG;1
\zorro\zorro_PNC_2012_JC\a12881IM001281.JPG;1
\cervidae\3_ciervo_Javi_3_JC\34_20201024 (2260).JPG;1
\zorro\zorro_PNC_2013-O_RED_ISAAC\b19980IMAG0043.JPG;1
\vacia\empty_IslandConservationCameraTraps\ecuador1_cam1612_20150326_211506_img_0290.jpg;0
\ave\ave_ave_WellingtonCameraTraps_SS\080816140018001b9702.JPG;1
\vacia\empty_IslandConservationCameraTraps\dominicanrepublic_cam0425abril2015_20130807_045241_sunp0594.jpg;0
\jabali\jabali_alumno_2_2_TH_JC\28_20201019 (934).JPG;1
\vacia\NOANIMAL_ZOO_5_6_7_9\19_20210417 (1713).JPG;0
\leporido\rabbit_CaltechCameraTrap_ME\58a0221d-23d2-11e8-a6a3-ec086b02610b.jpg;1
\mapache\raccoon_CaltechCameraTrap_ME\5a2af442-23d2-11e8-a6a3-ec086b02610b.jpg;1
\cervidae\cervidae_buscar_cab_isaac_sin_contar\4_20201220 (7).JPG;1
\vacia\vacia_alumno_2_AM\Canlup 5_frame140.jpg;0
\vaca\COW_ZOO_5_6_7_9\39_20210417 (1955).JPG;1
\vacia\NOANIMAL_ZOO_5_6_7_9\13_20210218 (1323) (2021_04_15 06_16_22 UTC).JPG;0
\cervidae\CERVIDREDORFALLOWDEER_ZOO_5_6_7_9\5_20210219 (1775) (2021_04_15 06_16_22 UTC).JPG;1
\cervidae\CERVIDREDORFALLOWDEER_ZOO_1_4\26_20201020 (9743).JPG;1
\vacia\NOANIMAL_ZOO_5_6_7_9\41_20210218 (291) (2021_04_15 06_16_22 UTC).JPG;0
\zorro\Zorro_PNC_2014_JC\c3126IM000071.JPG;1
\lince\linces_fecha_Linces2_Leo_JC\2_Lince_flecha_Linces2_Leo_JC\lince167 (22).JPG;1
\ave\ave_alumno_1_TH\Ave (12)_frame000.jpg;1
\jabali\WILDBOAR_ZOO_1_4\37_20201116 (3576).JPG;1
\cervidae\ciervo_vacías_humanos_PNC_2012_ME\a201IM000065.JPG;1
\vacia\vacia_alumno_1_TH\Nada (44)_frame090.jpg;0
\cervidae\CERVIDREDORFALLOWDEER_ZOO_1_4\15_20210117 (3993).JPG;1
\vacia\vacio_Saul Martin_FRAMES_SIN_REPETIDOS_REVISADOS_DIEGO\IMAG0002_frame360.jpg;0
\cervidae\CERVIDREDORFALLOWDEER_ZOO_5_6_7_9\38_20210618 (2491).JPG;1
\cervidae\CERVIDREDORFALLOWDEER_ZOO_1_4\9_20210114 (1316).JPG;1
\vacia\NOANIMAL_ZOO_1_4\13_20201219 (542).JPG;0
\gato_domestico\gato_WellingtonCameraTraps_SS\1007152210100242L243.JPG;1
\perro\perro_Paco_Carro_camarasliron_4_2_PASADAS_POR_LA_RED_JC\PICT0063.JPG;1
\tejon\Tejon_PNC_2014_JC\c22908IM000089.JPG;1
\meloncillo\Meloncillo_PEPE_IREC_JC\IMAG0241.JPG;1
\zorro\REDFOX_ZOO_5_6_7_9\11_20210615 (2975).JPG;1
\zorro\Zorro_Pepe_IREC\Zorro_Pepe_Irec_ME\IMAG0200_(10).JPG;1
\vacia\empty_IslandConservationCameraTraps\chile_piedra012013_2501201395600.jpg;0
\ave\short-eared_owl_IslandConservationCameraTraps\chile_piedra012013_21022013235036.jpg;1
\jabali\WILDBOAR_ZOO_1_4\20_20210115 (22).JPG;1
\lince\Lince_b_Linces2_Leo_JC\lince226 (22).jpg;1
\leporido\rabbit_IslandConservationCameraTraps\chile_frances012013_21122012160551.jpg;1
\jabali\WILDBOAR_ZOO_1_4\12_20201217 (23).JPG;1
\cervidae\CERVIDREDORFALLOWDEER_ZOO_1_4\10_20201117 (7135).JPG;1
\vacia\empty_IslandConservationCameraTraps\dominicanrepublic_cam1826junio2015_20150505_102654_img_2215.jpg;0
\garduna\garduna_PNM_2013-O_ME\f2064IM000267.JPG;1
\leporido\rabbit_CaltechCameraTrap_ME\5a06312b-23d2-11e8-a6a3-ec086b02610b.jpg;1
\cervidae\Ciervo_PNC_2013-O_ME\b18022IM000068.JPG;1
\vacia\NOANIMAL_ZOO_5_6_7_9\50_20210408 (26385).JPG;0
\humanovehiculo\humanovehiculo_PNC_2014_manuel\c9072IM000002.JPG;1
\lince\Lince_a_Linces2_Leo_JC\lince70 (158).JPG;1
\vacia\empty_SnapshotMountainZebra\MTZ_S1_D07_R1_IMAG0527.JPG;0
\humanovehiculo\humanovehiculo_Caltech\59d8eb2b-23d2-11e8-a6a3-ec086b02610b.jpg;1
\vacia\NOANIMAL_ZOO_1_4\18_unknowndate (686).JPG;0
\vacia\NOANIMAL_ZOO_5_6_7_9\2_20210417 (10345).JPG;0
\jabali\WILDBOAR_ZOO_1_4\33_20201120 (143).JPG;1
\vacia\empty_IslandConservationCameraTraps\dominicanrepublic_cam1125abril2015_20150419_171352_img_1968.jpg;0
\jabali\WILDBOAR_ZOO_1_4\43_20201217 (856).JPG;1
\vacia\empty_SnapshotMountainZebra\MTZ_S1_D06_R1_IMAG2229.JPG;0
\gato_domestico\gato_WellingtonCameraTraps_SS\291016093004031cs121.JPG;1
\vacia\empty_IslandConservationCameraTraps\dominicanrepublic_cam2015abril2015_20150315_135654_img_0082.jpg;0
\vacia\NOANIMAL_ZOO_1_4\6_20201812 (12398).JPG;0
\humanovehiculo\car_CaltechCameraTrap_ME\vehiculo\5a07cdb2-23d2-11e8-a6a3-ec086b02610b.jpg;1
\vacia\Vacia_ME_rev_2_donana\29_20201023 (1008).JPG;0
\ave\ave_ave_WellingtonCameraTraps_SS\071116061208002a5751.JPG;1
\vacia\vacia_Soraya_Padilla_Alumno_1_TH\DSCF0015_frame100.jpg;0
\jabali\jabali_PNC_2014_manuel\c2678IM000218.JPG;1
\vacia\NOANIMAL_ZOO_5_6_7_9\50_20210408 (16671).JPG;0
\jabali\WILDBOAR_ZOO_5_6_7_9\11_20210218 (609) (2021_04_15 06_16_22 UTC).JPG;1
\jabali\WILDBOAR_ZOO_1_4\15_20210117 (7105).JPG;1
\humanovehiculo\car_CaltechCameraTrap_ME\vehiculo\59f5fe28-23d2-11e8-a6a3-ec086b02610b.jpg;1
\vacia\Vacia_ME_rev_2_donana\26_20201020 (2453).JPG;0
\vaca\cow_CaltechCameraTrap\58910d6c-23d2-11e8-a6a3-ec086b02610b.jpg;1
\cervidae\deer_CaltechCameraTrap\598f7538-23d2-11e8-a6a3-ec086b02610b.jpg;1
\cervidae\CERVIDREDORFALLOWDEER_ZOO_5_6_7_9\39_20210417 (437).JPG;1
\ave\bird_CaltechCameraTrap\5860ece9-23d2-11e8-a6a3-ec086b02610b.jpg;1
\cervidae\cervido_simone_2\34_20201024 (5417).JPG;1
\humanovehiculo\humanovehiculo_leo_donana\homo_sapiens_javier\MVII0108.JPG;1
\vacia\NOANIMAL_ZOO_5_6_7_9\25_20210417 (6601).JPG;0
\vacia\empty_IslandConservationCameraTraps\dominicanrepublic_cam1826junio2015_20150505_090320_img_1738.jpg;0
\vacia\empty_SnapshotMountainZebra\MTZ_S1_E06_R3_IMAG1504.JPG;0
\cervidae\corzo_alumno_2_AM_JC\STC_0027_frame040.jpg;1
\vacia\empty_IslandConservationCameraTraps\ecuador1_ic1611_20150101_000004_img_2534.jpg;0
\humanovehiculo\humanovehiculo_Caltech\598622d2-23d2-11e8-a6a3-ec086b02610b.jpg;1
\cervidae\ciervo_vacías_humanos_PNC_2012_ME\a10909IM000060.JPG;1
\vacia\NOANIMAL_ZOO_1_4\2_20201117 (3145).JPG;0
\ave\Magpie_mammalWeb\9169.jpg;1
\jabali\Jabali_ME_rev_1_donana\33_20201025 (246).JPG;1
\zorro\zorro_PNC_2014_manuel\c10086IM000028.JPG;1
\lince\Lince_a_Linces2_Leo_JC\lince70 (162).JPG;1
\vacia\vacias_PNM_2013-O_ISAAC\f15898IMAG0664.JPG;0
\garduna\Garduna_PNM_2013-0_ME\f4794IM000111.JPG;1
\zorro\REDFOX_ZOO_1_4\31_20201023 (371).JPG;1
\jabali\WILDBOAR_ZOO_5_6_7_9\33_20210218 (258) (2021_04_15 06_16_22 UTC).JPG;1
\ave\OTHERSPECIES_ZOO_1_4\15_20210117 (17027).JPG;1
\lince\Lince_a_Linces2_Leo_JC\Lince60 (127).JPG;1
\vacia\NOANIMAL_ZOO_1_4\32_20201117 (191).JPG;0
\vacia\Vacias_PNM_2013-0_ME\f4552IM000218.JPG;0
\vacia\empty_IslandConservationCameraTraps\dominicanrepublic_cam10218mayo2017_20170430_090900_img_0054.jpg;0
\zorro\Zorro_Pepe_IREC\Zorro_Pepe_Irec_ME\IMAG0248_(16).JPG;1
\ave\bird_CaltechCameraTrap\58ec57f6-23d2-11e8-a6a3-ec086b02610b.jpg;1
\ave\bird_CaltechCameraTrap\594e76d3-23d2-11e8-a6a3-ec086b02610b.jpg;1
\cervidae\CERVIDREDORFALLOWDEER_ZOO_5_6_7_9\18_20210616 (1380).JPG;1
\leporido\rabbit_CaltechCameraTrap_ME\59817c77-23d2-11e8-a6a3-ec086b02610b.jpg;1
\humanovehiculo\HUMANORVEHICLE_ZOO_1_4\3_20201217 (33).JPG;1
\vacia\empty_IslandConservationCameraTraps\dominicanrepublic_cam0725abril2015a_20130813_063351_sunp4663.jpg;0
\jabali\jabali_PNC_2014_manuel\c26902IMAG0286.JPG;1
\jabali\WILDBOAR_ZOO_5_6_7_9\5_20210219 (1279) (2021_04_15 06_16_22 UTC).JPG;1
\cervidae\deer_CaltechCameraTrap\59a30c0b-23d2-11e8-a6a3-ec086b02610b.jpg;1
\jabali\jabali_javi_JC\33_20201025 (41).JPG;1
\vacia\empty_SnapshotMountainZebra\MTZ_S1_G04_R3_IMAG2743.JPG;0
\vacia\empty_IslandConservationCameraTraps\puertorico_23_20141126_234029_ek000249.jpg;0
\garduna\garduna_PNC_2013-O_RED_ISAAC\b19983IMAG0046.JPG;1
\ave\ave_Soraya_Padilla_Alumno_1_TH\DSCF0068_frame110.jpg;1
\lince\Lince_b_Linces2_Leo_JC\lince220 (78).jpg;1
\lince\linces_Linces2_Leo_JC\2_Lince_Linces2_Leo_JC\lince112 (77).JPG;1
\vacia\vacias_2_de_2_PNC_2012_ISAAC\a1631IM000620.JPG;0
\vacia\Nothing_mammalWeb\35457.jpg;0
\leporido\rabbit_IslandConservationCameraTraps\chile_frances012013_2312201270912.jpg;1
\caballo\HORSE_ZOO_1_4\10_20201218 (3437).JPG;1
\lince\Lince_b_Linces2_Leo_JC\lince228 (13).jpg;1
\jabali\WILDBOAR_ZOO_5_6_7_9\12_20210219 (83) (2021_04_15 06_16_22 UTC).JPG;1
\jabali\jabali_PNC_2014_manuel\c22431IM000069.JPG;1
\humanovehiculo\HUMANORVEHICLE_ZOO_5_6_7_9\15_20210219 (11277) (2021_04_15 06_16_22 UTC).JPG;1
\cervidae\ciervo_PNC_2013-O_RED_ISAAC\b15918IM000152.JPG;1
\cervidae\ciervo_PNC_2013-I_RED_ME\9948IM000129.JPG;1
\caballo\HORSE_ZOO_5_6_7_9\15_20210219 (3123) (2021_04_15 06_16_22 UTC).JPG;1
\cervidae\ciervo_PNC_2014_ISAAC\c30049IM000099.JPG;1
\vacia\NOANIMAL_ZOO_1_4\26_20201020 (17792).JPG;0
\vacia\NOANIMAL_ZOO_5_6_7_9\24_20210418 (4836).JPG;0
\vacia\NOANIMAL_ZOO_1_4\6_20201116 (4441).JPG;0
\jabali\WILDBOAR_ZOO_1_4\37_20201116 (635).JPG;1
\vacia\empty_IslandConservationCameraTraps\dominicanrepublic_cam0527septiembre2015_20130805_085018_sunp0397.jpg;0
\vacia\vacia_Paco_Carro_JC\IMG_1919.JPG;0
\cervidae\CERVIDREDORFALLOWDEER_ZOO_5_6_7_9\46_20210618 (708).JPG;1
\jabali\WILDBOAR_ZOO_1_4\2_20210115 (2311).JPG;1
\vaca\COW_ZOO_5_6_7_9\21_20210615 (1866).JPG;1
\ave\ave_ave_WellingtonCameraTraps_SS\050116062642029a3301.JPG;1
\humanovehiculo\car_CaltechCameraTrap_ME\vehiculo\58ce3f68-23d2-11e8-a6a3-ec086b02610b.jpg;1
\vacia\NOANIMAL_ZOO_5_6_7_9\24_20210318 (5514).JPG;0
\cervidae\ciervo_PNC_2013-O_RED_ISAAC\b13687IM000104.JPG;1
\cervidae\CERVIDREDORFALLOWDEER_ZOO_1_4\26_20201215 (25).JPG;1
\meloncillo\Meloncillo_PEPE_IREC_JC\IMAG0017_(4).JPG;1
\cervidae\CERVIDREDORFALLOWDEER_ZOO_5_6_7_9\10_20210219 (1623) (2021_04_15 06_16_22 UTC).JPG;1
\vaca\cow_CaltechCameraTrap\58f73fa5-23d2-11e8-a6a3-ec086b02610b.jpg;1
\vacia\NOANIMAL_ZOO_1_4\17_20210114 (2181).JPG;0
\cervidae\Ciervo_PNC_2013-O_ME\b6748FILE0049.JPG;1
\cervidae\CERVIDREDORFALLOWDEER_ZOO_1_4\2_20210115 (5908).JPG;1
\ave\ave_ave_WellingtonCameraTraps_SS\041116163346044a1131.JPG;1
\vacia\NOANIMAL_ZOO_1_4\26_20201020 (10562).JPG;0
\cervidae\CERVIDREDORFALLOWDEER_ZOO_5_6_7_9\2_20210417 (963).JPG;1
\caballo\HORSE_ZOO_5_6_7_9\15_20210219 (8888) (2021_04_15 06_16_22 UTC).JPG;1
\vacia\NOANIMAL_ZOO_1_4\41_20210114 (315).JPG;0
\vacia\NOANIMAL_ZOO_5_6_7_9\25_20210417 (5296).JPG;0
\cervidae\Ciervo_PNC_2012_JC\a6888IM000060.JPG;1
\cervidae\CERVIDREDORFALLOWDEER_ZOO_5_6_7_9\12_20210219 (226) (2021_04_15 06_16_22 UTC).JPG;1
\vacia\NOANIMAL_ZOO_5_6_7_9\1_20210618 (253).JPG;0
\ave\OTHERSPECIES_ZOO_5_6_7_9\38_20210618 (1469).JPG;1
\cervidae\deer_CaltechCameraTrap\5a07cbf1-23d2-11e8-a6a3-ec086b02610b.jpg;1
\meloncillo\meloncillo_PNC_2014_javier\f4511IM000174.JPG;1
\zorro\Zorro_PNC_2013-O_ME\b1011IM000052.JPG;1
\vacia\empty_SnapshotMountainZebra\MTZ_S1_E06_R3_IMAG0240.JPG;0
\humanovehiculo\humano_vehiculo_PNM_2013-O_ISAAC\f4891IM000213.JPG;1
\vacia\empty_IslandConservationCameraTraps\dominicanrepublic_cam1826julio2015_20150627_111255_img_0393.jpg;0
\jabali\jabali_PNC_2014_manuel\c26763IMAG0139.JPG;1
\cervidae\CERVIDREDORFALLOWDEER_ZOO_5_6_7_9\19_20210417 (2111).JPG;1
\vacia\empty_SnapshotMountainZebra\MTZ_S1_C06_R3_IMAG1651.JPG;0
\vacia\empty_caltechCameraTraps\5a049457-23d2-11e8-a6a3-ec086b02610b.jpg;0
\vaca\COW_ZOO_5_6_7_9\9_20210615 (2383).JPG;1
\jabali\jabali_PNM_2013-I_ISAAC\e4744IM000084.JPG;1
\vacia\Nothing_mammalWeb\41664.jpg;0
\vacia\empty_caltechCameraTraps\5971fbd9-23d2-11e8-a6a3-ec086b02610b.jpg;0
\vacia\NOANIMAL_ZOO_5_6_7_9\50_20210417 (23110).JPG;0
\vaca\COW_ZOO_5_6_7_9\49_20210418 (1578).JPG;1
\cervidae\CERVIDREDORFALLOWDEER_ZOO_1_4\2_20201117 (1581).JPG;1
\humanovehiculo\humanovehiculo_PNC_2014_manuel\c18666IMAG0331.JPG;1
\caballo\caballos_alumno_AM\caballos_alumno_AM\2_20201215 (10388).JPG;1
\cervidae\CERVIDREDORFALLOWDEER_ZOO_1_4\21_20201025 (2056).JPG;1
\jabali\WILDBOAR_ZOO_5_6_7_9\31_20210219 (936) (2021_04_15 06_16_22 UTC).JPG;1
\cervidae\Ciervo_PNC_2014_JC\c7064IM000036.JPG;1
\vacia\NOANIMAL_ZOO_1_4\15_20210117 (5641).JPG;0
\zorro\zorro_PNM_2013-I_ME\e4668IM000008.JPG;1
\ave\ave_Soraya_Padilla_Alumno_1_TH\IMAG0212_frame200.jpg;1
\vacia\NOANIMAL_ZOO_5_6_7_9\50_20210408 (20795).JPG;0
\vacia\NOANIMAL_ZOO_1_4\7_20210115 (4285).JPG;0
\mapache\raccoon_CaltechCameraTrap_ME\5858bf8a-23d2-11e8-a6a3-ec086b02610b.jpg;1
\ave\ave_alumno_2_2_TH_JC\21_20201025 (6226).JPG;1
\micromamiferos\micromamifero_WellingtonCameraTraps_SS\171016200840004bs131.JPG;1
\vacia\NOANIMAL_ZOO_1_4\15_20201117 (9016).JPG;0
\vacia\NOANIMAL_ZOO_5_6_7_9\49_20210418 (8809).JPG;0
\vacia\empty_SnapshotMountainZebra\MTZ_S1_D07_R1_IMAG0052.JPG;0
\cervidae\CERVIDREDORFALLOWDEER_ZOO_1_4\28_20201117 (1277).JPG;1
\cervidae\ciervo_vacías_humanos_PNC_2012_ME\a35257IM000107.JPG;1
\cervidae\ciervo_PNC_2014_ISAAC\c23677IMAG0014.JPG;1
\vacia\empty_IslandConservationCameraTraps\dominicanrepublic_cam1425abril2015_20150419_133018_img_1850.jpg;0
\vacia\NOANIMAL_ZOO_5_6_7_9\2_20210417 (17433).JPG;0
\vacia\empty_IslandConservationCameraTraps\dominicanrepublic_cam1125abril2015_20150418_161935_img_1800.jpg;0
\cervidae\CERVIDREDORFALLOWDEER_ZOO_5_6_7_9\12_20210219 (59) (2021_04_15 06_16_22 UTC).JPG;1
\vacia\NOANIMAL_ZOO_1_4\6_20201812 (12593).JPG;0
\jabali\WILDBOAR_ZOO_1_4\37_20201116 (5086).JPG;1
\vacia\Nothing_mammalWeb\22106.jpg;0
\cervidae\ciervo_PNC_2014_manuel\c12884IMAG0419.JPG;1
\vacia\NOANIMAL_ZOO_5_6_7_9\36_20210618 (1651).JPG;0
\ave\Totovía_PNC_2012_JC\a2348IM000141.JPG;1
\lince\Lince_b_Linces2_Leo_JC\lince228 (357).JPG;1
\cervidae\Ciervo_revGinetasJC_REV1_4_donana\14_20201218 (1544).JPG;1
\micromamiferos\rodent_CaltechCameraTrap_JC\Roedor_ rodent_CaltechCameraTrap_JC\59247c3a-23d2-11e8-a6a3-ec086b02610b.jpg;1
\jabali\WILDBOAR_ZOO_1_4\37_20201116 (565).JPG;1
\jabali\Jabali_ME_rev_1_donana\41_20201025 (8).JPG;1
\ave\ave_Paco_Garcia_JC\IMAG0649.JPG;1
\vacia\NOANIMAL_ZOO_1_4\21_20201025 (34).JPG;0
\cervidae\2_ciervo_Javi_3_JC\25_20201024 (929).JPG;1
\humanovehiculo\humanovehiculo_vacías_humanos_PNC_2012_ME\a33157IM000092.JPG;1
\jabali\WILDBOAR_ZOO_1_4\11_20201217 (109).JPG;1
\vacia\NOANIMAL_ZOO_1_4\26_20201020 (13974).JPG;0
\vaca\COW_ZOO_5_6_7_9\39_20210417 (1929).JPG;1
\vacia\NOANIMAL_ZOO_5_6_7_9\15_20210219 (4656) (2021_04_15 06_16_22 UTC).JPG;0
\mapache\raccoon_CaltechCameraTrap_ME\59be4081-23d2-11e8-a6a3-ec086b02610b.jpg;1
\garduna\garduna_PNM_2013-O_ME\f2186IM000397.JPG;1
\vacia\NOANIMAL_ZOO_5_6_7_9\2_20210319 (9216).JPG;0
\micromamiferos\micromamifero_PNC_2013-O_RED_ISAAC\b6140IM000093.JPG;1
\vacia\vacias_2_de_2_PNC_2012_ISAAC\a4589IM000440.JPG;0
\cervidae\2_ciervo_simone_2\37_20201024 (10722).JPG;1
\humanovehiculo\humanovehiculo_ss\7_20201025 (471).JPG;1
\ave\petrel_chick_IslandConservationCameraTraps\ecuador2_ic1618_20181102_042025_img_0074.jpg;1
\humanovehiculo\humanovehiculo_vacías_humanos_PNC_2012_ME\a33078IM000009.JPG;1
\cervidae\2_ciervo_simone_2\37_20201024 (10436).JPG;1
\humanovehiculo\humano_vehiculo_PNC_2013-I_ISAAC\10076IM000056.JPG;1
\vacia\empty_IslandConservationCameraTraps\dominicanrepublic_cam0425abril2015_20130814_054751_sunp2270.jpg;0
\vacia\NOANIMAL_ZOO_1_4\40_20201117 (1125).JPG;0
\vacia\vacia_Paco_Carro_JC\01130316.JPG;0
\vaca\COW_ZOO_5_6_7_9\17_20210418 (303).JPG;1
\perro\dog_caltechCameraTraps\59cb3a82-23d2-11e8-a6a3-ec086b02610b.jpg;1
\ave\OTHERSPECIES_ZOO_5_6_7_9\38_20210618 (791).JPG;1
\vacia\NOANIMAL_ZOO_5_6_7_9\50_20210408 (17201).JPG;0
\leporido\conejo_Paco_Carro_JC\PICT0535 (2).JPG;1
\vacia\vacia_alumno_AM_2\17_20201026 (874).JPG;0
\vacia\NOANIMAL_ZOO_5_6_7_9\25_20210417 (10381).JPG;0
\jabali\WILDBOAR_ZOO_1_4\43_20201118 (355).JPG;1
\vaca\COW_ZOO_1_4\21_20201217 (5059).JPG;1
\lince\Lince_b_Linces2_Leo_JC\lince144 (247).JPG;1
\caballo\caballos_javier_JC\2_20201117 (3484).JPG;1
\gato_domestico\gato_WellingtonCameraTraps_SS\26091520214001940155.JPG;1
\vacia\NOANIMAL_ZOO_5_6_7_9\37_20210319 (943).JPG;0
\vacia\NOANIMAL_ZOO_5_6_7_9\2_20210618 (17701).JPG;0
\vacia\Vacio__diego_2_rev_donana\17_20201026 (153).JPG;0
\vacia\NOANIMAL_ZOO_1_4\40_20201215 (3683).JPG;0
\cervidae\2_Ciervos_PNC2012_JC\a33103IM000035.JPG;1
\vacia\vacia_Paco_Carro_JC\01120309.JPG;0
\vacia\empty_caltechCameraTraps\5954aa20-23d2-11e8-a6a3-ec086b02610b.jpg;0
\ave\ave_ave_WellingtonCameraTraps_SS\060816122440002as311.JPG;1
\vacia\empty_IslandConservationCameraTraps\dominicanrepublic_cam2015abril2015_20150328_150841_img_2572.jpg;0
\lince\linces_fecha_Linces2_Leo_JC\2_Lince_flecha_Linces2_Leo_JC\Lince67 (28).JPG;1
\jabali\WILDBOAR_ZOO_1_4\7_20210115 (144).JPG;1
\humanovehiculo\humanovehiculo_PNM_2013-I_ME\e4942IMAG0017.JPG;1
\jabali\Jabali1_diego_2_rev_donana\37_20201024 (11803).JPG;1
\ave\bird_CaltechCameraTrap\595950f6-23d2-11e8-a6a3-ec086b02610b.jpg;1
\jabali\WILDBOAR_ZOO_1_4\24_20201117 (51).JPG;1
\vacia\NOANIMAL_ZOO_5_6_7_9\18_20210219 (3152) (2021_04_15 06_16_22 UTC).JPG;0
\vacia\NOANIMAL_ZOO_5_6_7_9\50_20210408 (15230).JPG;0
\jabali\WILDBOAR_ZOO_1_4\11_20201217 (43).JPG;1
\humanovehiculo\humano_vehiculo_PNM_2012_ISAAC\d9901IM000020.JPG;1
\vacia\empty_IslandConservationCameraTraps\dominicanrepublic_cam10601agosto2017_20161228_145200_img_0009.jpg;0
\lince\linces_fecha_Linces2_Leo_JC\2_Lince_flecha_Linces2_Leo_JC\lince162 (31).JPG;1
\vacia\NOANIMAL_ZOO_5_6_7_9\19_20210417 (2797).JPG;0
\vacia\vacias_2_de_2_PNC_2012_ISAAC\a7904IM000227.JPG;0
\vacia\empty_SnapshotMountainZebra\MTZ_S1_E06_R1_IMAG0285.JPG;0
\vacia\NOANIMAL_ZOO_1_4\7_20210115 (1530).JPG;0
\cervidae\CERVIDREDORFALLOWDEER_ZOO_5_6_7_9\28_20210615 (2706).JPG;1
\vacia\NOANIMAL_ZOO_5_6_7_9\49_20210615 (3081).JPG;0
\cervidae\CERVIDREDORFALLOWDEER_ZOO_1_4\23_20201117 (643).JPG;1
\caballo\HORSE_ZOO_1_4\38_20201117 (2181).JPG;1
\meloncillo\Meloncillo_PEPE_IREC_JC\IMAG1768.JPG;1
\vacia\vacias_1_de_2_PNC_2012_ISAAC\a52404IM000207.JPG;0
\vacia\empty_IslandConservationCameraTraps\dominicanrepublic_cam1826junio2015_20150504_140304_img_0567.jpg;0
\jabali\2_jabali_alumno_2_AM_JC\STC_0052_frame190.jpg;1
\vacia\NOANIMAL_ZOO_5_6_7_9\2_20210417 (986).JPG;0
\cervidae\CERVIDREDORFALLOWDEER_ZOO_1_4\37_20210115 (2565).JPG;1
\vacia\empty_IslandConservationCameraTraps\dominicanrepublic_cam1826junio2015_20150505_125818_img_3037.jpg;0
\vacia\NOANIMAL_ZOO_5_6_7_9\2_20210417 (17049).JPG;0
\vacia\empty_SnapshotMountainZebra\MTZ_S1_D07_R1_IMAG2253.JPG;0
\jabali\WILDBOAR_ZOO_1_4\37_20201116 (2463).JPG;1
\vacia\NOANIMAL_ZOO_5_6_7_9\50_20210408 (4193).JPG;0
\leporido\rabbit_IslandConservationCameraTraps\chile_frances022013_27052013121714.jpg;1
\tejon\Tejon_PEPE_IREC_JC\IMAG0756.JPG;1
\vacia\SnampshotEnonkishu\ENO_S1_D06_R1_IMAG1053.JPG;0
\micromamiferos\rat_IslandConservationCameraTraps\palau_cam04a12132018_20181009_202140_rcnx1633.jpg;1
\vacia\NOANIMAL_ZOO_1_4\43_20201217 (1805).JPG;0
\jabali\WILDBOAR_ZOO_1_4\15_20210117 (6749).JPG;1
\jabali\jabali_javi_JC\37_20201024 (317).JPG;1
\vacia\empty_IslandConservationCameraTraps\dominicanrepublic_cam1125abril2015_20150413_171058_img_1268.jpg;0
\cervidae\ciervo_PNC_2013-I_ME\8621IMAG0160.JPG;1
\humanovehiculo\HUMANORVEHICLE_ZOO_1_4\18_20200130 (3).JPG;1
\cervidae\ciervo_Javi_3_JC\6_20201023 (3452).JPG;1
\vacia\NOANIMAL_ZOO_1_4\4_20210117 (4020).JPG;0
\zorro\ZORRO_PNM_2013-I_ISAAC\e2349IM000206.JPG;1
\micromamiferos\micromamifero_WellingtonCameraTraps_SS\070716195848038cs521.JPG;1
\vacia\vacias_1_de_2_PNC_2012_ISAAC\a39189IMAG0810.JPG;0
\vacia\NOANIMAL_ZOO_1_4\37_20201116 (4925).JPG;0
\vacia\empty_caltechCameraTraps\59817adb-23d2-11e8-a6a3-ec086b02610b.jpg;0
\caballo\caballos_TH_JC\17_20201611 (208).JPG;1
\vacia\NOANIMAL_ZOO_5_6_7_9\28_20210417 (134).JPG;0
\zorro\zorro_PNM_2012_ISAAC\d14898IMAG0036.JPG;1
\vacia\NOANIMAL_ZOO_5_6_7_9\49_20210418 (3290).JPG;0
\vaca\Vaca1_diego_1_rev_donana\15_20201024 (7368).JPG;1
\cervidae\CERVIDREDORFALLOWDEER_ZOO_1_4\21_20201025 (5694).JPG;1
\vacia\NOANIMAL_ZOO_1_4\15_20201024 (12618).JPG;0
\humanovehiculo\humanovehiculo_Caltech\597e60cd-23d2-11e8-a6a3-ec086b02610b.jpg;1
\vacia\NOANIMAL_ZOO_1_4\34_20201116 (1338).JPG;0
\vacia\NOANIMAL_ZOO_1_4\26_20201020 (14731).JPG;0
\zorro\zorro_PNC_2012_JC\a47325IM000083.JPG;1
\leporido\rabbit_IslandConservationCameraTraps\chile_frances012013_22122012170837.jpg;1
\vacia\NOANIMAL_ZOO_5_6_7_9\11_20210615 (7125).JPG;0
\zorro\zorro_vacías_humanos_PNC_2012_ME\a1936IM000025.JPG;1
\ave\ave_PNC_2013-O_RED_ISAAC\b6271FILE0032.JPG;1
\vacia\empty_SnapshotMountainZebra\MTZ_S1_D06_R1_IMAG2776.JPG;0
\zorro\zorro_ME_rev_1_donana\36_20201019 (2537).JPG;1
\vacia\NOANIMAL_ZOO_1_4\26_20201020 (5165).JPG;0
\cervidae\CERVIDREDORFALLOWDEER_ZOO_1_4\8_20210115 (111).JPG;1
\humanovehiculo\humanovehiculo_vacías_humanos_PNC_2012_ME\a6723IM000004.JPG;1
\cervidae\CERVIDREDORFALLOWDEER_ZOO_5_6_7_9\19_20210319 (838).JPG;1
\vacia\empty_IslandConservationCameraTraps\ecuador1_ic1611_20150101_000004_img_0230.jpg;0
\vacia\NOANIMAL_ZOO_1_4\26_20201020 (17027).JPG;0
\cervidae\2_ciervo_Paco_Carro_JC\PICT1518.JPG;1
\leporido\conejo_Paco_Carro_JC\PICT0885.JPG;1
\lince\linces_fecha_Linces2_Leo_JC\2_Lince_flecha_Linces2_Leo_JC\lince147 (78).JPG;1
\lince\Lince_a_Linces2_Leo_JC\Lince60 (296).JPG;1
\cervidae\2_ciervo_simone_2\37_20201024 (10526).JPG;1
\ave\ave_Soraya_Padilla_Alumno_1_TH\STC_0051_frame130.jpg;1
\leporido\rabbit_CaltechCameraTrap_ME\5a0969bd-23d2-11e8-a6a3-ec086b02610b.jpg;1
\caballo\HORSE_ZOO_1_4\28_20201117 (658).JPG;1
\ave\ave_Soraya_Padilla_Alumno_1_TH\DSCF0020_frame200.jpg;1
\cervidae\ciervo_simone_2\34_20201024 (6004).JPG;1
\vacia\NOANIMAL_ZOO_1_4\6_20201116 (4419).JPG;0
\vacia\NOANIMAL_ZOO_5_6_7_9\39_20210318 (709).JPG;0
\vacia\NOANIMAL_ZOO_5_6_7_9\2_20210618 (14475).JPG;0
\lince\Lince_a_Linces2_Leo_JC\lince116 (63).JPG;1
\vacia\empty_IslandConservationCameraTraps\dominicanrepublic_cam0425abril2015_20130805_045023_sunp0432.jpg;0
\micromamiferos\MICROMA_PNM_2013-I_ISAAC\e4157IM000044.JPG;1
\gato_domestico\gato_WellingtonCameraTraps_SS\210416210808031c5026.JPG;1
\humanovehiculo\humanovehiculo_PNM_2013-I_ME\e216IM000044.JPG;1
\vacia\NOANIMAL_ZOO_1_4\7_20210115 (3032).JPG;0
\vacia\empty_IslandConservationCameraTraps\dominicanrepublic_cam1826julio2015_20150627_080950_img_0300.jpg;0
\cervidae\corzo_alumno_2_AM_JC\STC_0009 (2)_frame110.jpg;1
\vacia\NOANIMAL_ZOO_5_6_7_9\50_20210408 (594).JPG;0
\vacia\vacia_alumno_TH_3_TH_JC\30_20201021 (7021).JPG;0
\garduna\garduna_PNM_2013-O_ME\f4266IM000052.JPG;1
\cervidae\CERVIDREDORFALLOWDEER_ZOO_1_4\40_20201215 (4135).JPG;1
\cervidae\deer_CaltechCameraTrap\59e5e1d4-23d2-11e8-a6a3-ec086b02610b.jpg;1
\jabali\Jabali_ME_rev_1_donana\7_20201025 (238).JPG;1
\vacia\NOANIMAL_ZOO_5_6_7_9\25_20210417 (5843).JPG;0
\ave\rooster_IslandConservationCameraTraps\palau_cam04a12132018_20181101_065744_rcnx2012.jpg;1
\cervidae\CERVIDREDORFALLOWDEER_ZOO_5_6_7_9\22_20210318 (7857).JPG;1
\jabali\WILDBOAR_ZOO_1_4\37_20201116 (8158).JPG;1
\ave\ave_ave_WellingtonCameraTraps_SS\080416101336047b5023.JPG;1
\zorro\zorro_PNM_2013-O_ISAAC\f21476IM000182.JPG;1
\cervidae\ciervo_simone_2\40_20201024 (3997).JPG;1
\caballo\HORSE_ZOO_1_4\2_20201117 (515).JPG;1
\humanovehiculo\humanovehiculo_PNC_2014_manuel\c2404IM000009.JPG;1
\vacia\NOANIMAL_ZOO_1_4\20_20210115 (457).JPG;0
\lince\linces_Linces2_Leo_JC\2_Lince_Linces2_Leo_JC\lince71 (71).JPG;1
\leporido\rabbit_CaltechCameraTrap_ME\5961061e-23d2-11e8-a6a3-ec086b02610b.jpg;1
\vacia\vacia_alumno_TH_3_TH_JC\26_20201020 (9530).JPG;0
\cervidae\ciervo_PNC_2014_ISAAC\c12599IMAG0117.JPG;1
\vacia\NOANIMAL_ZOO_5_6_7_9\18_20210417 (5364).JPG;0
\cervidae\CERVIDREDORFALLOWDEER_ZOO_5_6_7_9\38_20210417 (2291).JPG;1
\vacia\empty_IslandConservationCameraTraps\dominicanrepublic_cam1826julio2015_20150710_130456_img_1945.jpg;0
\jabali\jabali_PNC_2013-O_RED_ISAAC\b1380IMAG0231.JPG;1
\vacia\empty_IslandConservationCameraTraps\dominicanrepublic_cam1725abril2015_20150421_090733_img_0745.jpg;0
\vacia\NOANIMAL_ZOO_1_4\6_20201812 (8591).JPG;0
\jabali\WILDBOAR_ZOO_1_4\37_20201116 (4528).JPG;1
\jabali\jabali_PNC_2014_manuel\c16872IM000147.JPG;1
\cervidae\CERVIDREDORFALLOWDEER_ZOO_5_6_7_9\15_20210219 (11163) (2021_04_15 06_16_22 UTC).JPG;1
\vaca\cow_CaltechCameraTrap\59167be1-23d2-11e8-a6a3-ec086b02610b.jpg;1
\vacia\vacia_javi_2_JC\27_20201023 (4595).JPG;0
\vacia\vacia_alumno_TH_3_TH_JC\37_20201024 (7708).JPG;0
\vacia\empty_SnapshotMountainZebra\MTZ_S1_D06_R1_IMAG0612.JPG;0
\vacia\vacias_PNM_2013-O_ISAAC\f21305IM000014.JPG;0
\caballo\HORSE_ZOO_1_4\15_20210117 (2431).JPG;1
\jabali\jabali_PNC_2014_manuel\c4148IMAG0084.JPG;1
\vaca\COW_ZOO_1_4\26_20201117 (1509).JPG;1
\jabali\WILDBOAR_ZOO_1_4\31_20210115 (407).JPG;1
\leporido\rabbit_IslandConservationCameraTraps\chile_piedra012013_07052013153211.jpg;1
\vacia\NOANIMAL_ZOO_5_6_7_9\11_20210418 (3373).JPG;0
\vacia\NOANIMAL_ZOO_5_6_7_9\25_20210417 (12545).JPG;0
\lince\linces_fecha_Linces2_Leo_JC\2_Lince_flecha_Linces2_Leo_JC\lince190 (21).JPG;1
\vacia\NOANIMAL_ZOO_5_6_7_9\50_20210417 (25407).JPG;0
\humanovehiculo\humanovehiculo_Caltech\594cea34-23d2-11e8-a6a3-ec086b02610b.jpg;1
\ave\shearwater_IslandConservationCameraTraps\chile_vaqueria2013_30122012230227.jpg;1
\zorro\REDFOX_ZOO_1_4\11_20210114 (131).JPG;1
\cervidae\CERVIDREDORFALLOWDEER_ZOO_1_4\1_20201220 (406).JPG;1
\vacia\vacia_alumno_2_AM_JC\DSCF0119_frame140.jpg;0
\vacia\NOANIMAL_ZOO_1_4\15_20201024 (2770).JPG;0
\ave\2_ave_Soraya_Padilla_Alumno_1_TH\DSCF0052_frame000.jpg;1
\leporido\rabbit_CaltechCameraTrap_ME\58cb135a-23d2-11e8-a6a3-ec086b02610b.jpg;1
\jabali\jabali_PNC_2013-O_RED_ISAAC\b14527IM000028.JPG;1
\leporido\conejo_WellingtonCameraTraps_SS\170516065950016bs151.JPG;1
\jabali\WILDBOAR_ZOO_1_4\12_20201118 (8).JPG;1
\ave\bird_CaltechCameraTrap\59d5b795-23d2-11e8-a6a3-ec086b02610b.jpg;1
\vacia\empty_caltechCameraTraps\598c5cc6-23d2-11e8-a6a3-ec086b02610b.jpg;0
\cervidae\2_corzo_alumno_2_AM_JC\STC_0028_frame210.jpg;1
\vacia\NOANIMAL_ZOO_1_4\6_20201812 (9730).JPG;0
\humanovehiculo\humanovehiculo_PNC_2013-O_RED_ISAAC\b8475FILE0304.JPG;1
\vacia\NOANIMAL_ZOO_1_4\6_20201812 (14168).JPG;0
\jabali\WILDBOAR_ZOO_1_4\37_20201116 (15990).JPG;1
\vacia\NOANIMAL_ZOO_1_4\28_20201019 (2011).JPG;0
\vacia\NOANIMAL_ZOO_1_4\7_20210115 (3605).JPG;0
\leporido\rabbit_IslandConservationCameraTraps\chile_frances022013_17042013165517.jpg;1
\vaca\COW_ZOO_1_4\21_20201119 (1911).JPG;1
\leporido\Rabbit_mammalWeb\116073.jpg;1
\tejon\tejon_PNM_2013-I_ME\e5171IMAG0083.JPG;1
\ave\Zorzal_PNC_2013-O_ME\b5005IMAG0895.JPG;1
\lince\Lince_b_Linces2_Leo_JC\lince177 (42).JPG;1
\vacia\vacias_2_de_2_PNC_2012_ISAAC\a43812IM000522.JPG;0
\vacia\empty_IslandConservationCameraTraps\dominicanrepublic_cam11618mayo2017b_20170227_090948_img_0149.jpg;0
\vacia\empty_IslandConservationCameraTraps\ecuador1_ic1611_20150101_000004_img_0327.jpg;0
\vacia\vacia_WellingtonCameraTraps_SS\161215173820016a1163.JPG;0
\vacia\empty_IslandConservationCameraTraps\dominicanrepublic_cam0527septiembre2015_20130806_125532_sunp0527.jpg;0
\humanovehiculo\car_CaltechCameraTrap_ME\vehiculo\59341bd2-23d2-11e8-a6a3-ec086b02610b.jpg;1
\cervidae\Ciervo_PNC_2013-O_ME\b6878FILE0030.JPG;1
\vacia\vacia_vacías_humanos_PNC_2012_ME\a43972IM000780.JPG;0
\caballo\HORSE_ZOO_1_4\2_20201117 (5115).JPG;1
\vacia\NOANIMAL_ZOO_1_4\16_20201119 (408).JPG;0
\vacia\empty_IslandConservationCameraTraps\palau_cam09a12132018_20181028_120000_rcnx0823.jpg;0
\vaca\COW_ZOO_5_6_7_9\21_20210418 (1516).JPG;1
\jabali\Jabali1_diego_1_rev_donana\33_20201025 (340).JPG;1
\vacia\vacia_alumno_2_AM_JC\DSCF0036_frame090.jpg;0
\vacia\Vacio__diego_2_rev_donana\8_20201029 (306).JPG;0
\cervidae\deer_CaltechCameraTrap\59c80421-23d2-11e8-a6a3-ec086b02610b.jpg;1
\leporido\rabbit_CaltechCameraTrap_ME\59830893-23d2-11e8-a6a3-ec086b02610b.jpg;1
\caballo\HORSE_ZOO_1_4\2_20201117 (3462).JPG;1
\ave\raven_IslandConservationCameraTraps\dominicanrepublic_cam1226junio2015_20150502_024420_img_0281.jpg;1
\vacia\vacia_alumno_2_AM_JC\STC_0049_frame180.jpg;0
\humanovehiculo\Vehicle_ena24\2950.jpg;1
\lince\Lince_a_Linces2_Leo_JC\Lince60 (433).JPG;1
\humanovehiculo\humano_vehiculo_PNC_2013-I_ISAAC\8894IM000134.JPG;1
\vacia\NOANIMAL_ZOO_5_6_7_9\50_20210417 (21180).JPG;0
\cervidae\Ciervo_PNC_2012_JC\a33758IM000257.JPG;1
\leporido\2_conejo_Paco_Carro_JC\PICT1060.JPG;1
\cervidae\ciervo_PNC_2014_ISAAC\c22679IM000075.JPG;1
\lince\linces_fecha_Linces2_Leo_JC\4_Lince_flecha_Linces2_Leo_JC\lince90 (23).JPG;1
\humanovehiculo\humano_vehiculo_PNC_2013-I_ISAAC\9687IM000003.JPG;1
\cervidae\ciervo_PNM_2013-O_ISAAC\f29407IMAG0985.JPG;1
\zorro\zorro_PNM_2012_ME\d13885IM000067.JPG;1
\lince\Lince_a_Linces2_Leo_JC\lince94 (108).JPG;1
\vacia\vacias_PNC_2014_ISAAC\c27218IM000008.JPG;0
\ave\ave_ave_WellingtonCameraTraps_SS\080116061550024a5103.JPG;1
\cervidae\CERVIDREDORFALLOWDEER_ZOO_1_4\34_20201024 (6922).JPG;1
\jabali\WILDBOAR_ZOO_1_4\33_20201025 (198).JPG;1
\leporido\conejo_Paco_Carro_JC\PICT0738.JPG;1
\vacia\NOANIMAL_ZOO_5_6_7_9\2_20210417 (8162).JPG;0
\vacia\empty_SnapshotMountainZebra\MTZ_S1_D06_R1_IMAG2263.JPG;0
\cervidae\ciervo_simone_2\37_20201024 (12203).JPG;1
\caballo\HORSE_ZOO_1_4\15_20210117 (1835).JPG;1
\garduna\garduna_vacías_humanos_PNC_2012_ME\a52574IM000115.JPG;1
\vacia\empty_IslandConservationCameraTraps\dominicanrepublic_cam0425abril2015_20130809_044101_sunp1682.jpg;0
\leporido\conejo_Paco_Carro_JC\PICT1116.JPG;1
\zorro\zorro_PNC_2012_JC\a47544IM000037.JPG;1
\micromamiferos\rodent_CaltechCameraTrap_JC\Roedor_ rodent_CaltechCameraTrap_JC\58ef6d44-23d2-11e8-a6a3-ec086b02610b.jpg;1
\humanovehiculo\car_CaltechCameraTrap_ME\vehiculo\58fbedbe-23d2-11e8-a6a3-ec086b02610b.jpg;1
\cervidae\CERVIDREDORFALLOWDEER_ZOO_1_4\15_20210117 (15877).JPG;1
\cervidae\CERVIDREDORFALLOWDEER_ZOO_5_6_7_9\19_20210319 (2359).JPG;1
\vaca\COW_ZOO_1_4\21_20201119 (827).JPG;1
\jabali\WILDBOAR_ZOO_5_6_7_9\25_20210219 (3119) (2021_04_15 06_16_22 UTC).JPG;1
\vacia\empty_IslandConservationCameraTraps\dominicanrepublic_cam0515marzo2016_20160313_043450_sunp0019.jpg;0
\meloncillo\meloncillo_PNM_2013-O_ME\f4505IM000168.JPG;1
\lince\Lince_b_Linces2_Leo_JC\lince151 (34).JPG;1
\vacia\NOANIMAL_ZOO_5_6_7_9\2_20210417 (4474).JPG;0
\caballo\caballos_javier_JC\2_20201117 (3625).JPG;1
\zorro\zorro_PNC_2012_JC\a13455IM000075.JPG;1
\vacia\vacia_ss\36_20201019 (2396).JPG;0
\vacia\vacias_2_de_2_PNC_2012_ISAAC\a27835IM000085.JPG;0
\ave\ave_alumno_1_TH\Ave (15)_frame050.jpg;1
\vacia\NOANIMAL_ZOO_1_4\37_20210115 (3521).JPG;0
\vacia\NOANIMAL_ZOO_5_6_7_9\32_20210615 (5651).JPG;0
\ave\great_blue_heron_IslandConservationCameraTraps\dominicanrepublic_cam2928enero2016_20151213_151106_img_0030.jpg;1
\zorro\zorro_PNC_2014_manuel\c5841IM000040.JPG;1
\vacia\empty_IslandConservationCameraTraps\dominicanrepublic_cam1826julio2015_20150708_115436_img_1683.jpg;0
\vaca\COW_ZOO_5_6_7_9\9_20210615 (2757).JPG;1
\leporido\rabbit_CaltechCameraTrap_ME\58678cd8-23d2-11e8-a6a3-ec086b02610b.jpg;1
\perro\dog_caltechCameraTraps\59a49a97-23d2-11e8-a6a3-ec086b02610b.jpg;1
\gineta\gineta_vacías_humanos_PNC_2012_ME\a36999IM000098.JPG;1
\jabali\JABALI_PNM_2013-I_ISAAC\e3218IM000014.JPG;1
\vacia\empty_IslandConservationCameraTraps\dominicanrepublic_cam0425abril2015_20130822_063313_sunp4363.jpg;0
\vacia\empty_IslandConservationCameraTraps\dominicanrepublic_cam0425abril2015_20130809_025220_sunp1517.jpg;0
\jabali\WILDBOAR_ZOO_5_6_7_9\11_20210318 (86).JPG;1
\vacia\vacias_2_de_2_PNC_2012_ISAAC\a316IM000177.JPG;0
\leporido\conejo_leo_donana\0002810.JPG;1
\vacia\vacia_alumno_2_AM_JC\DSCF0036_frame160.jpg;0
\lince\Lince_a_Linces2_Leo_JC\lince118 (84).JPG;1
\vacia\empty_IslandConservationCameraTraps\dominicanrepublic_cam0425abril2015_20130815_003212_sunp2349.jpg;0
\vacia\NOANIMAL_ZOO_5_6_7_9\25_20210417 (7599).JPG;0
\leporido\conejo_alumno_1_TH\Conejo_alumno_2_AM_JC\Orycun (8)_frame050.jpg;1
\ave\2_ave_ave_WellingtonCameraTraps_SS\010416174834012c1112.JPG;1
\vacia\NOANIMAL_ZOO_1_4\43_20201217 (1524).JPG;0
\cervidae\3_ciervo_Javi_3_JC\34_20201024 (2288).JPG;1
\vacia\empty_IslandConservationCameraTraps\dominicanrepublic_cam1826junio2015_20150505_122338_img_2872.jpg;0
\vacia\NOANIMAL_ZOO_1_4\7_20210115 (3129).JPG;0
\vaca\COW_ZOO_5_6_7_9\2_20210219 (2514) (2021_04_15 06_16_22 UTC).JPG;1
\ave\bird_CaltechCameraTrap\59f79862-23d2-11e8-a6a3-ec086b02610b.jpg;1
\jabali\WILDBOAR_ZOO_5_6_7_9\42_20210218 (103) (2021_04_15 06_16_22 UTC).JPG;1
\leporido\lagomorfo_revGinetasJC_REV1_4_donana\25_20201117 (242).JPG;1
\cervidae\CERVIDREDORFALLOWDEER_ZOO_5_6_7_9\5_20210219 (803) (2021_04_15 06_16_22 UTC).JPG;1
\vacia\NOANIMAL_ZOO_5_6_7_9\32_20210615 (6395).JPG;0
\leporido\rabbit_IslandConservationCameraTraps\chile_frances012013_2312201262032.jpg;1
\ave\ave_ave_WellingtonCameraTraps_SS\090216074546050b8833.JPG;1
\vaca\COW_ZOO_1_4\15_20201215 (5666).JPG;1
\cervidae\CERVIDREDORFALLOWDEER_ZOO_1_4\21_20201119 (3057).JPG;1
\vacia\NOANIMAL_ZOO_1_4\15_20201117 (8914).JPG;0
\vacia\NOANIMAL_ZOO_5_6_7_9\49_20210418 (714).JPG;0
\vaca\COW_ZOO_1_4\2_20201117 (2479).JPG;1
\vacia\empty_SnapshotMountainZebra\MTZ_S1_D05_R1_IMAG0685.JPG;0
\vacia\empty_IslandConservationCameraTraps\dominicanrepublic_cam1826julio2015_20150628_125134_img_0700.jpg;0
\vacia\NOANIMAL_ZOO_5_6_7_9\24_20210318 (5273).JPG;0
\jabali\WILDBOAR_ZOO_5_6_7_9\31_20210219 (107) (2021_04_15 06_16_22 UTC).JPG;1
\vacia\vacia_alumno_2_AM_JC\STC_0058_frame020.jpg;0
\vacia\NOANIMAL_ZOO_1_4\26_20201020 (5636).JPG;0
\vacia\NOANIMAL_ZOO_5_6_7_9\50_20210408 (23372).JPG;0
\cervidae\ciervo_Javi_3_JC\29_20201023 (149).JPG;1
\leporido\rabbit_CaltechCameraTrap_ME\59b614c5-23d2-11e8-a6a3-ec086b02610b.jpg;1
\leporido\rabbit_IslandConservationCameraTraps\chile_piedra012013_12022013234157.jpg;1
\vacia\empty_IslandConservationCameraTraps\palau_cam02a12132018_20181213_135951_rcnx2070.jpg;0
\mapache\raccoon_CaltechCameraTrap_ME\59e77f4b-23d2-11e8-a6a3-ec086b02610b.jpg;1
\cervidae\cervidae_ME_rev_3_donana\34_20201024 (2879).JPG;1
\humanovehiculo\humanovehiculo_vacías_humanos_PNC_2012_ME\a29828IM000006.JPG;1
\cervidae\CERVIDREDORFALLOWDEER_ZOO_1_4\34_20201024 (5223).JPG;1
\zorro\Zorro_PNC_2014_JC\c30438IM000076.JPG;1
\cervidae\2_ciervo_Javi_3_JC\28_20201019 (2308).JPG;1
\vacia\NOANIMAL_ZOO_1_4\26_20201020 (16340).JPG;0
\ave\aves_fotosManuelEmilio20200912\IMG_0703.JPG;1
\jabali\WILDBOAR_ZOO_1_4\12_20210116 (242).JPG;1
\vaca\COW_ZOO_5_6_7_9\9_20210615 (1474).JPG;1
\vaca\COW_ZOO_1_4\2_20201215 (4280).JPG;1
\zorro\zorro_PNC_2013-O_RED_ISAAC\b17836IM000134.JPG;1
\jabali\WILDBOAR_ZOO_1_4\20_20210115 (598).JPG;1
\leporido\conejo_Paco_Carro_JC\PICT0867 (3).JPG;1
\vaca\cow_CaltechCameraTrap\58af76cf-23d2-11e8-a6a3-ec086b02610b.jpg;1
\humanovehiculo\humanovehiculo_PNM_2013-I_ME\e1413IMAG0004.JPG;1
\humanovehiculo\car_CaltechCameraTrap_ME\vehiculo\5965a967-23d2-11e8-a6a3-ec086b02610b.jpg;1
\micromamiferos\rat_IslandConservationCameraTraps\puertorico_7a_20141110_215152_img_0012.jpg;1
\lince\Lince_a_Linces2_Leo_JC\lince122 (20).JPG;1
\vaca\cow_CaltechCameraTrap\59247aa1-23d2-11e8-a6a3-ec086b02610b.jpg;1
\vacia\empty_SnapshotCamdeboo\CDB_S1_B06_R2_IMAG0198.JPG;0
\jabali\WILDBOAR_ZOO_1_4\43_20201217 (716).JPG;1
\jabali\WILDBOAR_ZOO_1_4\37_20201024 (401).JPG;1
\vacia\empty_caltechCameraTraps\5998cc66-23d2-11e8-a6a3-ec086b02610b.jpg;0
\vacia\empty_SnapshotMountainZebra\MTZ_S1_D05_R1_IMAG2731.JPG;0
\cervidae\CERVIDREDORFALLOWDEER_ZOO_5_6_7_9\15_20210219 (4357) (2021_04_15 06_16_22 UTC).JPG;1
\zorro\zorro_PNM_2013-O_ISAAC\f5207IM000113.JPG;1
\cervidae\gamo_alumno_2_TH\18_20201024 (160).JPG;1
\cervidae\deer_CaltechCameraTrap\59c66954-23d2-11e8-a6a3-ec086b02610b.jpg;1
\vacia\NOANIMAL_ZOO_1_4\7_20210115 (1590).JPG;0
\vacia\NOANIMAL_ZOO_1_4\26_20201020 (10215).JPG;0
\vacia\vacias_2_de_2_PNC_2012_ISAAC\a7373IM000424.JPG;0
\cervidae\deer_CaltechCameraTrap\5a24a7f4-23d2-11e8-a6a3-ec086b02610b.jpg;1
\ave\aves_fotosManuelEmilio20200912\IMG_0701_copy_1.JPG;1
\zorro\zorro_PNC_2012_JC\a47596IM000036.JPG;1
\gato_domestico\cat_IslandConservationCameraTraps\puertorico_18_20150120_151643_img_0208.jpg;1
\vacia\empty_IslandConservationCameraTraps\puertorico_17b_20150307_103850_img_0266.jpg;0
\vacia\NOANIMAL_ZOO_1_4\26_20201020 (6420).JPG;0
\vacia\empty_caltechCameraTraps\5962917e-23d2-11e8-a6a3-ec086b02610b.jpg;0
\vaca\cow_CaltechCameraTrap\593ef45e-23d2-11e8-a6a3-ec086b02610b.jpg;1
\vacia\empty_SnapshotMountainZebra\MTZ_S1_C06_R3_IMAG2641.JPG;0
\vacia\empty_IslandConservationCameraTraps\ecuador1_cam1612_20150224_023051_img_1719.jpg;0
\ave\raven_IslandConservationCameraTraps\dominicanrepublic_cam1218octubre2015_20151007_094419_img_0127.jpg;1
\cervidae\CERVIDREDORFALLOWDEER_ZOO_5_6_7_9\39_20210417 (3222).JPG;1
\cervidae\ciervo_PNM_2013-O_ISAAC\f817IM000719.JPG;1
\ave\brown_noddy_IslandConservationCameraTraps\palau_cam04a12132018_20180916_084236_rcnx1126.jpg;1
\vacia\empty_SnapshotMountainZebra\MTZ_S1_G04_R1_IMAG0067.JPG;0
\lince\Lince_a_Linces2_Leo_JC\lince94 (139).JPG;1
\vacia\NOANIMAL_ZOO_1_4\26_20201117 (6).JPG;0
\leporido\conejo_WellingtonCameraTraps_SS\220916140932016b8836.JPG;1
\vacia\empty_caltechCameraTraps\59bfdd0a-23d2-11e8-a6a3-ec086b02610b.jpg;0
\caballo\HORSE_ZOO_1_4\15_20210117 (2398).JPG;1
\cervidae\deer_CaltechCameraTrap\59452cc8-23d2-11e8-a6a3-ec086b02610b.jpg;1
\cervidae\ciervo_PNC_2014_ISAAC\c3908IMAG0019.JPG;1
\cervidae\CERVIDREDORFALLOWDEER_ZOO_1_4\6_20201023 (2007).JPG;1
\cervidae\deer_CaltechCameraTrap\5a1e503f-23d2-11e8-a6a3-ec086b02610b.jpg;1
\lince\Lince_b_Linces2_Leo_JC\lince228 (559).JPG;1
\gato_domestico\gato_WellingtonCameraTraps_SS\0606150226460888S252.JPG;1
\leporido\liebre\Liebre_PNC_2014_JC\c23542IM000165.JPG;1
\vacia\NOANIMAL_ZOO_5_6_7_9\2_20210618 (7618).JPG;0
\zorro\zorro_PNC_2013-O_RED_ISAAC\b8301FILE0120.JPG;1
\vacia\empty_caltechCameraTraps\59adfb4c-23d2-11e8-a6a3-ec086b02610b.jpg;0
\vacia\empty_SnapshotMountainZebra\MTZ_S1_D06_R1_IMAG0016.JPG;0
\vacia\NOANIMAL_ZOO_1_4\15_20210117 (3983).JPG;0
\leporido\rabbit_IslandConservationCameraTraps\chile_piedra012013_0204201394534.jpg;1
\vacia\NOANIMAL_ZOO_1_4\26_20201020 (4317).JPG;0
\cervidae\gamo_alumno_2_TH\9_20201025 (836).JPG;1
\cervidae\CIERVO_PNM_2012_ISAAC\d16198IM000033.JPG;1
\vacia\Nothing_mammalWeb\122718.jpg;0
\zorro\zorro_PNM_2012_ME\d16366IM000042.JPG;1
\humanovehiculo\HUMANORVEHICLE_ZOO_5_6_7_9\2_20210618 (1).JPG;1
\vacia\NOANIMAL_ZOO_1_4\4_20201220 (129).JPG;0
\cervidae\2_ciervo_alumno_TH_3_TH_JC\10_20201019 (1184).JPG;1
\jabali\WILDBOAR_ZOO_1_4\31_20201117 (443).JPG;1
\vacia\vacio_Saul Martin_FRAMES_SIN_REPETIDOS_REVISADOS_DIEGO\IMAG0019_frame240.jpg;0
\leporido\conejo_WellingtonCameraTraps_SS\081116172020020bl253.JPG;1
\vacia\vacia_alumno_2_AM_JC\DSCF0119_frame160.jpg;0
\leporido\rabbit_CaltechCameraTrap_ME\593ef686-23d2-11e8-a6a3-ec086b02610b.jpg;1
\vacia\empty_IslandConservationCameraTraps\dominicanrepublic_cam0425abril2015_20130823_054413_sunp4777.jpg;0
\humanovehiculo\humano_vehiculo_PNM_2012_ISAAC\d15441IM000001.JPG;1
\jabali\jabali_javi_JC\28_20201019 (1739).JPG;1
\garduna\garduna_PNC_2013-O_RED_ISAAC\b18232IM000065.JPG;1
\zorro\Zorro_Pepe_IREC\Zorro_Pepe_Irec_ME\IMAG0672_(3).JPG;1
\vacia\vacias_1_de_2_PNC_2012_ISAAC\a39407IMAG1161.JPG;0
\cervidae\cervidae_PNC_2014_manuel\c22748IM000039.JPG;1
\ave\rooster_IslandConservationCameraTraps\palau_cam13a12132018_20181114_144523_rcnx1367.jpg;1
\vacia\NOANIMAL_ZOO_1_4\37_20201116 (14493).JPG;0
\vacia\empty_SnapshotMountainZebra\MTZ_S1_C06_R3_IMAG0058.JPG;0
\vacia\empty_IslandConservationCameraTraps\ecuador1_ic1611_20150101_000001_img_2425.jpg;0
\jabali\WILDBOAR_ZOO_1_4\24_20201019 (537).JPG;1
\vacia\NOANIMAL_ZOO_1_4\6_20201812 (12416).JPG;0
\cervidae\Ciervo_PNC_2012_JC\a28049IM000046.JPG;1
\gineta\gineta_PNC_2013-I_RED_ME\364IM000134.JPG;1
\gato_domestico\gato_WellingtonCameraTraps_SS\0505152005500242L243.JPG;1
\gato_domestico\gato_WellingtonCameraTraps_SS\210416035550031a3303.JPG;1
\vacia\NOANIMAL_ZOO_5_6_7_9\25_20210417 (4396).JPG;0
\gato_domestico\gato_WellingtonCameraTraps_SS\24101510192602859191.JPG;1
\cervidae\2_ciervo_Javi_3_JC\21_20201025 (108).JPG;1
\vacia\vacias_2_de_2_PNC_2012_ISAAC\a3422IM000454.JPG;0
\vaca\COW_ZOO_5_6_7_9\9_20210615 (1891).JPG;1
\vacia\empty_IslandConservationCameraTraps\puertorico_7a_20141215_133706_img_0129.jpg;0
\leporido\rabbit_IslandConservationCameraTraps\chile_frances022013_27042013105049.jpg;1
\jabali\WILDBOAR_ZOO_1_4\20_20210115 (413).JPG;1
\vacia\NOANIMAL_ZOO_5_6_7_9\39_20210417 (3859).JPG;0
\vacia\empty_caltechCameraTraps\599fbf44-23d2-11e8-a6a3-ec086b02610b.jpg;0
\gato_domestico\cat_CaltechCameraTrap\59f5fdf2-23d2-11e8-a6a3-ec086b02610b.jpg;1
\jabali\WILDBOAR_ZOO_5_6_7_9\19_20210319 (1737).JPG;1
\vacia\NOANIMAL_ZOO_1_4\34_20210115 (3500).JPG;0
\cervidae\CERVIDREDORFALLOWDEER_ZOO_1_4\2_20201117 (5845).JPG;1
\ave\ave_ave_WellingtonCameraTraps_SS\040416103956008b5102.JPG;1
\vacia\NOANIMAL_ZOO_5_6_7_9\24_20210418 (17770).JPG;0
\cervidae\CERVIDREDORFALLOWDEER_ZOO_1_4\21_20201119 (4441).JPG;1
\cervidae\ciervo_vacías_humanos_PNC_2012_ME\a34974IMAG0126.JPG;1
\ave\Petirrojo_PNC_2013-O_ME\b19970IMAG0032.JPG;1
\leporido\rabbit_CaltechCameraTrap_ME\5a1b13ce-23d2-11e8-a6a3-ec086b02610b.jpg;1
\zorro\fox_CaltechCameraTrap_ME\597e63dc-23d2-11e8-a6a3-ec086b02610b.jpg;1
\gato_domestico\gato_WellingtonCameraTraps_SS\0304150844060106S471.JPG;1
\cervidae\deer_CaltechCameraTrap\587eea23-23d2-11e8-a6a3-ec086b02610b.jpg;1
\vacia\empty_IslandConservationCameraTraps\ecuador1_ic1611_20150101_000003_img_2860.jpg;0
\vacia\NOANIMAL_ZOO_5_6_7_9\36_20210618 (7707).JPG;0
\vacia\empty_IslandConservationCameraTraps\ecuador2_ic1607_20150122_055550_img_0524.jpg;0
\leporido\conejo_Paco_Carro_JC\PICT2271.JPG;1
\vacia\NOANIMAL_ZOO_5_6_7_9\25_20210417 (5639).JPG;0
\vacia\empty_IslandConservationCameraTraps\dominicanrepublic_cam1826julio2015_20150713_095125_img_2137.jpg;0
\vacia\vacia_alumno_1_TH\Nada (38)_frame060.jpg;0
\caballo\HORSE_ZOO_1_4\15_20210117 (2353).JPG;1
\gato_domestico\gato_WellingtonCameraTraps_SS\080516123234045a1162.JPG;1
\zorro\Zorro_PNC_2014_JC\c17598IM000170.JPG;1
\vacia\vacias_1_de_2_PNC_2012_ISAAC\a46639IM000360.JPG;0
\humanovehiculo\HUMANORVEHICLE_ZOO_5_6_7_9\48_20210418 (8).JPG;1
\jabali\WILDBOAR_ZOO_1_4\37_20201116 (7112).JPG;1
\vacia\NOANIMAL_ZOO_5_6_7_9\10_20210417 (1069).JPG;0
\vacia\NOANIMAL_ZOO_1_4\26_20201020 (13171).JPG;0
\cervidae\CERVIDREDORFALLOWDEER_ZOO_1_4\33_20201217 (286).JPG;1
\vacia\NOANIMAL_ZOO_5_6_7_9\2_20210618 (14643).JPG;0
\zorro\Zorro_Pepe_IREC\Zorro_Pepe_Irec_ME\IMAG0165_(3).JPG;1
\vacia\NOANIMAL_ZOO_5_6_7_9\50_20210417 (25176).JPG;0
\cervidae\ciervo_PNC_2013-O_RED_ISAAC\b18796IMAG0136.JPG;1
\lince\Lince_a_Linces2_Leo_JC\Lince53 (59).JPG;1
\humanovehiculo\car_CaltechCameraTrap_ME\vehiculo\59136518-23d2-11e8-a6a3-ec086b02610b.jpg;1
\caballo\caballos_javier_JC\35_20201218 (332).JPG;1
\vacia\NOANIMAL_ZOO_5_6_7_9\24_20210615 (7838).JPG;0
\vacia\NOANIMAL_ZOO_5_6_7_9\38_20210417 (605).JPG;0
\vacia\empty_caltechCameraTraps\59c99f87-23d2-11e8-a6a3-ec086b02610b.jpg;0
\vacia\NOANIMAL_ZOO_1_4\6_20201812 (12274).JPG;0
\vacia\NOANIMAL_ZOO_5_6_7_9\24_20210318 (5103).JPG;0
\vacia\empty_IslandConservationCameraTraps\dominicanrepublic_cam0425abril2015_20130818_043740_sunp2849.jpg;0
\humanovehiculo\HUMANORVEHICLE_ZOO_1_4\31_20201023 (34).JPG;1
\garduna\Garduna_PNM_2013-0_ME\f21799IM000241.JPG;1
\vacia\vacia_javi_2_JC\10_20201019 (1827).JPG;0
\jabali\WILDBOAR_ZOO_1_4\7_20201118 (656).JPG;1
\vaca\COW_ZOO_1_4\15_20201024 (3069).JPG;1
\vacia\empty_IslandConservationCameraTraps\micronesia_cam12april2019_20190415_175002_rcnx0114.jpg;0
\vacia\vacias_2_de_2_PNC_2012_ISAAC\a791IM000132.JPG;0
\vacia\vacias_2_de_2_PNC_2012_ISAAC\a823IM000166.JPG;0
\jabali\WILDBOAR_ZOO_1_4\11_20201217 (180).JPG;1
\vacia\NOANIMAL_ZOO_1_4\7_20210115 (1380).JPG;0
\cervidae\CERVIDREDORFALLOWDEER_ZOO_1_4\34_20201116 (69).JPG;1
\vacia\vacia_Paco_Carro_JC\IMG_2120.JPG;0
\vacia\empty_SnapshotMountainZebra\MTZ_S1_E06_R3_IMAG1479.JPG;0
\humanovehiculo\car_CaltechCameraTrap_ME\vehiculo\58a8a1c4-23d2-11e8-a6a3-ec086b02610b.jpg;1
\humanovehiculo\HUMANORVEHICLE_ZOO_5_6_7_9\24_20210318 (17409).JPG;1
\vacia\NOANIMAL_ZOO_5_6_7_9\31_20210318 (209).JPG;0
\garduna\Garduna_PNM_2013-0_ME\f3654IM000116.JPG;1
\vacia\vacia_alumno_1_TH\Ave (10)_frame050.jpg;0
\garduna\garduna_PNM_2013-I_ME\e1347IMAG0046.JPG;1
\zorro\zorro_PNM_2013-O_ISAAC\f1761IM000247.JPG;1
\gato_domestico\gato_WellingtonCameraTraps_SS\0106150536220359L101.JPG;1
\perro\dog_caltechCameraTraps\59aadb16-23d2-11e8-a6a3-ec086b02610b.jpg;1
\cervidae\CERVIDREDORFALLOWDEER_ZOO_5_6_7_9\19_20210618 (637).JPG;1
\vacia\NOANIMAL_ZOO_1_4\34_20210115 (5901).JPG;0
\gato_domestico\gato_WellingtonCameraTraps_SS\060216123802031b9963.JPG;1
\gato_domestico\gato_WellingtonCameraTraps_SS\0304151720000424S231.JPG;1
\vacia\NOANIMAL_ZOO_1_4\26_20201020 (11338).JPG;0
\zorro\zorro_vacías_humanos_PNC_2012_ME\a15312IM000352.JPG;1
\vacia\vacias_PNC_2014_ISAAC\c29319IM000094.JPG;0
\vaca\cow_CaltechCameraTrap\58cca641-23d2-11e8-a6a3-ec086b02610b.jpg;1
\cervidae\cervidae_ME_rev_3_donana\28_20201019 (2641).JPG;1
\zorro\REDFOX_ZOO_1_4\15_20201024 (2458).JPG;1
\zorro\zorro_PNC_2013-O_RED_ISAAC\b15444IMAG0373.JPG;1
\leporido\conejo_Paco_Carro_JC\PICT1824.JPG;1
\leporido\liebre\Brown hare_mammalWeb\44397.jpg;1
\cervidae\CERVIDREDORFALLOWDEER_ZOO_5_6_7_9\31_20210615 (1129).JPG;1
\zorro\REDFOX_ZOO_5_6_7_9\11_20210418 (663).JPG;1
\cervidae\CERVIDREDORFALLOWDEER_ZOO_5_6_7_9\35_20210218 (2687) (2021_04_15 06_16_22 UTC).JPG;1
\zorro\Zorro_PNC_2014_JC\c17566IM000136.JPG;1
\vacia\empty_IslandConservationCameraTraps\ecuador2_ic1607_20150122_062835_img_0623.jpg;0
\vacia\NOANIMAL_ZOO_1_4\25_20201218 (5297).JPG;0
\cervidae\ciervo_PNC_2013-O_RED_ISAAC\b14271IM000058.JPG;1
\cervidae\CERVIDREDORFALLOWDEER_ZOO_5_6_7_9\3_20210417 (395).JPG;1
\caballo\HORSE_ZOO_5_6_7_9\15_20210219 (3087) (2021_04_15 06_16_22 UTC).JPG;1
\zorro\zorro_PNM_2012_ISAAC\d3490IM000051.JPG;1
\cervidae\ciervo_vacías_humanos_PNC_2012_ME\a14109IM000039.JPG;1
\vacia\NOANIMAL_ZOO_5_6_7_9\24_20210418 (13300).JPG;0
\jabali\WILDBOAR_ZOO_1_4\7_20201118 (1788).JPG;1
\vaca\COW_ZOO_1_4\21_20201217 (1833).JPG;1
\vaca\COW_ZOO_1_4\21_20201217 (1467).JPG;1
\vacia\NOANIMAL_ZOO_5_6_7_9\2_20210417 (21202).JPG;0
\vacia\Vacias_PNC_2014_JC\c8899IM000199.JPG;0
\vacia\NOANIMAL_ZOO_1_4\26_20201020 (6046).JPG;0
\cervidae\ciervo_simone_2\34_20201024 (7001).JPG;1
\vacia\empty_IslandConservationCameraTraps\dominicanrepublic_cam0520octubre2015_20130826_105509_sunp0085.jpg;0
\zorro\Zorro_PNC_2014_JC\c19104IMAG0127.JPG;1
\vacia\NOANIMAL_ZOO_1_4\37_20201116 (9567).JPG;0
\vacia\NOANIMAL_ZOO_1_4\26_20201020 (989).JPG;0
\garduna\Garduña_PNC_2014_JC\c24929IM000035.JPG;1
\vacia\empty_IslandConservationCameraTraps\dominicanrepublic_cam1826junio2015_20150505_103536_img_2267.jpg;0
\leporido\rabbit_IslandConservationCameraTraps\chile_piedra012013_1603201355203.jpg;1
\cervidae\ciervo_vacías_humanos_PNC_2012_ME\a2082IM000077.JPG;1
\vacia\empty_IslandConservationCameraTraps\dominicanrepublic_cam1125abril2015_20150408_182205_img_0604.jpg;0
\cervidae\CERVIDREDORFALLOWDEER_ZOO_5_6_7_9\15_20210219 (6566) (2021_04_15 06_16_22 UTC).JPG;1
\vacia\vacias_2_de_2_PNC_2012_ISAAC\a1935IM000024.JPG;0
\cervidae\ciervo_PNC_2013-O_RED_ISAAC\b5829IM000290.JPG;1
\perro\perro_WellingtonCameraTraps_SS\21111521370403249701.JPG;1
\tejon\Badger_mammalWeb\20337.jpg;1
\caballo\HORSE_ZOO_5_6_7_9\46_20210618 (214).JPG;1
\vacia\empty_IslandConservationCameraTraps\dominicanrepublic_cam1826junio2015_20150505_083909_img_1596.jpg;0
\vacia\NOANIMAL_ZOO_5_6_7_9\36_20210618 (3120).JPG;0
\leporido\rabbit_IslandConservationCameraTraps\chile_vaqueria2013_02022013161549.jpg;1
\caballo\HORSE_ZOO_5_6_7_9\15_20210219 (1564) (2021_04_15 06_16_22 UTC).JPG;1
\vacia\empty_SnapshotMountainZebra\MTZ_S1_E06_R3_IMAG0397.JPG;0
\tejon\Badger_mammalWeb\13715.jpg;1
\cervidae\CERVIDREDORFALLOWDEER_ZOO_1_4\21_20201025 (84).JPG;1
\vacia\empty_IslandConservationCameraTraps\dominicanrepublic_cam0425abril2015_20130828_052754_sunp6855.jpg;0
\vacia\vacia_javi_2_JC\27_20201023 (3419).JPG;0
\lince\Lince_a_Linces2_Leo_JC\lince123 (92).JPG;1
\humanovehiculo\humano_vehiculo_PNC_2013-I_ISAAC\4411IMAG0386.JPG;1
\vacia\empty_SnapshotMountainZebra\MTZ_S1_C06_R1_IMAG0571.JPG;0
\cervidae\corzo_alumno_1_TH\Capcap 15_frame300.jpg;1
\cervidae\CERVIDREDORFALLOWDEER_ZOO_1_4\21_20201025 (278).JPG;1
\cervidae\corzo_alumno_1_TH\Capcap 22_frame260.jpg;1
\gato_domestico\cat_IslandConservationCameraTraps\chile_frances022013_16042013162649.jpg;1
\vacia\NOANIMAL_ZOO_5_6_7_9\49_20210418 (16683).JPG;0
\garduna\garduna_PNM_2012_ME\d13611IM000039.JPG;1
\ave\ave_ave_WellingtonCameraTraps_SS\071116141208002a5753.JPG;1
\caballo\HORSE_ZOO_1_4\15_20210117 (8810).JPG;1
\cervidae\ciervo_vacías_humanos_PNC_2012_ME\a19830IM000505.JPG;1
\leporido\conejo_Paco_Carro_JC\PICT2036.JPG;1
\cervidae\ciervo_PNC_2014_ISAAC\c29924IM000147.JPG;1
\leporido\conejo_Paco_Carro_JC\PICT0226 (4).JPG;1
\vacia\NOANIMAL_ZOO_1_4\26_20201020 (3707).JPG;0
\cervidae\ciervo_PNC_2013-O_RED_ISAAC\b18307IM000137.JPG;1
\mapache\raccoon_CaltechCameraTrap_ME\5916789e-23d2-11e8-a6a3-ec086b02610b.jpg;1
\cervidae\CERVIDREDORFALLOWDEER_ZOO_1_4\21_20201025 (4087).JPG;1
\vacia\vacia_alumno_2_AM\Orycun (30)_frame080.jpg;0
\vacia\vacia_alumno_2_2_TH_JC\27_20201023 (8135).JPG;0
\vacia\NOANIMAL_ZOO_5_6_7_9\24_20210615 (17183).JPG;0
\vacia\vacia_Paco_Carro_JC\PICT2283.JPG;0
\tejon\Badger_mammalWeb\12808.jpg;1
\vacia\NOANIMAL_ZOO_5_6_7_9\1_20210319 (139).JPG;0
\vacia\vacias_PNC_2014_ISAAC\c30710IM000007.JPG;0
\lince\Lince_a_Linces2_Leo_JC\lince86 (23).JPG;1
\meloncillo\Meloncillo_PEPE_IREC_JC\IMAG1267.JPG;1
\zorro\zorro_PNC_2014_manuel\c18990IMAG0013.JPG;1
\leporido\rabbit_IslandConservationCameraTraps\chile_frances012013_13012013183622.jpg;1
\humanovehiculo\humano_vehiculo_PNC_2013-I_ISAAC\4368IMAG0340.JPG;1
\cervidae\CERVIDREDORFALLOWDEER_ZOO_5_6_7_9\35_20210218 (1592) (2021_04_15 06_16_22 UTC).JPG;1
\vacia\vacias_1_de_2_PNC_2012_ISAAC\a52836IM000182.JPG;0
\cervidae\deer_CaltechCameraTrap\593734bf-23d2-11e8-a6a3-ec086b02610b.jpg;1
\jabali\WILDBOAR_ZOO_1_4\37_20201116 (830).JPG;1
\gato_domestico\cat_IslandConservationCameraTraps\dominicanrepublic_cam0226julio2015_20131116_013527_sunp0006.jpg;1
\gato_domestico\gato_WellingtonCameraTraps_SS\1804150642120285S071.JPG;1
\cervidae\ciervo_PNC_2013-I_RED_ME\6855IM000170.JPG;1
\vacia\NOANIMAL_ZOO_1_4\21_20201025 (5535).JPG;0
\vacia\NOANIMAL_ZOO_1_4\18_unknowndate (1526).JPG;0
\vacia\empty_IslandConservationCameraTraps\dominicanrepublic_cam1826junio2015_20150505_080540_img_1403.jpg;0
\leporido\conejo_WellingtonCameraTraps_SS\030716131602038cs523.JPG;1
\vacia\NOANIMAL_ZOO_1_4\34_20210115 (1041).JPG;0
\jabali\jabali_javi_JC\24_20201019 (388).JPG;1
\cervidae\CERVIDREDORFALLOWDEER_ZOO_1_4\21_20201025 (295).JPG;1
\vacia\NOANIMAL_ZOO_5_6_7_9\2_20210417 (11066).JPG;0
\cervidae\CERVIDREDORFALLOWDEER_ZOO_1_4\15_20210117 (3542).JPG;1
\humanovehiculo\humanovehiculo_vacías_humanos_PNC_2012_ME\a19329IM000005.JPG;1
\lince\linces_fecha_Linces2_Leo_JC\2_Lince_flecha_Linces2_Leo_JC\Lince57 (249).JPG;1
\vacia\NOANIMAL_ZOO_1_4\6_20201812 (9187).JPG;0
\vacia\NOANIMAL_ZOO_5_6_7_9\22_20210417 (8734).JPG;0
\ave\ave_ave_WellingtonCameraTraps_SS\030216102646001c7513.JPG;1
\ave\shearwater_IslandConservationCameraTraps\chile_vaqueria2013_0901201330416.jpg;1
\vacia\Vacia_Paco_Carro_camarasliron_4_2_PASADAS_POR_LA_RED_JC\MDGC0380.JPG;0
\cervidae\ciervo_PNC_2013-I_RED_ME\7053IM000049.JPG;1
\jabali\WILDBOAR_ZOO_1_4\37_20201116 (7187).JPG;1
\mapache\raccoon_CaltechCameraTrap_ME\59610854-23d2-11e8-a6a3-ec086b02610b.jpg;1
\vacia\empty_IslandConservationCameraTraps\dominicanrepublic_cam0425abril2015_20130815_044324_sunp2529.jpg;0
\ave\bird_CaltechCameraTrap\5976a214-23d2-11e8-a6a3-ec086b02610b.jpg;1
\vacia\vacias_1_de_2_PNC_2012_ISAAC\a36356IM000305.JPG;0
\gato_domestico\cat_IslandConservationCameraTraps\puertorico_18_20150207_185929_img_0260.jpg;1
\garduna\GARDUÑA_PNM_2013-I_ISAAC\e5298IMAG0068.JPG;1
\jabali\WILDBOAR_ZOO_1_4\37_20201116 (3514).JPG;1
\vacia\empty_SnapshotMountainZebra\MTZ_S1_C06_R1_IMAG3664.JPG;0
\cervidae\CERVIDREDORFALLOWDEER_ZOO_5_6_7_9\9_20210318 (86).JPG;1
\vacia\vacia_Paco_Carro_JC\MDGC0265.JPG;0
\humanovehiculo\car_CaltechCameraTrap_ME\vehiculo\58910e68-23d2-11e8-a6a3-ec086b02610b.jpg;1
\vacia\NOANIMAL_ZOO_5_6_7_9\49_20210418 (15437).JPG;0
\vacia\NOANIMAL_ZOO_1_4\21_20201025 (2801).JPG;0
\cervidae\CERVIDREDORFALLOWDEER_ZOO_1_4\8_20201029 (37).JPG;1
\vaca\COW_ZOO_5_6_7_9\2_20210219 (1439) (2021_04_15 06_16_22 UTC).JPG;1
\jabali\WILDBOAR_ZOO_1_4\15_20210117 (7738).JPG;1
\jabali\WILDBOAR_ZOO_1_4\15_20210117 (7758).JPG;1
\vacia\NOANIMAL_ZOO_5_6_7_9\50_20210408 (26151).JPG;0
\vacia\empty_caltechCameraTraps\599293f5-23d2-11e8-a6a3-ec086b02610b.jpg;0
\cervidae\CERVIDREDORFALLOWDEER_ZOO_1_4\21_20201025 (3645).JPG;1
\vacia\NOANIMAL_ZOO_1_4\34_20210115 (4684).JPG;0
\vacia\NOANIMAL_ZOO_5_6_7_9\8_20210219 (847) (2021_04_15 06_16_22 UTC).JPG;0
\micromamiferos\micromamiferos_Paco_Carro_JC\IMG_0431.JPG;1
\vacia\NOANIMAL_ZOO_1_4\34_20210115 (5739).JPG;0
\ave\Zorzal_PNC_2013-O_ME\b4353IMAG0222.JPG;1
\lince\linces_fecha_Linces2_Leo_JC\2_Lince_flecha_Linces2_Leo_JC\lince103 (221).JPG;1
\cervidae\CERVIDREDORFALLOWDEER_ZOO_5_6_7_9\22_20210219 (2271) (2021_04_15 06_16_22 UTC).JPG;1
\jabali\WILDBOAR_ZOO_5_6_7_9\20_20210219 (3168) (2021_04_15 06_16_22 UTC).JPG;1
\vacia\NOANIMAL_ZOO_5_6_7_9\19_20210417 (1097).JPG;0
\vacia\empty_caltechCameraTraps\59ccd1a5-23d2-11e8-a6a3-ec086b02610b.jpg;0
\vacia\NOANIMAL_ZOO_1_4\28_20201019 (327).JPG;0
\cervidae\CERVIDREDORFALLOWDEER_ZOO_5_6_7_9\39_20210417 (587).JPG;1
\lince\Lince_a_Linces2_Leo_JC\Lince57 (90).JPG;1
\cervidae\CERVIDREDORFALLOWDEER_ZOO_1_4\26_20201020 (615).JPG;1
\leporido\conejo_Paco_Carro_JC\PICT2010.JPG;1
\cervidae\Ciervo_PNC_2012_JC\a33039IM000058.JPG;1
\jabali\WILDBOAR_ZOO_1_4\24_20201019 (204).JPG;1
\vacia\vacio_Saul Martin_FRAMES_SIN_REPETIDOS_REVISADOS_DIEGO\IMAG0025_frame360 - copia.jpg;0
\vacia\empty_caltechCameraTraps\59849537-23d2-11e8-a6a3-ec086b02610b.jpg;0
\cervidae\Cervidae1___diego_1_rev_donana\21_20201025 (128).JPG;1
\vacia\NOANIMAL_ZOO_5_6_7_9\24_20210418 (5877).JPG;0
\jabali\jabali_PNC_2014_manuel\c10598IM000034.JPG;1
\zorro\ZORRO_PNM_2013-I_ISAAC\e3610IM000149.JPG;1
\cervidae\ciervo_simone_2\37_20201024 (10836).JPG;1
\vaca\COW_ZOO_5_6_7_9\21_20210418 (2175).JPG;1
\vacia\NOANIMAL_ZOO_1_4\6_20201812 (11460).JPG;0
\vacia\NOANIMAL_ZOO_5_6_7_9\25_20210417 (7159).JPG;0
\cervidae\ciervo_PNC_2013-I_ME\6124IM000013.JPG;1
\ave\bird_CaltechCameraTrap\58643710-23d2-11e8-a6a3-ec086b02610b.jpg;1
\jabali\WILDBOAR_ZOO_5_6_7_9\12_20210219 (152) (2021_04_15 06_16_22 UTC).JPG;1
\vacia\NOANIMAL_ZOO_5_6_7_9\25_20210417 (7975).JPG;0
\vacia\NOANIMAL_ZOO_1_4\6_20201812 (13636).JPG;0
\cervidae\CERVIDREDORFALLOWDEER_ZOO_5_6_7_9\5_20210219 (1971) (2021_04_15 06_16_22 UTC).JPG;1
\humanovehiculo\car_CaltechCameraTrap_ME\vehiculo\5a230f64-23d2-11e8-a6a3-ec086b02610b.jpg;1
\vacia\empty_IslandConservationCameraTraps\ecuador1_ic1611_20150101_000001_img_2201.jpg;0
\vacia\empty_IslandConservationCameraTraps\ecuador1_ic1611_20150101_000003_img_3205.jpg;0
\cervidae\CERVIDREDORFALLOWDEER_ZOO_5_6_7_9\24_20210219 (3960) (2021_04_15 06_16_22 UTC).JPG;1
\jabali\WILDBOAR_ZOO_1_4\37_20201024 (921).JPG;1
\cervidae\CERVIDREDORFALLOWDEER_ZOO_5_6_7_9\5_20210219 (374) (2021_04_15 06_16_22 UTC).JPG;1
\vacia\NOANIMAL_ZOO_5_6_7_9\24_20210418 (8425).JPG;0
\vaca\COW_ZOO_5_6_7_9\2_20210319 (6209).JPG;1
\vacia\NOANIMAL_ZOO_5_6_7_9\24_20210318 (4392).JPG;0
\lince\linces_fecha_Linces2_Leo_JC\2_Lince_flecha_Linces2_Leo_JC\lince87 (14).JPG;1
\vacia\NOANIMAL_ZOO_1_4\39_20201218 (162).JPG;0
\vacia\vacias_1_de_2_PNC_2012_ISAAC\a43605IM000423.JPG;0
\vacia\empty_IslandConservationCameraTraps\dominicanrepublic_cam0527septiembre2015_20130728_110631_sunp0057.jpg;0
\vacia\empty_SnapshotMountainZebra\MTZ_S1_D06_R1_IMAG1853.JPG;0
\vaca\COW_ZOO_1_4\21_20201217 (4148).JPG;1
\leporido\conejo_Paco_Carro_JC\PICT0858.JPG;1
\vacia\empty_IslandConservationCameraTraps\dominicanrepublic_cam0425abril2015_20130816_022308_sunp2810.jpg;0
\tejon\EUROPEANBADGER_ZOO_1_4\11_20210114 (1023).JPG;1
\cervidae\CERVIDREDORFALLOWDEER_ZOO_1_4\18_unknowndate (1423).JPG;1
\vacia\vacia_alumno_1_AM\40_20201024 (4435).JPG;0
\jabali\jabali_alumno_1_AM_2\28_20201019 (1372).JPG;1
\cervidae\2_ciervo_Javi_3_JC\21_20201025 (1753).JPG;1
\ave\ave_ave_WellingtonCameraTraps_SS\100716110720014as121.JPG;1
\vacia\empty_SnapshotMountainZebra\MTZ_S1_D06_R1_IMAG1670.JPG;0
\ave\OTHERSPECIES_ZOO_5_6_7_9\38_20210618 (1466).JPG;1
\vacia\NOANIMAL_ZOO_1_4\33_20201217 (280).JPG;0
\vacia\empty_SnapshotMountainZebra\MTZ_S1_G04_R3_IMAG3759.JPG;0
\vacia\empty_IslandConservationCameraTraps\dominicanrepublic_cam1826junio2015_20150505_121425_img_2820.jpg;0
\cervidae\CERVIDREDORFALLOWDEER_ZOO_1_4\21_20201119 (3368).JPG;1
\lince\linces_fecha_Linces2_Leo_JC\2_Lince_flecha_Linces2_Leo_JC\lince190 (25).JPG;1
\leporido\rabbit_CaltechCameraTrap_ME\5a24aa68-23d2-11e8-a6a3-ec086b02610b.jpg;1
\humanovehiculo\car_CaltechCameraTrap_ME\vehiculo\593d6a5f-23d2-11e8-a6a3-ec086b02610b.jpg;1
\ave\aves_fotosManuelEmilio20200912\IMG_1280_x1.JPG;1
\vacia\empty_SnapshotMountainZebra\MTZ_S1_D06_R1_IMAG1471.JPG;0
\vacia\empty_SnapshotMountainZebra\MTZ_S1_C06_R3_IMAG2789.JPG;0
\vaca\cow_CaltechCameraTrap\5906efed-23d2-11e8-a6a3-ec086b02610b.jpg;1
\vacia\empty_SnapshotMountainZebra\MTZ_S1_C04_R3_IMAG0271.JPG;0
\cervidae\ciervo_PNC_2013-O_RED_ISAAC\b1287IMAG0133.JPG;1
\micromamiferos\micromamifero_WellingtonCameraTraps_SS\030716223634038as242.JPG;1
\humanovehiculo\HUMANORVEHICLE_ZOO_1_4\25_20201024 (1267).JPG;1
\vacia\NOANIMAL_ZOO_1_4\6_20201812 (11706).JPG;0
\vacia\NOANIMAL_ZOO_5_6_7_9\11_20210615 (1818).JPG;0
\vacia\empty_IslandConservationCameraTraps\dominicanrepublic_cam1125abril2015_20150422_154843_img_2318.jpg;0
\caballo\caballos_alumno_AM\caballos_alumno_AM\9_20201712 (1018).JPG;1
\vacia\NOANIMAL_ZOO_5_6_7_9\25_20210417 (5875).JPG;0
\cervidae\CERVIDREDORFALLOWDEER_ZOO_1_4\21_20201025 (1969).JPG;1
\vacia\empty_IslandConservationCameraTraps\dominicanrepublic_cam0425abril2015_20130809_045103_sunp1736.jpg;0
\vacia\vacias_2_de_2_PNC_2012_ISAAC\a14691IM000450.JPG;0
\cervidae\CERVIDREDORFALLOWDEER_ZOO_5_6_7_9\24_20210219 (3443) (2021_04_15 06_16_22 UTC).JPG;1
\cervidae\CERVIDREDORFALLOWDEER_ZOO_1_4\15_20201117 (6968).JPG;1
\tejon\Tejon_PEPE_IREC_JC\IMAG0228_(2).JPG;1
\cervidae\corzo_alumno_2_AM_JC\STC_0067_frame030.jpg;1
\vacia\empty_IslandConservationCameraTraps\ecuador2_ic1607_20150122_063201_img_0766.jpg;0
\cervidae\Ciervo_PNC_2012_JC\a2323IM000116.JPG;1
\vacia\Nothing_mammalWeb\76444.jpg;0
\ave\petrel_IslandConservationCameraTraps\chile_filipianalamatris2013_0111201393824.jpg;1
\vacia\NOANIMAL_ZOO_1_4\15_20201215 (6437).JPG;0
\vacia\empty_IslandConservationCameraTraps\dominicanrepublic_cam1826junio2015_20150505_132744_img_3156.jpg;0
\cervidae\Ciervo_PNC_2013-O_ME\b15839IM000234.JPG;1
\cervidae\Ciervo_PNC_2014_JC\c23621IM000074.JPG;1
\vacia\empty_IslandConservationCameraTraps\dominicanrepublic_cam1826junio2015_20150505_082455_img_1515.jpg;0
\vacia\empty_caltechCameraTraps\59531bc1-23d2-11e8-a6a3-ec086b02610b.jpg;0
\garduna\garduna_PNC_2013-O_RED_ISAAC\b19816IMAG0066.JPG;1
\vacia\vacia_alumno_2_AM_JC\DSCF0134_frame260.jpg;0
\caballo\HORSE_ZOO_1_4\2_20201117 (323).JPG;1
\cervidae\CERVIDREDORFALLOWDEER_ZOO_1_4\2_20201215 (45).JPG;1
\caballo\caballos_simone\4_20201220 (7383).JPG;1
\caballo\caballos_alumno_AM\caballos_alumno_AM\28_20201117 (650).JPG;1
\vacia\NOANIMAL_ZOO_5_6_7_9\36_20210319 (2081).JPG;0
\zorro\Zorro_PNM_2013-0_ME\f28078IMAG0644.JPG;1
\lince\Lince_b_Linces2_Leo_JC\lince228 (137).jpg;1
\zorro\Zorro_PNC_2014_JC\c13243IMAG0193.JPG;1
\jabali\WILDBOAR_ZOO_1_4\15_20210117 (5767).JPG;1
\vacia\empty_IslandConservationCameraTraps\dominicanrepublic_cam2015abril2015_20150325_153425_img_0838.jpg;0
\meloncillo\Meloncillo_PEPE_IREC_JC\IMAG0025_(2).JPG;1
\vacia\NOANIMAL_ZOO_1_4\2_20210115 (5585).JPG;0
\vacia\vacia_alumno_2_AM_JC\DSCF0134_frame190.jpg;0
\vacia\empty_IslandConservationCameraTraps\dominicanrepublic_cam0425abril2015_20130727_015538_sunp0047.jpg;0
\gineta\gineta_vacías_humanos_PNC_2012_ME\a33647IM000140.JPG;1
\leporido\Rabbit_mammalWeb\118103.jpg;1
\vacia\empty_IslandConservationCameraTraps\micronesia_cam12april2019_20190414_182002_rcnx1127.jpg;0
\cervidae\CERVIDREDORFALLOWDEER_ZOO_1_4\40_20201215 (1641).JPG;1
\micromamiferos\rat_IslandConservationCameraTraps\dominicanrepublic_cam10717mayo2017_20170310_053716_img_0003.jpg;1
\cervidae\corzo_alumno_2_AM_JC\DSCF0184_frame034.jpg;1
\ave\bird_CaltechCameraTrap\5919986c-23d2-11e8-a6a3-ec086b02610b.jpg;1
\cervidae\2_ciervo_Javi_3_JC\26_20201020 (166).JPG;1
\vacia\NOANIMAL_ZOO_1_4\26_20201020 (4236).JPG;0
\ave\shearwater_IslandConservationCameraTraps\chile_piedra012013_1001201315746.jpg;1
\cervidae\CERVIDREDORFALLOWDEER_ZOO_5_6_7_9\28_20210615 (1556).JPG;1
\ave\bird_CaltechCameraTrap\58a8a3a7-23d2-11e8-a6a3-ec086b02610b.jpg;1
\vacia\NOANIMAL_ZOO_5_6_7_9\50_20210408 (25466).JPG;0
\cervidae\corzo_alumno_2_AM_JC\STC_0009 (2)_frame190.jpg;1
\vacia\NOANIMAL_ZOO_5_6_7_9\25_20210417 (13790).JPG;0
\vacia\vacia_alumno_1_AM\10_20201019 (312).JPG;0
\jabali\WILDBOAR_ZOO_1_4\37_20201116 (10238).JPG;1
\cervidae\Ciervo_alumno_2_AM_JC\Cerela (10)_frame280.jpg;1
\cervidae\3_ciervo_simone_2\37_20201024 (10513).JPG;1
\vacia\empty_IslandConservationCameraTraps\palau_cam6a12132018_20181018_124513_rcnx0959.jpg;0
\caballo\HORSE_ZOO_1_4\2_20201117 (615).JPG;1
\jabali\WILDBOAR_ZOO_1_4\37_20201116 (629).JPG;1
\perro\dog_caltechCameraTraps\59baca66-23d2-11e8-a6a3-ec086b02610b.jpg;1
\leporido\2_conejo_alumno_2_2_TH_JC\6_20201023 (2546).JPG;1
\cervidae\ciervo_PNM_2012_ME\d7564IM000108.JPG;1
\vacia\NOANIMAL_ZOO_1_4\34_20210115 (8338).JPG;0
\cervidae\CERVIDREDORFALLOWDEER_ZOO_5_6_7_9\15_20210219 (2687) (2021_04_15 06_16_22 UTC).JPG;1
\cervidae\CERVIDREDORFALLOWDEER_ZOO_1_4\34_20201024 (5282).JPG;1
\vacia\vacia_alumno_AM_2\24_20201019 (575).JPG;0
\meloncillo\meloncillo_PNM_2013-O_ME\f27634IMAG0191.JPG;1
\vacia\empty_SnapshotMountainZebra\MTZ_S1_C06_R1_IMAG3577.JPG;0
\cervidae\CERVIDREDORFALLOWDEER_ZOO_1_4\35_20201123 (80).JPG;1
\perro\dog_caltechCameraTraps\59c31a1a-23d2-11e8-a6a3-ec086b02610b.jpg;1
\vacia\NOANIMAL_ZOO_5_6_7_9\37_20210220 (897) (2021_04_15 06_16_22 UTC).JPG;0
\cervidae\ciervo_simone_2\35_20201021 (119).JPG;1
\vacia\NOANIMAL_ZOO_1_4\8_20201029 (194).JPG;0
\ave\rooster_IslandConservationCameraTraps\palau_cam13a12132018_20181101_083258_rcnx1105.jpg;1
\vacia\vacia_alumno_AM_2\26_20201020 (9533).JPG;0
\meloncillo\Meloncillo_PNM_2013-0_ME\f21504IM000211.JPG;1
\vacia\empty_SnapshotMountainZebra\MTZ_S1_D05_R1_IMAG1851.JPG;0
\zorro\Zorro_Pepe_IREC\Zorro_Pepe_Irec_ME\IMAG1548.JPG;1
\vacia\NOANIMAL_ZOO_5_6_7_9\50_20210408 (16426).JPG;0
\leporido\2_conejo_Paco_Carro_JC\PICT0232.JPG;1
\zorro\zorro_PNC_2013-O_RED_ISAAC\b13683IM000100.JPG;1
\zorro\zorro_PNC_2012_JC\a47297IM000053.JPG;1
\jabali\WILDBOAR_ZOO_1_4\34_20201215 (175).JPG;1
\humanovehiculo\car_CaltechCameraTrap_ME\vehiculo\59f9448e-23d2-11e8-a6a3-ec086b02610b.jpg;1
\vacia\Nothing_mammalWeb\78776.jpg;0
\vacia\NOANIMAL_ZOO_5_6_7_9\25_20210417 (1275).JPG;0
\zorro\zorro_vacías_humanos_PNC_2012_ME\a44347IM000026.JPG;1
\cervidae\CERVIDREDORFALLOWDEER_ZOO_1_4\21_20201119 (3508).JPG;1
\vacia\NOANIMAL_ZOO_1_4\6_20201812 (9390).JPG;0
\gato_domestico\cat_IslandConservationCameraTraps\palau_cam02a12132018_20180824_161749_rcnx0074.jpg;1
\cervidae\CERVIDREDORFALLOWDEER_ZOO_5_6_7_9\8_20210219 (111) (2021_04_15 06_16_22 UTC).JPG;1
\humanovehiculo\humanovehiculo_PNC_2013-O_RED_ISAAC\b7183IM000005.JPG;1
\gato_domestico\gato_WellingtonCameraTraps_SS\111116164714021cs141.JPG;1
\vacia\vacia_Paco_Carro_JC\IMG_1240.JPG;0
\mapache\raccoon_CaltechCameraTrap_ME\5a02fcab-23d2-11e8-a6a3-ec086b02610b.jpg;1
\cervidae\CERVIDREDORFALLOWDEER_ZOO_1_4\37_20201024 (1111).JPG;1
\vacia\NOANIMAL_ZOO_5_6_7_9\50_20210408 (20591).JPG;0
\humanovehiculo\HUMANORVEHICLE_ZOO_1_4\24_20201117 (30).JPG;1
\vacia\SnampshotEnonkishu\ENO_S1_D06_R1_IMAG3516.JPG;0
\vacia\empty_SnapshotMountainZebra\MTZ_S1_E06_R3_IMAG0120.JPG;0
\vacia\SnampshotEnonkishu\ENO_S1_D06_R1_IMAG2897.JPG;0
\caballo\caballos_javier_JC\2_20201117 (5563).JPG;1
\gato_domestico\gato_WellingtonCameraTraps_SS\200916151428022as221.JPG;1
\leporido\rabbit_IslandConservationCameraTraps\chile_frances022013_25042013123059.jpg;1
\vacia\vacias_2_de_2_PNC_2012_ISAAC\a1306IM000276.JPG;0
\vacia\empty_SnapshotMountainZebra\MTZ_S1_G04_R3_IMAG1360.JPG;0
\micromamiferos\rat_IslandConservationCameraTraps\micronesia_cam06_cam06june2019_pig_20190629210931_1282.jpg;1
\caballo\HORSE_ZOO_1_4\15_20210117 (5386).JPG;1
\vacia\vacia_ss\40_20201024 (6786).JPG;0
\humanovehiculo\HUMANORVEHICLE_ZOO_1_4\35_20201218 (2318).JPG;1
\humanovehiculo\humanovehiculo_PNM_2012_ME\d7480IM000007.JPG;1
\leporido\rabbit_CaltechCameraTrap_ME\587829a5-23d2-11e8-a6a3-ec086b02610b.jpg;1
\vacia\NOANIMAL_ZOO_5_6_7_9\24_20210418 (7400).JPG;0
\cervidae\CERVIDREDORFALLOWDEER_ZOO_1_4\8_20201029 (342).JPG;1
\cervidae\ciervo_alumno_TH_3_TH_JC\37_20201024 (12808).JPG;1
\jabali\Jabali_PNC_2014_JC\c5556IM000138.JPG;1
\ave\American Crow_ena24\8058.jpg;1
\vacia\empty_caltechCameraTraps\59f79928-23d2-11e8-a6a3-ec086b02610b.jpg;0
\cervidae\CERVIDREDORFALLOWDEER_ZOO_5_6_7_9\3_20210318 (496).JPG;1
\vacia\empty_IslandConservationCameraTraps\dominicanrepublic_cam1826julio2015_20150708_103416_img_1593.jpg;0
\cervidae\deer_CaltechCameraTrap\5a0c9c43-23d2-11e8-a6a3-ec086b02610b.jpg;1
\leporido\rabbit_IslandConservationCameraTraps\chile_frances012013_18122012153934.jpg;1
\jabali\WILDBOAR_ZOO_1_4\1_20210115 (697).JPG;1
\jabali\WILDBOAR_ZOO_5_6_7_9\28_20210318 (15487).JPG;1
\tejon\tejon_PNC_2014_manuel\c24760IMAG0086.JPG;1
\cervidae\ciervo_vacías_humanos_PNC_2012_ME\a23672IM000117.JPG;1
\cervidae\CERVIDREDORFALLOWDEER_ZOO_5_6_7_9\35_20210218 (2667) (2021_04_15 06_16_22 UTC).JPG;1
\cervidae\deer_CaltechCameraTrap\589460fd-23d2-11e8-a6a3-ec086b02610b.jpg;1
\jabali\WILDBOAR_ZOO_5_6_7_9\1_20210219 (522) (2021_04_15 06_16_22 UTC).JPG;1
\vacia\empty_SnapshotMountainZebra\MTZ_S1_D05_R1_IMAG1255.JPG;0
\humanovehiculo\car_CaltechCameraTrap_ME\vehiculo\59aad982-23d2-11e8-a6a3-ec086b02610b.jpg;1
\humanovehiculo\car_CaltechCameraTrap_ME\vehiculo\59247c69-23d2-11e8-a6a3-ec086b02610b.jpg;1
\caballo\HORSE_ZOO_5_6_7_9\15_20210219 (1483) (2021_04_15 06_16_22 UTC).JPG;1
\cervidae\deer_CaltechCameraTrap\591cb33f-23d2-11e8-a6a3-ec086b02610b.jpg;1
\leporido\conejo_Paco_Carro_JC\PICT0677.JPG;1
\vacia\vacia_alumno_1_AM\40_20201024 (7751).JPG;0
\leporido\conejo_Paco_Carro_JC\PICT0727.JPG;1
\vaca\COW_ZOO_1_4\21_20201217 (5206).JPG;1
\humanovehiculo\car_CaltechCameraTrap_ME\vehiculo\59c4c191-23d2-11e8-a6a3-ec086b02610b.jpg;1
\vacia\empty_IslandConservationCameraTraps\dominicanrepublic_cam0425abril2015_20130809_072233_sunp1868.jpg;0
\tejon\Tejón_PNC_2013-O_ME\b15746IM000091.JPG;1
\vacia\Nothing_mammalWeb\32754.jpg;0
\mapache\raccoon_CaltechCameraTrap_ME\59f94641-23d2-11e8-a6a3-ec086b02610b.jpg;1
\cervidae\cervidae_alumno_2_TH\21_20201025 (5213).JPG;1
\gato_domestico\cat_IslandConservationCameraTraps\puertorico_18_20141223_085915_img_0169.jpg;1
\vaca\COW_ZOO_5_6_7_9\21_20210418 (1095).JPG;1
\zorro\Zorro_PNC_2014_JC\c27440IM000076.JPG;1
\humanovehiculo\HUMANORVEHICLE_ZOO_5_6_7_9\42_20210218 (6) (2021_04_15 06_16_22 UTC).JPG;1
\tejon\2_tejon_alumno_2_AM_JC\STC_0113 (2)_frame010.jpg;1
\jabali\WILDBOAR_ZOO_1_4\33_20201217 (138).JPG;1
\cervidae\cervido_simone_2\37_20201024 (1603).JPG;1
\gineta\gineta_Saul Martin_FRAMES_SIN_REPETIDOS_REVISADOS_DIEGO\IMAG0015_frame560.jpg;1
\caballo\caballos_javier_JC\2_20201117 (413).JPG;1
\vacia\NOANIMAL_ZOO_5_6_7_9\35_20210218 (502) (2021_04_15 06_16_22 UTC).JPG;0
\vacia\NOANIMAL_ZOO_5_6_7_9\50_20210417 (24858).JPG;0
\vacia\vacias_PNM_2013-O_ISAAC\f3029IMAG0795.JPG;0
\humanovehiculo\car_CaltechCameraTrap_ME\vehiculo\58c1c33e-23d2-11e8-a6a3-ec086b02610b.jpg;1
\vacia\empty_IslandConservationCameraTraps\dominicanrepublic_cam1125abril2015_20150422_173137_img_2360.jpg;0
\ave\bird_CaltechCameraTrap\586fdbac-23d2-11e8-a6a3-ec086b02610b.jpg;1
\humanovehiculo\HUMANORVEHICLE_ZOO_1_4\37_20201215 (3506).JPG;1
\ave\bird_CaltechCameraTrap\595002f7-23d2-11e8-a6a3-ec086b02610b.jpg;1
\cervidae\3_ciervo_Javi_3_JC\34_20201024 (2247).JPG;1
\vacia\empty_IslandConservationCameraTraps\dominicanrepublic_cam1826julio2015_20150701_124334_img_0774.jpg;0
\ave\ave_Paco_Carro_JC\PICT1855.JPG;1
\jabali\WILDBOAR_ZOO_1_4\33_20201120 (201).JPG;1
\vacia\NOANIMAL_ZOO_1_4\20_20201024 (409).JPG;0
\cervidae\CERVIDREDORFALLOWDEER_ZOO_5_6_7_9\50_20210408 (12175).JPG;1
\vacia\vacia_Paco_Carro_JC\IMG_0954.JPG;0
\leporido\conejo_Paco_Carro_JC\PICT0104 (3).JPG;1
\cervidae\ciervo_alumno_2_TH\21_20201025 (1864).JPG;1
\cervidae\deer_CaltechCameraTrap\590b9e69-23d2-11e8-a6a3-ec086b02610b.jpg;1
\humanovehiculo\humanovehiculo_PNC_2014_manuel\c20053IM000002.JPG;1
\cervidae\CERVIDREDORFALLOWDEER_ZOO_1_4\21_20201025 (1895).JPG;1
\vacia\NOANIMAL_ZOO_1_4\6_20201812 (14385).JPG;0
\vacia\empty_IslandConservationCameraTraps\ecuador1_ic1611_20150101_000002_img_1421.jpg;0
\vacia\NOANIMAL_ZOO_5_6_7_9\18_20210417 (9544).JPG;0
\vacia\empty_SnapshotMountainZebra\MTZ_S1_E06_R3_IMAG1741.JPG;0
\gineta\gineta_PNM_2013-O_ME\f8477IM000349.JPG;1
\lince\Lince_a_Linces2_Leo_JC\Lince53 (147).JPG;1
\gato_domestico\cat_CaltechCameraTrap\5a0e3790-23d2-11e8-a6a3-ec086b02610b.jpg;1
\cervidae\Ciervo_PNC_2014_JC\c7180IM000053.JPG;1
\leporido\conejo_Paco_Carro_JC\PICT0286.JPG;1
\vacia\vacia_Paco_Carro_JC\01140985.JPG;0
\vacia\NOANIMAL_ZOO_5_6_7_9\25_20210319 (10645).JPG;0
\jabali\WILDBOAR_ZOO_5_6_7_9\31_20210219 (1084) (2021_04_15 06_16_22 UTC).JPG;1
\leporido\conejo_Paco_Carro_JC\PICT0576.JPG;1
\vacia\NOANIMAL_ZOO_5_6_7_9\2_20210417 (21695).JPG;0
\humanovehiculo\HUMANORVEHICLE_ZOO_1_4\36_20201215 (531).JPG;1
\cervidae\CERVIDREDORFALLOWDEER_ZOO_5_6_7_9\15_20210219 (4356) (2021_04_15 06_16_22 UTC).JPG;1
\vacia\Vacio__diego_2_rev_donana\26_20201020 (371).JPG;0
\leporido\rabbit_IslandConservationCameraTraps\chile_frances022013_23052013124023.jpg;1
\vacia\empty_caltechCameraTraps\59d4194e-23d2-11e8-a6a3-ec086b02610b.jpg;0
\gato_domestico\gato_WellingtonCameraTraps_SS\1104151807380745L091.JPG;1
\vacia\empty_SnapshotMountainZebra\MTZ_S1_G04_R3_IMAG0458.JPG;0
\cervidae\ciervo_vacías_humanos_PNC_2012_ME\a14933IM000861.JPG;1
\zorro\zorro_vacías_humanos_PNC_2012_ME\a39943IM000203.JPG;1
\vacia\empty_caltechCameraTraps\59563891-23d2-11e8-a6a3-ec086b02610b.jpg;0
\lince\Lince_b_Linces2_Leo_JC\lince169 (50).JPG;1
\cervidae\CERVIDREDORFALLOWDEER_ZOO_1_4\2_20201215 (9699).JPG;1
\vacia\vacias_2_de_2_PNC_2012_ISAAC\a12205IM000396.JPG;0
\mapache\raccoon_CaltechCameraTrap_ME\589e660d-23d2-11e8-a6a3-ec086b02610b.jpg;1
\vacia\NOANIMAL_ZOO_5_6_7_9\25_20210417 (4282).JPG;0
\zorro\Zorro_PNC_2014_JC\c16998IM000280.JPG;1
\jabali\jabali_javi_JC\28_20201019 (1544).JPG;1
\zorro\fox_CaltechCameraTrap_ME\593a4d34-23d2-11e8-a6a3-ec086b02610b.jpg;1
\cervidae\ciervo_PNM_2013-O_ISAAC\f1712IM000195.JPG;1
\zorro\zorro_PNM_2013-I_ISAAC\e373IM000040.JPG;1
\zorro\REDFOX_ZOO_1_4\37_20210115 (234).JPG;1
\cervidae\ciervo_PNC_2014_ISAAC\c12268IMAG0020.JPG;1
\vacia\NOANIMAL_ZOO_1_4\25_20201117 (175).JPG;0
\leporido\rabbit_IslandConservationCameraTraps\chile_piedra012013_1405201334942.jpg;1
\humanovehiculo\Vehicle_ena24\2804.jpg;1
\vacia\NOANIMAL_ZOO_5_6_7_9\50_20210408 (8942).JPG;0
\humanovehiculo\HUMANORVEHICLE_ZOO_1_4\13_20201025 (116).JPG;1
\cervidae\cervicidae_alumno_TH_3_TH_JC\37_20201024 (2427).JPG;1
\cervidae\ciervo_simone_2\34_20201024 (2773).JPG;1
\vacia\Nothing_mammalWeb\74858.jpg;0
\vacia\NOANIMAL_ZOO_1_4\15_20201117 (894).JPG;0
\vacia\NOANIMAL_ZOO_5_6_7_9\31_20210615 (4489).JPG;0
\jabali\WILDBOAR_ZOO_1_4\37_20201116 (10751).JPG;1
\vacia\NOANIMAL_ZOO_5_6_7_9\28_20210219 (598) (2021_04_15 06_16_22 UTC).JPG;0
\vacia\NOANIMAL_ZOO_5_6_7_9\2_20210319 (9159).JPG;0
\cervidae\deer_CaltechCameraTrap\59b12f52-23d2-11e8-a6a3-ec086b02610b.jpg;1
\lince\Lince_b_Linces2_Leo_JC\lince216 (247).JPG;1
\humanovehiculo\car_CaltechCameraTrap_ME\vehiculo\595def92-23d2-11e8-a6a3-ec086b02610b.jpg;1
\humanovehiculo\humano_vehiculo_PNM_2012_ISAAC\d8054IMAG0004.JPG;1
\vacia\empty_SnapshotMountainZebra\MTZ_S1_D07_R1_IMAG0145.JPG;0
\vacia\NOANIMAL_ZOO_5_6_7_9\2_20210417 (17146).JPG;0
\vacia\vacias_PNM_2013-O_ISAAC\f2934IMAG0694.JPG;0
\humanovehiculo\HUMANORVEHICLE_ZOO_5_6_7_9\12J_20210404 (21).JPG;1
\humanovehiculo\car_CaltechCameraTrap_ME\vehiculo\59ffbab9-23d2-11e8-a6a3-ec086b02610b.jpg;1
\vaca\COW_ZOO_1_4\21_20210114 (30).JPG;1
\vacia\NOANIMAL_ZOO_5_6_7_9\2_20210618 (16824).JPG;0
\lince\Lince_a_Linces2_Leo_JC\Lince59 (11).JPG;1
\ave\ave_ave_WellingtonCameraTraps_SS\070216191032040a6371.JPG;1
\cervidae\deer_CaltechCameraTrap\5a2e12e2-23d2-11e8-a6a3-ec086b02610b.jpg;1
\vacia\NOANIMAL_ZOO_5_6_7_9\35_20210218 (1037) (2021_04_15 06_16_22 UTC).JPG;0
\vaca\COW_ZOO_1_4\21_20201217 (46).JPG;1
\micromamiferos\micromamiferos_Paco_Carro_JC\IMG_0009 (4).JPG;1
\lince\linces_fecha_Linces2_Leo_JC\2_Lince_flecha_Linces2_Leo_JC\lince103 (325).JPG;1
\leporido\rabbit_IslandConservationCameraTraps\chile_piedra012013_0403201333647.jpg;1
\cervidae\CERVIDREDORFALLOWDEER_ZOO_1_4\38_20201019 (309).JPG;1
\vacia\NOANIMAL_ZOO_5_6_7_9\39_20210615 (1528).JPG;0
\ave\bird_CaltechCameraTrap\58f107bb-23d2-11e8-a6a3-ec086b02610b.jpg;1
\vacia\empty_IslandConservationCameraTraps\dominicanrepublic_cam2026junio2015_20150620_150522_img_0072.jpg;0
\cervidae\cervidae_ME_rev_3_donana\37_20201024 (2714).JPG;1
\vacia\empty_SnapshotKaroo\KAR_S1_E02_R1_IMAG2827.JPG;0
\lince\Lince_b_Linces2_Leo_JC\lince188 (53).JPG;1
\vacia\vacia_alumno_AM_2\24_20201019 (4191).JPG;0
\cervidae\CERVIDREDORFALLOWDEER_ZOO_5_6_7_9\32_20210417 (5707).JPG;1
\vacia\empty_IslandConservationCameraTraps\dominicanrepublic_cam11718mayo2017_20170330_153007_img_0030.jpg;0
\humanovehiculo\humanovehiculo_PNC_2014_manuel\c29338IM000003.JPG;1
\zorro\zorro_PNC_2014_manuel\c8982IM000073.JPG;1
\vacia\Nothing_mammalWeb\11241.jpg;0
\vacia\NOANIMAL_ZOO_1_4\6_20201812 (9286).JPG;0
\humanovehiculo\humano_alumno_1_TH\IMAG0001_frame220.jpg;1
\ave\ave_PNC_2014_manuel\c14560IMAG0019.JPG;1
\cervidae\CERVIDREDORFALLOWDEER_ZOO_5_6_7_9\35_20210218 (2650) (2021_04_15 06_16_22 UTC).JPG;1
\ave\bird_spec_MissouriCameraTrap\SEQ81744_IMG_0001.JPG;1
\ave\raven_IslandConservationCameraTraps\dominicanrepublic_cam0726junio2015_20130808_134818_sunp0059.jpg;1
\vacia\NOANIMAL_ZOO_5_6_7_9\50_20210408 (23373).JPG;0
\gato_domestico\Gato_domestico_alumno_2_AM_JC\Felcat 26.01.JPG;1
\caballo\HORSE_ZOO_1_4\10_20201117 (1315).JPG;1
\vacia\NOANIMAL_ZOO_1_4\41_20210114 (264).JPG;0
\vacia\vacias_PNM_2013-O_ISAAC\f7516IMAG0370.JPG;0
\leporido\rabbit_IslandConservationCameraTraps\chile_piedra012013_2205201311600.jpg;1
\leporido\rabbit_IslandConservationCameraTraps\chile_frances022013_25042013104724.jpg;1
\vacia\vacias_2_de_2_PNC_2012_ISAAC\a1025IM000379.JPG;0
\zorro\Zorro_Pepe_IREC\Zorro_Pepe_Irec_ME\IMAG0072_(5).JPG;1
\vacia\NOANIMAL_ZOO_5_6_7_9\5_20210618 (67).JPG;0
\caballo\HORSE_ZOO_5_6_7_9\46_20210618 (1307).JPG;1
\jabali\WILDBOAR_ZOO_1_4\37_20201116 (9443).JPG;1
\cervidae\ciervo_vacías_humanos_PNC_2012_ME\a36782IM000354.JPG;1
\leporido\rabbit_IslandConservationCameraTraps\chile_frances012013_20122012193136.jpg;1
\lince\linces_fecha_Linces2_Leo_JC\2_Lince_flecha_Linces2_Leo_JC\Lince51 (12).jpg;1
\vacia\empty_SnapshotMountainZebra\MTZ_S1_G04_R3_IMAG0720.JPG;0
\zorro\Zorro_Pepe_IREC\Zorro_Pepe_Irec_ME\IMAG0153_(11).JPG;1
\vacia\empty_IslandConservationCameraTraps\dominicanrepublic_cam2015abril2015_20150327_151340_img_2128.jpg;0
\vacia\NOANIMAL_ZOO_1_4\26_20201020 (16239).JPG;0
\vaca\COW_ZOO_5_6_7_9\21_20210418 (2239).JPG;1
\vacia\vacia_ss\40_20201024 (3859).JPG;0
\cervidae\CERVIDREDORFALLOWDEER_ZOO_1_4\40_20201024 (10387).JPG;1
\tejon\tejon_alumno_2_AM_JC\STC_0043_frame050.jpg;1
\vaca\COW_ZOO_5_6_7_9\21_20210418 (1027).JPG;1
\gato_domestico\cat_IslandConservationCameraTraps\palau_cam02a12132018_20180904_115655_rcnx0307.jpg;1
\leporido\rabbit_IslandConservationCameraTraps\chile_piedra012013_1302201360103.jpg;1
\cervidae\CERVIDREDORFALLOWDEER_ZOO_1_4\40_20201215 (1997).JPG;1
\cervidae\CERVIDREDORFALLOWDEER_ZOO_5_6_7_9\17_20210418 (679).JPG;1
\caballo\HORSE_ZOO_5_6_7_9\46_20210618 (283).JPG;1
\zorro\zorro_PNM_2012_ISAAC\d13835IM000014.JPG;1
\lince\Lince_a_Linces2_Leo_JC\lince94 (165).JPG;1
\humanovehiculo\HUMANORVEHICLE_ZOO_5_6_7_9\1_20210319 (2).JPG;1
\vacia\NOANIMAL_ZOO_1_4\7_20210115 (3679).JPG;0
\cervidae\CERVIDREDORFALLOWDEER_ZOO_1_4\18_20201024 (344).JPG;1
\leporido\conejo_WellingtonCameraTraps_SS\080716023014016a1605.JPG;1
\cervidae\CERVIDREDORFALLOWDEER_ZOO_1_4\2_20201117 (1666).JPG;1
\zorro\zorro_PNC_2013-O_RED_ISAAC\b953IM000097.JPG;1
\zorro\Zorro_PNC_2014_JC\c5313IM000050.JPG;1
\vacia\empty_IslandConservationCameraTraps\dominicanrepublic_cam2015abril2015_20150315_121951_img_0003.jpg;0
\zorro\REDFOX_ZOO_1_4\31_20201023 (364).JPG;1
\tejon\EUROPEANBADGER_ZOO_5_6_7_9\41_20210318 (5889).JPG;1
\leporido\rabbit_CaltechCameraTrap_ME\58bd1ae9-23d2-11e8-a6a3-ec086b02610b.jpg;1
\cervidae\CERVIDREDORFALLOWDEER_ZOO_5_6_7_9\28_20210615 (3363).JPG;1
\gato_domestico\gato_WellingtonCameraTraps_SS\25101519065805197511.JPG;1
\vaca\COW_ZOO_1_4\17_20201026 (573).JPG;1
\ave\ave_ave_WellingtonCameraTraps_SS\080716082130043a7511.JPG;1
\ave\bird_CaltechCameraTrap\59cb387b-23d2-11e8-a6a3-ec086b02610b.jpg;1
\leporido\lagomorpha_alumno_1_AM_2\6_20201023 (3515).JPG;1
\cervidae\CERVIDREDORFALLOWDEER_ZOO_5_6_7_9\35_20210218 (2420) (2021_04_15 06_16_22 UTC).JPG;1
\leporido\rabbit_IslandConservationCameraTraps\chile_piedra012013_27042013154810.jpg;1
\vacia\NOANIMAL_ZOO_1_4\7_20210115 (2188).JPG;0
\vacia\empty_SnapshotMountainZebra\MTZ_S1_E06_R3_IMAG0026.JPG;0
\zorro\zorro_PNC_2012_JC\a29409IM000128.JPG;1
\vacia\vacias_2_de_2_PNC_2012_ISAAC\a7781IM000097.JPG;0
\gato_domestico\cat_IslandConservationCameraTraps\palau_cam02a12132018_20180926_200520_rcnx0657.jpg;1
\jabali\jabali_vacías_humanos_PNC_2012_ME\a3601IM000032.JPG;1
\vacia\empty_caltechCameraTraps\59973eea-23d2-11e8-a6a3-ec086b02610b.jpg;0
\vacia\empty_SnapshotMountainZebra\MTZ_S1_D06_R1_IMAG2417.JPG;0
\cervidae\cervidae_alumno_2_AM_JC\DSCF0031_frame090.jpg;1
\cervidae\deer_CaltechCameraTrap\58a6e69f-23d2-11e8-a6a3-ec086b02610b.jpg;1
\vacia\empty_IslandConservationCameraTraps\dominicanrepublic_cam1725abril2015_20150414_061808_img_0510.jpg;0
\humanovehiculo\humanovehiculo_PNC_2014_manuel\c15647IM000060.JPG;1
\vacia\vacias_2_de_2_PNC_2012_ISAAC\a43516IM000329.JPG;0
\cervidae\Ciervo_PNC_2014_JC\c17808IMAG0026.JPG;1
\micromamiferos\micromamifero_WellingtonCameraTraps_SS\160716025718038cs522.JPG;1
\jabali\WILDBOAR_ZOO_1_4\29_20201023 (784).JPG;1
\jabali\jabali_javi_JC\28_20201019 (1527).JPG;1
\gato_domestico\cat_IslandConservationCameraTraps\palau_cam13a12132018_20181024_030225_rcnx0956.jpg;1
\jabali\jabali_javi_JC\24_20201019 (1028).JPG;1
\ave\short-eared_owl_IslandConservationCameraTraps\ecuador2_ic1605_20181024_045320_img_0135.jpg;1
\vacia\NOANIMAL_ZOO_5_6_7_9\2_20210618 (18952).JPG;0
\lince\linces_fecha_Linces2_Leo_JC\3_Lince_flecha_Linces2_Leo_JC\lince50 (33).jpg;1
\cervidae\deer_CaltechCameraTrap\5a2e13c3-23d2-11e8-a6a3-ec086b02610b.jpg;1
\vacia\vacia_alumno_AM_2\26_20201020 (10144).JPG;0
\vacia\NOANIMAL_ZOO_1_4\7_20210115 (3755).JPG;0
\vacia\NOANIMAL_ZOO_1_4\26_20201020 (16605).JPG;0
\cervidae\CERVIDREDORFALLOWDEER_ZOO_5_6_7_9\19_20210417 (2715).JPG;1
\vacia\NOANIMAL_ZOO_5_6_7_9\49_20210418 (1433).JPG;0
\leporido\conejo_Paco_Carro_JC\PICT1903 (2).JPG;1
\jabali\WILDBOAR_ZOO_5_6_7_9\20_20210219 (2195) (2021_04_15 06_16_22 UTC).JPG;1
\vacia\vacia_alumno_AM_2\30_20201021 (1287).JPG;0
\cervidae\CIERVO_PNM_2013-I_ISAAC\e4387IM000031.JPG;1
\cervidae\ciervo_PNC_2013-I_RED_ME\3393IM000072.JPG;1
\ave\Woodpigeon_mammalWeb\34007.jpg;1
\vaca\COW_ZOO_1_4\15_20201024 (8113).JPG;1
\vacia\empty_SnapshotKaroo\KAR_S1_E02_R1_IMAG5576.JPG;0
\vacia\Nothing_mammalWeb\286.jpg;0
\vacia\NOANIMAL_ZOO_5_6_7_9\50_20210408 (22747).JPG;0
\zorro\Red fox_mammalWeb\79893.jpg;1
\lince\Lince_a_Linces2_Leo_JC\lince77 (291).JPG;1
\vacia\NOANIMAL_ZOO_1_4\26_20201020 (10778).JPG;0
\jabali\WILDBOAR_ZOO_1_4\31_20201218 (74).JPG;1
\ave\OTHERSPECIES_ZOO_5_6_7_9\50_20210417 (56).JPG;1
\cervidae\ciervo_simone_2\37_20201024 (9009).JPG;1
\vacia\empty_SnapshotMountainZebra\MTZ_S1_D06_R1_IMAG2100.JPG;0
\vacia\SnampshotEnonkishu\ENO_S1_D03_R1_IMAG1764.JPG;0
\jabali\2_jabali_revGinetasJC_REV1_4_donana\37_20201116 (7171).JPG;1
\zorro\zorro_PNC_2013-I_ME\5644IM000070.JPG;1
\jabali\WILDBOAR_ZOO_1_4\15_20210117 (7934).JPG;1
\vacia\NOANIMAL_ZOO_1_4\26_20201020 (18095).JPG;0
\leporido\rabbit_IslandConservationCameraTraps\chile_frances022013_25042013123622.jpg;1
\vacia\empty_SnapshotMountainZebra\MTZ_S1_D05_R1_IMAG0999.JPG;0
\caballo\caballos_alumno_AM\caballos_alumno_AM\2_20201215 (6123).JPG;1
\vacia\empty_SnapshotMountainZebra\MTZ_S1_C06_R1_IMAG2556.JPG;0
\vacia\NOANIMAL_ZOO_1_4\26_20201020 (18275).JPG;0
\leporido\Rabbit_mammalWeb\15233.jpg;1
\vacia\NOANIMAL_ZOO_1_4\26_20201020 (17472).JPG;0
\leporido\rabbit_CaltechCameraTrap_ME\5922eb0a-23d2-11e8-a6a3-ec086b02610b.jpg;1
\zorro\Zorro_Pepe_IREC\Zorro_Pepe_Irec_ME\IMAG0388_(7).JPG;1
\vacia\vacia_Paco_Carro_JC\IMG_0153 (2).JPG;0
\jabali\jabali_PNC_2014_manuel\c30525IM000068.JPG;1
\lince\Lince_a_Linces2_Leo_JC\lince123 (104).JPG;1
\zorro\zorro_PNC_2013-I_RED_ME\3493IM000015.JPG;1
\humanovehiculo\car_CaltechCameraTrap_ME\vehiculo\593735a0-23d2-11e8-a6a3-ec086b02610b.jpg;1
\zorro\zorro_PNC_2013-O_RED_ISAAC\b18229IM000062.JPG;1
\humanovehiculo\humano_vehiculo_PNM_2012_ISAAC\d15561IM000013.JPG;1
\leporido\rabbit_IslandConservationCameraTraps\chile_frances022013_1405201373337.jpg;1
\vacia\vacias_1_de_2_PNC_2012_ISAAC\a45269IM000518.JPG;0
\vacia\empty_IslandConservationCameraTraps\palau_cam04a12132018_20181213_095727_rcnx2417.jpg;0
\ave\Woodpigeon_mammalWeb\81221.jpg;1
\vaca\COW_ZOO_5_6_7_9\17_20210318 (79).JPG;1
\leporido\rabbit_IslandConservationCameraTraps\chile_frances022013_23042013110641.jpg;1
\jabali\jabali_PNC_2014_manuel\c16206IM000191.JPG;1
\vacia\empty_IslandConservationCameraTraps\dominicanrepublic_cam1826julio2015_20150702_111140_img_0899.jpg;0
\micromamiferos\rat_IslandConservationCameraTraps\dominicanrepublic_cam11518mayo2017a_20170124_060954_img_0240.jpg;1
\cervidae\CERVIDREDORFALLOWDEER_ZOO_5_6_7_9\36_20210319 (4141).JPG;1
\caballo\HORSE_ZOO_1_4\15_20210117 (1978).JPG;1
\vacia\empty_SnapshotMountainZebra\MTZ_S1_D06_R1_IMAG2762.JPG;0
\cervidae\CERVIDREDORFALLOWDEER_ZOO_1_4\28_20201019 (2164).JPG;1
\cervidae\CERVIDREDORFALLOWDEER_ZOO_1_4\38_20201117 (581).JPG;1
\jabali\jabali_PNC_2014_manuel\c9224IM000088.JPG;1
\vacia\empty_SnapshotMountainZebra\MTZ_S1_D06_R1_IMAG0692.JPG;0
\vacia\vacia_alumno_TH_3_TH_JC\30_20201021 (912).JPG;0
\cervidae\cervidae_ME_rev_3_donana\39_20201019 (263).JPG;1
\cervidae\deer_CaltechCameraTrap\59fae63f-23d2-11e8-a6a3-ec086b02610b.jpg;1
\vacia\empty_IslandConservationCameraTraps\dominicanrepublic_cam0725abril2015a_20130813_064816_sunp4772.jpg;0
\vacia\empty_caltechCameraTraps\598f7602-23d2-11e8-a6a3-ec086b02610b.jpg;0
\cervidae\deer_CaltechCameraTrap\59c99d54-23d2-11e8-a6a3-ec086b02610b.jpg;1
\gato_domestico\gato_WellingtonCameraTraps_SS\170716042050031c8283.JPG;1
\zorro\Zorro_alumno_2_AM\Vulvul 23_frame140.jpg;1
\jabali\WILDBOAR_ZOO_1_4\31_20210115 (141).JPG;1
\vacia\vacias_PNC_2013-I_ISAAC\9129IM000233.JPG;0
\vacia\NOANIMAL_ZOO_1_4\6_20201116 (4355).JPG;0
\cervidae\ciervo_vacías_humanos_PNC_2012_ME\a19057IM000182.JPG;1
\vacia\NOANIMAL_ZOO_1_4\7_20210115 (1006).JPG;0
\humanovehiculo\car_CaltechCameraTrap_ME\vehiculo\591e4197-23d2-11e8-a6a3-ec086b02610b.jpg;1
\vacia\NOANIMAL_ZOO_1_4\34_20210115 (2784).JPG;0
\zorro\zorro_PNM_2012_ME\d3422IM000010.JPG;1
\micromamiferos\Small rodent_mammalWeb\27138.jpg;1
\humanovehiculo\car_CaltechCameraTrap_ME\vehiculo\5a14a424-23d2-11e8-a6a3-ec086b02610b.jpg;1
\cervidae\ciervo_Paco_Carro_JC\IMG_0082.JPG;1
\leporido\rabbit_CaltechCameraTrap_ME\595adacd-23d2-11e8-a6a3-ec086b02610b.jpg;1
\vacia\NOANIMAL_ZOO_5_6_7_9\50_20210408 (16835).JPG;0
\vacia\empty_SnapshotCamdeboo\CDB_S1_F03_R2_IMAG1650.JPG;0
\vacia\empty_IslandConservationCameraTraps\dominicanrepublic_cam1825abril2015_20150409_101143_img_0071.jpg;0
\vacia\empty_SnapshotMountainZebra\MTZ_S1_D06_R1_IMAG2557.JPG;0
\vacia\NOANIMAL_ZOO_5_6_7_9\10_20210319 (11947).JPG;0
\vacia\empty_SnapshotMountainZebra\MTZ_S1_D06_R1_IMAG1668.JPG;0
\vacia\SnampshotEnonkishu\ENO_S1_D05_R1_IMAG0658.JPG;0
\cervidae\cervidae_ME_rev_3_donana\21_20201025 (5974).JPG;1
\cervidae\CERVIDREDORFALLOWDEER_ZOO_1_4\21_20201025 (2571).JPG;1
\leporido\Eastern Cottontail_ena24\8399.jpg;1
\zorro\zorro_PNM_2013-I_ME\e3628IM000167.JPG;1
\vacia\empty_IslandConservationCameraTraps\dominicanrepublic_cam0425abril2015_20130807_065354_sunp0710.jpg;0
\cervidae\CERVIDREDORFALLOWDEER_ZOO_1_4\29_20201117 (534).JPG;1
\humanovehiculo\humano_vehiculo_PNC_2013-I_ISAAC\1854IM000013.JPG;1
\ave\ave_ave_WellingtonCameraTraps_SS\081116105208040a1122.JPG;1
\ave\ave_ave_WellingtonCameraTraps_SS\060216103658023as381.JPG;1
\cervidae\CERVIDREDORFALLOWDEER_ZOO_5_6_7_9\15_20210219 (5379) (2021_04_15 06_16_22 UTC).JPG;1
\zorro\zorro_PNC_2013-O_RED_ISAAC\b917IM000064.JPG;1
\vacia\empty_IslandConservationCameraTraps\dominicanrepublic_cam0425abril2015_20130826_001204_sunp5921.jpg;0
\ave\ave_ave_WellingtonCameraTraps_SS\090216054430003c9352.JPG;1
\vacia\empty_IslandConservationCameraTraps\ecuador1_ic1611_20150101_000005_img_2384.jpg;0
\cervidae\CERVIDREDORFALLOWDEER_ZOO_5_6_7_9\19_20210219 (867) (2021_04_15 06_16_22 UTC).JPG;1
\vacia\NOANIMAL_ZOO_1_4\43_20201217 (2356).JPG;0
\vacia\empty_IslandConservationCameraTraps\dominicanrepublic_cam0425abril2015_20130815_021006_sunp2383.jpg;0
\micromamiferos\rat_IslandConservationCameraTraps\dominicanrepublic_cam10701agosto2017_20170131_041943_img_0130.jpg;1
\cervidae\CERVIDREDORFALLOWDEER_ZOO_5_6_7_9\18_20210219 (1549) (2021_04_15 06_16_22 UTC).JPG;1
\jabali\WILDBOAR_ZOO_1_4\24_20201117 (556).JPG;1
\vacia\empty_IslandConservationCameraTraps\dominicanrepublic_cam23agosto2015_20150806_052036_img_0240.jpg;0
\cervidae\CERVIDREDORFALLOWDEER_ZOO_5_6_7_9\15_20210219 (4299) (2021_04_15 06_16_22 UTC).JPG;1
\vacia\empty_caltechCameraTraps\599d7be8-23d2-11e8-a6a3-ec086b02610b.jpg;0
\ave\aves_ME_CASA\IMG_0698_copy_1.JPG;1
\vacia\vacia_alumno_2_AM\Neovis 30_frame120.jpg;0
\cervidae\CERVIDREDORFALLOWDEER_ZOO_1_4\21_20201025 (1976).JPG;1
\lince\Lince_b_Linces2_Leo_JC\lince147 (73).JPG;1
\lince\Lince_b_Linces2_Leo_JC\lince177 (11).JPG;1
\cervidae\ciervo_PNC_2013-I_RED_ME\8974IM000198.JPG;1
\jabali\jabali_PNC_2014_manuel\c75IM000080.JPG;1
\cervidae\deer_CaltechCameraTrap\59bac9e7-23d2-11e8-a6a3-ec086b02610b.jpg;1
\cervidae\CERVIDREDORFALLOWDEER_ZOO_1_4\15_20210117 (9655).JPG;1
\zorro\zorro_vacías_humanos_PNC_2012_ME\a2428IM000083.JPG;1
\cervidae\CERVIDREDORFALLOWDEER_ZOO_5_6_7_9\9_20210318 (904).JPG;1
\jabali\WILDBOAR_ZOO_5_6_7_9\44_20210618 (1381).JPG;1
\jabali\WILDBOAR_ZOO_1_4\20_20210115 (412).JPG;1
\cervidae\deer_CaltechCameraTrap\591fd283-23d2-11e8-a6a3-ec086b02610b.jpg;1
\humanovehiculo\humanovehiculo_PNC_2014_manuel\c9835IM000015.JPG;1
\vacia\empty_IslandConservationCameraTraps\dominicanrepublic_cam1826junio2015_20150505_075438_img_1340.jpg;0
\jabali\WILDBOAR_ZOO_1_4\37_20201116 (16222).JPG;1
\vacia\empty_IslandConservationCameraTraps\palau_cam09a12132018_20180929_120000_rcnx0405.jpg;0
\jabali\jabali_javi_JC\13_20201025 (145).JPG;1
\vacia\vacias_1_de_2_PNC_2012_ISAAC\a39152IMAG0908.JPG;0
\vacia\empty_caltechCameraTraps\59c3194d-23d2-11e8-a6a3-ec086b02610b.jpg;0
\vacia\NOANIMAL_ZOO_5_6_7_9\11_20210615 (3747).JPG;0
\jabali\WILDBOAR_ZOO_1_4\37_20201116 (15490).JPG;1
\vacia\vacia_Paco_Carro_JC\01100540.JPG;0
\vacia\empty_SnapshotMountainZebra\MTZ_S1_D05_R1_IMAG1606.JPG;0
\vacia\empty_caltechCameraTraps\5a24a9b0-23d2-11e8-a6a3-ec086b02610b.jpg;0
\meloncillo\Meloncillo_PEPE_IREC_JC\IMAG0268_(4).JPG;1
\ave\ave_ave_WellingtonCameraTraps_SS\041116135258002a5752.JPG;1
\humanovehiculo\HUMANORVEHICLE_ZOO_5_6_7_9\49_20210418 (4).JPG;1
\vaca\COW_ZOO_5_6_7_9\21_20210418 (4136).JPG;1
\vacia\empty_IslandConservationCameraTraps\dominicanrepublic_cam1826junio2015_20150505_094656_img_1993.jpg;0
\cervidae\4_ciervo_simone_2\34_20201024 (4757).JPG;1
\jabali\WILDBOAR_ZOO_1_4\24_20201117 (65).JPG;1
\cervidae\deer_CaltechCameraTrap\596d64f2-23d2-11e8-a6a3-ec086b02610b.jpg;1
\cervidae\CERVIDREDORFALLOWDEER_ZOO_5_6_7_9\18_20210319 (761).JPG;1
\vacia\vacias_2_de_2_PNC_2012_ISAAC\a1532IM000515.JPG;0
\zorro\Zorro_PNM_2013-0_ME\f12753IM000155.JPG;1
\micromamiferos\rat_IslandConservationCameraTraps\micronesia_cam06_cam06june2019_pig_20190629191336_11386.jpg;1
\lince\Lince_b_Linces2_Leo_JC\lince146 (18).JPG;1
\vacia\empty_SnapshotMountainZebra\MTZ_S1_E04_R1_IMAG0436.JPG;0
\vacia\vacias_1_de_2_PNC_2012_ISAAC\a43766IM000593.JPG;0
\vacia\NOANIMAL_ZOO_1_4\37_20201116 (14891).JPG;0
\cervidae\CERVIDREDORFALLOWDEER_ZOO_5_6_7_9\28_20210318 (15400).JPG;1
\jabali\WILDBOAR_ZOO_1_4\21_20201025 (2394).JPG;1
\vacia\empty_caltechCameraTraps\599a5cf6-23d2-11e8-a6a3-ec086b02610b.jpg;0
\lince\Lince_a_Linces2_Leo_JC\lince77 (214).JPG;1
\vaca\Vaca_ME_rev_1_donana\21_20201025 (3417).JPG;1
\caballo\caballos_javier_JC\2_20201117 (3633).JPG;1
\vacia\NOANIMAL_ZOO_5_6_7_9\11_20210615 (7857).JPG;0
\jabali\WILDBOAR_ZOO_5_6_7_9\48_20210418 (595).JPG;1
\gato_domestico\cat_IslandConservationCameraTraps\puertorico_23_20141229_031039_ek000802.jpg;1
\vacia\vacia_alumno_AM_2\24_20201019 (7130).JPG;0
\cervidae\CERVIDREDORFALLOWDEER_ZOO_5_6_7_9\9_20210218 (168) (2021_04_15 06_16_22 UTC).JPG;1
\caballo\HORSE_ZOO_5_6_7_9\46_20210618 (1422).JPG;1
\vacia\vacia_Paco_Carro_JC\01130494.JPG;0
\vacia\NOANIMAL_ZOO_5_6_7_9\25_20210319 (10439).JPG;0
\cervidae\corzo_alumno_2_AM_JC\DSCF0051_frame120.jpg;1
\cervidae\CERVIDREDORFALLOWDEER_ZOO_5_6_7_9\5_20210219 (1417) (2021_04_15 06_16_22 UTC).JPG;1
\gato_domestico\gato_WellingtonCameraTraps_SS\030816032538031bl233.JPG;1
\vacia\empty_SnapshotMountainZebra\MTZ_S1_E06_R3_IMAG0762.JPG;0
\cervidae\CERVIDREDORFALLOWDEER_ZOO_5_6_7_9\24_20210318 (3993).JPG;1
\vacia\empty_IslandConservationCameraTraps\puertorico_23_20150117_232851_ek001675.jpg;0
\vacia\empty_IslandConservationCameraTraps\dominicanrepublic_cam11618mayo2017_20170410_092515_img_0069.jpg;0
\vacia\NOANIMAL_ZOO_5_6_7_9\18_20210219 (4802) (2021_04_15 06_16_22 UTC).JPG;0
\vaca\COW_ZOO_5_6_7_9\17_20210318 (166).JPG;1
\zorro\zorro_PNM_2013-O_ISAAC\f1972IM000170.JPG;1
\cervidae\ciervo_vacías_humanos_PNC_2012_ME\a202IM000066.JPG;1
\vacia\vacia_Paco_Carro_JC\IMG_0956.JPG;0
\cervidae\CERVIDREDORFALLOWDEER_ZOO_5_6_7_9\37_20210319 (128).JPG;1
\leporido\2_conejo_Paco_Carro_JC\PICT2061.JPG;1
\zorro\zorro_PNC_2012_JC\a29411IM000130.JPG;1
\zorro\zorro_PNC_2013-I_RED_ME\7450IM000026.JPG;1
\vaca\COW_ZOO_5_6_7_9\2_20210319 (4569).JPG;1
\humanovehiculo\humanovehiculo_ss\26_20201020 (18844).JPG;1
\vacia\empty_IslandConservationCameraTraps\ecuador1_ic1611_20150101_000003_img_0509.jpg;0
\lince\linces_fecha_Linces2_Leo_JC\2_Lince_flecha_Linces2_Leo_JC\lince86 (136).JPG;1
\micromamiferos\micromamifero_WellingtonCameraTraps_SS\160416210636046c9481.JPG;1
\humanovehiculo\humano_vehiculo_PNM_2013-O_ISAAC\f3503IMAG0386.JPG;1
\leporido\rabbit_CaltechCameraTrap_ME\58678ebd-23d2-11e8-a6a3-ec086b02610b.jpg;1
\vacia\NOANIMAL_ZOO_5_6_7_9\21_20210418 (3323).JPG;0
\tejon\Tejon_PEPE_IREC_JC\IMAG0178_(5).JPG;1
\cervidae\ciervo_simone_2\34_20201024 (6355).JPG;1
\cervidae\ciervo_vacías_humanos_PNC_2012_ME\a7118IM000154.JPG;1
\micromamiferos\micromamiferos_Paco_Carro_JC\IMG_0802.JPG;1
\jabali\jabali_alumno_1_AM_2\28_20201019 (1783).JPG;1
\gato_domestico\Domestic cat_mammalWeb\10224.jpg;1
\mapache\raccoon_CaltechCameraTrap_ME\585c05ae-23d2-11e8-a6a3-ec086b02610b.jpg;1
\gato_domestico\gato_WellingtonCameraTraps_SS\120116193556041as533.JPG;1
\vacia\NOANIMAL_ZOO_5_6_7_9\10_20210219 (1398) (2021_04_15 06_16_22 UTC).JPG;0
\humanovehiculo\humano_vehiculo_PNM_2013-O_ISAAC\f19139IM000011.JPG;1
\leporido\rabbit_IslandConservationCameraTraps\chile_frances012013_2412201222246.jpg;1
\cervidae\CERVIDREDORFALLOWDEER_ZOO_5_6_7_9\10_20210417 (644).JPG;1
\vacia\empty_SnapshotMountainZebra\MTZ_S1_G04_R3_IMAG2002.JPG;0
\vacia\Vacio__diego_2_rev_donana\21_20201025 (5397).JPG;0
\ave\ave_ave_WellingtonCameraTraps_SS\090716164116013c5351.JPG;1
\zorro\fox_CaltechCameraTrap_ME\59751639-23d2-11e8-a6a3-ec086b02610b.jpg;1
\ave\bird_CaltechCameraTrap\58ec5778-23d2-11e8-a6a3-ec086b02610b.jpg;1
\ave\OTHERSPECIES_ZOO_1_4\15_20210117 (7184).JPG;1
\vacia\NOANIMAL_ZOO_1_4\34_20210115 (2890).JPG;0
\vacia\NOANIMAL_ZOO_5_6_7_9\49_20210418 (18990).JPG;0
\leporido\rabbit_IslandConservationCameraTraps\chile_frances022013_23052013121415.jpg;1
\jabali\WILDBOAR_ZOO_1_4\7_20210115 (89).JPG;1
\caballo\HORSE_ZOO_1_4\15_20210117 (1615).JPG;1
\vacia\NOANIMAL_ZOO_1_4\26_20201020 (3891).JPG;0
\tejon\Badger_mammalWeb\63709.jpg;1
\vacia\NOANIMAL_ZOO_1_4\6_20201812 (15141).JPG;0
\cervidae\ciervo_simone_2\34_20201024 (6433).JPG;1
\vacia\empty_IslandConservationCameraTraps\dominicanrepublic_cam0425abril2015_20130821_003747_sunp3670.jpg;0
\vaca\COW_ZOO_1_4\2_20201215 (4287).JPG;1
\vacia\NOANIMAL_ZOO_1_4\37_20201116 (8592).JPG;0
\lince\Lince_a_Linces2_Leo_JC\lince94 (134).JPG;1
\vacia\Nothing_mammalWeb\9255.jpg;0
\zorro\Zorro_Pepe_IREC\Zorro_Pepe_Irec_ME\IMAG0918_(3).JPG;1
\tejon\tejon_PNC_2014_manuel\c19298IMAG0064.JPG;1
\vacia\NOANIMAL_ZOO_5_6_7_9\21_20210418 (3826).JPG;0
\vacia\empty_SnapshotMountainZebra\MTZ_S1_G04_R3_IMAG3474.JPG;0
\cervidae\2_ciervo_Javi_3_JC\21_20201025 (1940).JPG;1
\vacia\vacia_Paco_Carro_JC\01130791 (2).JPG;0
\cervidae\CERVIDREDORFALLOWDEER_ZOO_5_6_7_9\5_20210219 (1359) (2021_04_15 06_16_22 UTC).JPG;1
\vacia\empty_IslandConservationCameraTraps\dominicanrepublic_cam1826junio2015_20150505_103822_img_2282.jpg;0
\cervidae\CERVIDREDORFALLOWDEER_ZOO_1_4\39_20201019 (448).JPG;1
\vacia\NOANIMAL_ZOO_5_6_7_9\17_20210218 (864) (2021_04_15 06_16_22 UTC).JPG;0
\zorro\zorro_PNC_2014_manuel\c9002IM000072.JPG;1
\zorro\zorro_PNC_2013-I_RED_ME\4594IM000033.JPG;1
\vacia\vacia_javi_2_JC\27_20201023 (8264).JPG;0
\vacia\empty_SnapshotMountainZebra\MTZ_S1_E06_R3_IMAG1021.JPG;0
\cervidae\deer_CaltechCameraTrap\599be6db-23d2-11e8-a6a3-ec086b02610b.jpg;1
\cervidae\CERVIDREDORFALLOWDEER_ZOO_5_6_7_9\19_20210319 (2900).JPG;1
\gato_domestico\gato_WellingtonCameraTraps_SS\0206150007580106S475.JPG;1
\vacia\empty_IslandConservationCameraTraps\dominicanrepublic_cam0425abril2015_20130815_043233_sunp2487.jpg;0
\ave\raven_IslandConservationCameraTraps\dominicanrepublic_cam1525septiembre2015_20150830_083354_img_0021.jpg;1
\cervidae\CERVIDREDORFALLOWDEER_ZOO_5_6_7_9\10_20210618 (848).JPG;1
\humanovehiculo\car_CaltechCameraTrap_ME\vehiculo\588dbde9-23d2-11e8-a6a3-ec086b02610b.jpg;1
\ave\shearwater_IslandConservationCameraTraps\chile_vaqueria2013_05122012222833.jpg;1
\zorro\zorro_Paco_Garcia_JC\IMAG0115.JPG;1
\vacia\empty_SnapshotMountainZebra\MTZ_S1_D07_R1_IMAG1320.JPG;0
\vacia\empty_IslandConservationCameraTraps\dominicanrepublic_cam1826julio2015_20150715_113326_img_2391.jpg;0
\vacia\SnampshotEnonkishu\ENO_S1_D03_R1_IMAG2994.JPG;0
\vacia\empty_IslandConservationCameraTraps\puertorico_16_20150430_150948_img_0815.jpg;0
\humanovehiculo\humano_vehiculo_PNC_2013-I_ISAAC\6693IM000009.JPG;1
\ave\Chicken_ena24\6394.jpg;1
\ave\ave_PNC_2013-O_RED_ISAAC\b5046IMAG0666.JPG;1
\vacia\NOANIMAL_ZOO_1_4\7_20210115 (3246).JPG;0
\lince\Lince_a_Linces2_Leo_JC\lince102 (94).JPG;1
\vaca\COW_ZOO_1_4\21_20201025 (3569).JPG;1
\vacia\SnampshotEnonkishu\ENO_S1_D06_R1_IMAG3089.JPG;0
\vacia\NOANIMAL_ZOO_1_4\26_20201020 (1651).JPG;0
\caballo\HORSE_ZOO_1_4\2_20201117 (286).JPG;1
\gato_domestico\cat_IslandConservationCameraTraps\palau_cam02a12132018_20181207_052240_rcnx1686.jpg;1
\lince\Lince_b_Linces2_Leo_JC\lince134 (99).JPG;1
\vacia\empty_IslandConservationCameraTraps\dominicanrepublic_cam0425abril2015_20130824_045903_sunp5231.jpg;0
\zorro\fox_CaltechCameraTrap_ME\5914ef60-23d2-11e8-a6a3-ec086b02610b.jpg;1
\lince\Lince_a_Linces2_Leo_JC\lince94 (132).JPG;1
\vaca\cow_CaltechCameraTrap\58f10638-23d2-11e8-a6a3-ec086b02610b.jpg;1
\vacia\NOANIMAL_ZOO_5_6_7_9\24_20210219 (765) (2021_04_15 06_16_22 UTC).JPG;0
\humanovehiculo\car_CaltechCameraTrap_ME\vehiculo\589e67e3-23d2-11e8-a6a3-ec086b02610b.jpg;1
\vacia\vacias_PNC_2014_manuel\c14416IMAG0124.JPG;0
\caballo\HORSE_ZOO_5_6_7_9\44_20210618 (873).JPG;1
\vacia\NOANIMAL_ZOO_5_6_7_9\41_20210218 (327) (2021_04_15 06_16_22 UTC).JPG;0
\vacia\NOANIMAL_ZOO_5_6_7_9\50_20210408 (22345).JPG;0
\mapache\raccoon_CaltechCameraTrap_ME\58aa57e5-23d2-11e8-a6a3-ec086b02610b.jpg;1
\cervidae\ciervo_vacías_humanos_PNC_2012_ME\a379IM000057.JPG;1
\vacia\NOANIMAL_ZOO_5_6_7_9\20_20210219 (439) (2021_04_15 06_16_22 UTC).JPG;0
\vacia\NOANIMAL_ZOO_1_4\37_20210115 (731).JPG;0
\humanovehiculo\HUMANORVEHICLE_ZOO_1_4\31_20201023 (21).JPG;1
\vacia\empty_IslandConservationCameraTraps\micronesia_cam16_cam16june2019_20190623080503_rcnx4672.jpg;0
\cervidae\CERVIDREDORFALLOWDEER_ZOO_5_6_7_9\12_20210219 (58) (2021_04_15 06_16_22 UTC).JPG;1
\jabali\WILDBOAR_ZOO_1_4\37_20201215 (1120).JPG;1
\leporido\conejo_Paco_Carro_JC\PICT1403.JPG;1
\vacia\vacias_PNC_2013-I_ME\560IM000021.JPG;0
\vacia\empty_IslandConservationCameraTraps\dominicanrepublic_cam0425abril2015_20130823_045359_sunp4747.jpg;0
\cervidae\ciervo_PNC_2013-I_RED_ME\9981IM000164.JPG;1
\ave\ave_Soraya_Padilla_Alumno_1_TH\DSCF0086_frame110.jpg;1
\humanovehiculo\humanovehiculo_vacías_humanos_PNC_2012_ME\a34888IMAG0006.JPG;1
\lince\Lince_b_Linces2_Leo_JC\lince161 (86).JPG;1
\caballo\caballos_alumno_AM\caballos_alumno_AM\2_20201215 (3292).JPG;1
\cervidae\ciervo_vacías_humanos_PNC_2012_ME\a52297IM000094.JPG;1
\vacia\NOANIMAL_ZOO_1_4\10_20201117 (6881).JPG;0
\cervidae\CERVIDREDORFALLOWDEER_ZOO_1_4\15_20210117 (893).JPG;1
\cervidae\CERVIDREDORFALLOWDEER_ZOO_5_6_7_9\38_20210417 (1517).JPG;1
\cervidae\ciervo_PNC_2014_ISAAC\c28398FILE0056.JPG;1
\vaca\COW_ZOO_1_4\15_20201117 (1546).JPG;1
\zorro\Zorro_PNC_2013-O_ME\b8402FILE0227.JPG;1
\jabali\WILDBOAR_ZOO_1_4\9_20201712 (1830).JPG;1
\humanovehiculo\car_CaltechCameraTrap_ME\vehiculo\58e2810e-23d2-11e8-a6a3-ec086b02610b.jpg;1
\micromamiferos\rodent_CaltechCameraTrap_JC\Roedor_ rodent_CaltechCameraTrap_JC\588dbc46-23d2-11e8-a6a3-ec086b02610b.jpg;1
\vacia\NOANIMAL_ZOO_5_6_7_9\50_20210408 (15656).JPG;0
\cervidae\CERVIDREDORFALLOWDEER_ZOO_5_6_7_9\9_20210218 (1722) (2021_04_15 06_16_22 UTC).JPG;1
\zorro\zorro_PNC_2013-O_RED_ISAAC\b17482IM000026.JPG;1
\vaca\COW_ZOO_5_6_7_9\49_20210418 (2174).JPG;1
\vacia\NOANIMAL_ZOO_1_4\37_20210115 (490).JPG;0
\vacia\NOANIMAL_ZOO_5_6_7_9\24_20210418 (8061).JPG;0
\vacia\empty_caltechCameraTraps\5957c514-23d2-11e8-a6a3-ec086b02610b.jpg;0
\jabali\WILDBOAR_ZOO_5_6_7_9\33_20210218 (188) (2021_04_15 06_16_22 UTC).JPG;1
\vacia\vacias_2_de_2_PNC_2012_ISAAC\a17543IM000058.JPG;0
\leporido\rabbit_IslandConservationCameraTraps\chile_frances012013_3012201204252.jpg;1
\zorro\zorro_PNM_2012_ME\d14340IMAG0122.JPG;1
\meloncillo\meloncillo_PNM_2012_ISAAC\d8036IMAG0068.JPG;1
\ave\bird_CaltechCameraTrap\59c99edf-23d2-11e8-a6a3-ec086b02610b.jpg;1
\vaca\COW_ZOO_5_6_7_9\9_20210615 (126).JPG;1
\jabali\WILDBOAR_ZOO_1_4\24_20201019 (524).JPG;1
\vacia\empty_IslandConservationCameraTraps\dominicanrepublic_cam12018mayo2017_20170430_131037_img_0102.jpg;0
\leporido\conejo_Paco_Carro_JC\PICT0556 (4).JPG;1
\jabali\WILDBOAR_ZOO_5_6_7_9\48_20210418 (747).JPG;1
\zorro\zorro_PNC_2014_manuel\c3882IMAG0223.JPG;1
\ave\5_Ave_Leo_Otra_fauna_PASADA_POR_LA_RED_JC\Otrafauna (339).JPG;1
\vacia\NOANIMAL_ZOO_5_6_7_9\50_20210408 (19349).JPG;0
\vacia\NOANIMAL_ZOO_5_6_7_9\39_20210615 (165).JPG;0
\lince\Lince_a_Linces2_Leo_JC\lince122 (90).JPG;1
\zorro\zorro_vacías_humanos_PNC_2012_ME\a2045IM000038.JPG;1
\jabali\Jabali_M_ME_rev_1_donana\37_20201024 (11677).JPG;1
\lince\Lince_a_Linces2_Leo_JC\Lince58 (137).JPG;1
\cervidae\CERVIDREDORFALLOWDEER_ZOO_1_4\15_20210117 (7443).JPG;1
\humanovehiculo\humanovehiculo_PNC_2014_manuel\c14549IMAG0007.JPG;1
\vacia\empty_SnapshotKaroo\KAR_S1_C04_R1_IMAG2282.JPG;0
\tejon\Tejon_PEPE_IREC_JC\IMAG0193_(2).JPG;1
\vacia\NOANIMAL_ZOO_1_4\2_20210115 (8266).JPG;0
\zorro\zorro_PNC_2013-O_RED_ISAAC\b903IM000049.JPG;1
\cervidae\ciervo_simone_2\34_20201024 (4591).JPG;1
\vacia\vacia_alumno_AM_2\30_20201021 (4111).JPG;0
\cervidae\cervidae_alumno_2_TH\34_20201024 (941).JPG;1
\cervidae\ciervo_PNC_2014_ISAAC\c30801IM000096.JPG;1
\mapache\raccoon_CaltechCameraTrap_ME\594b5ec1-23d2-11e8-a6a3-ec086b02610b.jpg;1
\vacia\vacias_PNM_2013-O_ISAAC\f16921IMAG0904.JPG;0
\vacia\Nothing_mammalWeb\16329.jpg;0
\gato_domestico\cat_CaltechCameraTrap\589b02e6-23d2-11e8-a6a3-ec086b02610b.jpg;1
\humanovehiculo\car_CaltechCameraTrap_ME\vehiculo\59d41846-23d2-11e8-a6a3-ec086b02610b.jpg;1
\vacia\empty_IslandConservationCameraTraps\ecuador1_ic1611_20150101_000005_img_1112.jpg;0
\ave\bustardkori_SnapshotKgalagai\KGA_S1_A01_R1_IMAG0596.JPG;1
\tejon\tejon_PNC_2014_manuel\c27560IM000017.JPG;1
\cervidae\cervidae_ME_rev_1_donana\21_20201025 (3818).JPG;1
\vacia\NOANIMAL_ZOO_1_4\34_20210115 (7547).JPG;0
\cervidae\CERVIDREDORFALLOWDEER_ZOO_5_6_7_9\35_20210318 (126).JPG;1
\vacia\NOANIMAL_ZOO_1_4\27_20201023 (5687).JPG;0
\vacia\empty_SnapshotMountainZebra\MTZ_S1_D06_R1_IMAG0361.JPG;0
\lince\linces_fecha_Linces2_Leo_JC\2_Lince_flecha_Linces2_Leo_JC\lince130 (538).JPG;1
\vacia\NOANIMAL_ZOO_5_6_7_9\20_20210417 (5402).JPG;0
\cervidae\cervidae_ME_rev_3_donana\30_20201021 (9149).JPG;1
\cervidae\CERVIDREDORFALLOWDEER_ZOO_5_6_7_9\5_20210319 (1834).JPG;1
\jabali\Jabali_PNC_2014_JC\c28648IM000104.JPG;1
\cervidae\CERVIDREDORFALLOWDEER_ZOO_1_4\35_20201218 (1709).JPG;1
\zorro\zorro_PNM_2013-O_ISAAC\f28755IMAG0340.JPG;1
\cervidae\ciervo_PNM_2013-O_ISAAC\f11262IM000275.JPG;1
\leporido\Lagomorpha1__diego_2_rev_donana\6_20201023 (2955).JPG;1
\zorro\zorro_PNC_2014_manuel\c13519IMAG0224.JPG;1
\humanovehiculo\HUMANORVEHICLE_ZOO_5_6_7_9\3_20210318 (16).JPG;1
\jabali\WILDBOAR_ZOO_5_6_7_9\41_20210615 (3608).JPG;1
\vacia\empty_caltechCameraTraps\59adfe08-23d2-11e8-a6a3-ec086b02610b.jpg;0
\vacia\vacias_2_de_2_PNC_2012_ISAAC\a905IM000253.JPG;0
\cervidae\cervidae_ME_rev_1_donana\7_20201025 (337).JPG;1
\vaca\cow_CaltechCameraTrap\5876805b-23d2-11e8-a6a3-ec086b02610b.jpg;1
\cervidae\CERVIDREDORFALLOWDEER_ZOO_5_6_7_9\50_20210408 (12118).JPG;1
\ave\ave_PNC_2014_manuel\c27038IMAG0008.JPG;1
\vacia\empty_SnapshotKaroo\KAR_S1_C03_R1_IMAG0114.JPG;0
\jabali\WILDBOAR_ZOO_1_4\24_20201117 (573).JPG;1
\vacia\empty_IslandConservationCameraTraps\ecuador2_ic1607_20150122_062810_img_0605.jpg;0
\vacia\SnampshotEnonkishu\ENO_S1_D02_R1_IMAG0252.JPG;0
\vacia\empty_IslandConservationCameraTraps\dominicanrepublic_cam1826julio2015_20150704_125658_img_1098.jpg;0
\humanovehiculo\humanovehiculo_PNC_2014_manuel\c15528IM000005.JPG;1
\micromamiferos\micromamiferos_Paco_Carro_JC\IMG_0807.JPG;1
\zorro\Zorro_PNC_2014_JC\c26285IM000035.JPG;1
\vacia\NOANIMAL_ZOO_5_6_7_9\2_20210417 (19381).JPG;0
\vacia\NOANIMAL_ZOO_1_4\43_20201217 (2289).JPG;0
\jabali\WILDBOAR_ZOO_5_6_7_9\20_20210219 (1180) (2021_04_15 06_16_22 UTC).JPG;1
\cervidae\CERVIDREDORFALLOWDEER_ZOO_1_4\21_20201025 (3941).JPG;1
\vacia\NOANIMAL_ZOO_5_6_7_9\32_20210218 (4358) (2021_04_15 06_16_22 UTC).JPG;0
\lince\Lince_a_Linces2_Leo_JC\Lince60 (245).JPG;1
\garduna\garduna_PNC_2013-I_RED_ME\8419IMAG0045.JPG;1
\leporido\rabbit_IslandConservationCameraTraps\chile_piedra012013_19012013234007.jpg;1
\ave\ave_ave_WellingtonCameraTraps_SS\100216081246040a6372.JPG;1
\lince\Lince_a_Linces2_Leo_JC\lince73 (2).JPG;1
\ave\ave_ave_WellingtonCameraTraps_SS\140116060138014b5022.JPG;1
\leporido\LEPORIDRABBITORHARE_ZOO_1_4\21_20201025 (2853).JPG;1
\vacia\vacia_Paco_Carro_JC\01130211.JPG;0
\leporido\LEPORIDRABBITORHARE_ZOO_5_6_7_9\11_20210418 (2731).JPG;1
\garduna\garduna_PNM_2013-O_ME\f11075IM000077.JPG;1
\vacia\vacia_alumno_1_TH\Capcap 05_frame380.jpg;0
\vacia\NOANIMAL_ZOO_1_4\15_20201117 (5684).JPG;0
\jabali\WILDBOAR_ZOO_1_4\33_20201217 (171).JPG;1
\vacia\empty_caltechCameraTraps\5a29667f-23d2-11e8-a6a3-ec086b02610b.jpg;0
\zorro\zorro_vacías_humanos_PNC_2012_ME\a277IM000136.JPG;1
\vacia\empty_SnapshotKruger\KRU_S1_2_R1_IMAG0082.JPG;0
\vacia\empty_SnapshotMountainZebra\MTZ_S1_E06_R3_IMAG1473.JPG;0
\vacia\vacias_1_de_2_PNC_2012_ISAAC\a53076IM000436.JPG;0
\vacia\NOANIMAL_ZOO_1_4\7_20210115 (571).JPG;0
\vacia\NOANIMAL_ZOO_5_6_7_9\28_20210417 (3146).JPG;0
\jabali\jabali_PNC_2014_manuel\c15979IM000158.JPG;1
\humanovehiculo\car_CaltechCameraTrap_ME\vehiculo\593ef7b6-23d2-11e8-a6a3-ec086b02610b.jpg;1
\cervidae\gamo_Javi_3_JC\21_20201025 (309).JPG;1
\cervidae\CERVIDREDORFALLOWDEER_ZOO_1_4\21_20201025 (2243).JPG;1
\zorro\zorro_PNM_2012_ME\d13859IM000040.JPG;1
\vacia\NOANIMAL_ZOO_5_6_7_9\25_20210417 (4874).JPG;0
\cervidae\CERVIDREDORFALLOWDEER_ZOO_1_4\34_20201024 (2232).JPG;1
\zorro\zorro_PNC_2012_JC\a23249IM000074.JPG;1
\cervidae\Ciervo_PNC_2014_JC\c15607IM000019.JPG;1
\zorro\REDFOX_ZOO_1_4\11_20210114 (309).JPG;1
\vacia\empty_IslandConservationCameraTraps\dominicanrepublic_cam1826junio2015_20150504_123141_img_0097.jpg;0
\zorro\Zorro_Pepe_IREC\Zorro_Pepe_Irec_ME\CA_16-04.09-19_37.JPG;1
\vacia\vacia_simone_2\37_20201024 (2136).JPG;0
\vacia\NOANIMAL_ZOO_5_6_7_9\39_20210615 (3827).JPG;0
\humanovehiculo\humanovehiculo_PNM_2013-I_ME\e5582IMAG0184.JPG;1
\vacia\NOANIMAL_ZOO_1_4\37_20201024 (9342).JPG;0
\cervidae\CERVIDREDORFALLOWDEER_ZOO_5_6_7_9\5_20210219 (1918) (2021_04_15 06_16_22 UTC).JPG;1
\vaca\COW_ZOO_1_4\15_20201024 (3055).JPG;1
\leporido\2_conejo_Paco_Carro_JC\PICT1804.JPG;1
\vacia\NOANIMAL_ZOO_1_4\7_20210115 (2902).JPG;0
\vacia\empty_IslandConservationCameraTraps\ecuador1_ic1611_20150101_000001_img_0978.jpg;0
\vacia\vacia_alumno_2_AM_JC\STC_0029_frame210.jpg;0
\ave\ave_ave_WellingtonCameraTraps_SS\30091507443203249703.JPG;1
\humanovehiculo\humanos_Paco_Carro_JC\PICT0007.JPG;1
\meloncillo\meloncillo_Leo_Otra_fauna_PASADA_POR_LA_RED_JC\Otrafauna (1687).JPG;1
\vacia\vacio_Saul Martin_FRAMES_SIN_REPETIDOS_REVISADOS_DIEGO\IMAG0010_frame200.jpg;0
\perro\dog_IslandConservationCameraTraps\dominicanrepublic_cam228noviembre2015_20151106_042629_img_0171.jpg;1
\leporido\conejo_WellingtonCameraTraps_SS\1306150248160858L013.JPG;1
\vacia\NOANIMAL_ZOO_1_4\6_20201812 (8360).JPG;0
\humanovehiculo\car_CaltechCameraTrap_ME\vehiculo\59cb3981-23d2-11e8-a6a3-ec086b02610b.jpg;1
\lince\linces_fecha_Linces2_Leo_JC\3_Lince_flecha_Linces2_Leo_JC\lince130 (523).JPG;1
\gato_domestico\cat_CaltechCameraTrap\598497f2-23d2-11e8-a6a3-ec086b02610b.jpg;1
\vacia\empty_SnapshotMountainZebra\MTZ_S1_D06_R1_IMAG2870.JPG;0
\zorro\zorro_PNC_2013-O_RED_ISAAC\b978IM000017.JPG;1
\cervidae\cervidae_vacías_humanos_PNC_2012_ME\a33641IM000134.JPG;1
\humanovehiculo\humanovehiculo_vacías_humanos_PNC_2012_ME\a49465IM000008.JPG;1
\vaca\COW_ZOO_5_6_7_9\9_20210615 (180).JPG;1
\ave\ave_ave_WellingtonCameraTraps_SS\060416143602051cs241.JPG;1
\vaca\COW_ZOO_1_4\21_20201217 (2071).JPG;1
\cervidae\CERVIDREDORFALLOWDEER_ZOO_5_6_7_9\22_20210219 (1713) (2021_04_15 06_16_22 UTC).JPG;1
\jabali\Jabali_PNC_2014_JC\c15472IM000019.JPG;1
\vacia\empty_IslandConservationCameraTraps\dominicanrepublic_cam1825abril2015_20150411_101310_img_0100.jpg;0
\humanovehiculo\humano_vehiculo_PNM_2013-O_ISAAC\f21285IM000783.JPG;1
\gato_domestico\gato_WellingtonCameraTraps_SS\280616211538033c9192.JPG;1
\vacia\empty_SnapshotKaroo\KAR_S1_B01_R1_IMAG2792.JPG;0
\cervidae\deer_CaltechCameraTrap\5a296319-23d2-11e8-a6a3-ec086b02610b.jpg;1
\ave\ave_Soraya_Padilla_Alumno_1_TH\IMAG0216_frame040.jpg;1
\caballo\HORSE_ZOO_1_4\2_20201117 (164).JPG;1
\humanovehiculo\humanovehiculo_PNC_2013-O_RED_ISAAC\b17368IM000008.JPG;1
\cervidae\CERVIDREDORFALLOWDEER_ZOO_1_4\3_20201217 (62).JPG;1
\humanovehiculo\HUMANORVEHICLE_ZOO_1_4\41_20201025 (218).JPG;1
\lince\Lince_a_Linces2_Leo_JC\lince88 (39).JPG;1
\lince\IBERIANLYNX_ZOO_1_4\37_20210115 (65).JPG;1
\zorro\zorro_PNM_2012_ISAAC\d13590IM000017.JPG;1
\humanovehiculo\humano_vehiculo_PNC_2013-I_ISAAC\4381IMAG0354.JPG;1
\vacia\empty_SnapshotMountainZebra\MTZ_S1_G04_R3_IMAG0493.JPG;0
\vacia\empty_SnapshotMountainZebra\MTZ_S1_C06_R3_IMAG2817.JPG;0
\cervidae\CERVIDREDORFALLOWDEER_ZOO_1_4\40_20201215 (2945).JPG;1
\caballo\HORSE_ZOO_1_4\2_20201215 (10132).JPG;1
\vacia\NOANIMAL_ZOO_5_6_7_9\32_20210615 (17123).JPG;0
\vacia\NOANIMAL_ZOO_5_6_7_9\31_20210318 (758).JPG;0
\gineta\gineta_Soraya_Padilla_Alumno_1_TH\STC_0191_frame090.jpg;1
\cervidae\ciervo_Javi_3_JC\21_20201025 (212).JPG;1
\vacia\NOANIMAL_ZOO_5_6_7_9\36_20210618 (5354).JPG;0
\vacia\empty_caltechCameraTraps\59ef8e1f-23d2-11e8-a6a3-ec086b02610b.jpg;0
\vacia\NOANIMAL_ZOO_1_4\43_20201217 (2222).JPG;0
\leporido\Rabbit_mammalWeb\43131.jpg;1
\vacia\vacias_2_de_2_PNC_2012_ISAAC\a43557IM000372.JPG;0
\vacia\NOANIMAL_ZOO_5_6_7_9\32_20210615 (1412).JPG;0
\jabali\jabali_javi_JC\29_20201023 (990).JPG;1
\cervidae\ciervo_PNC_2014_ISAAC\c15667IM000020.JPG;1
\caballo\HORSE_ZOO_5_6_7_9\15_20210219 (8422) (2021_04_15 06_16_22 UTC).JPG;1
\gato_domestico\Domestic cat_mammalWeb\29088.jpg;1
\caballo\HORSE_ZOO_1_4\15_20201117 (3321).JPG;1
\vacia\NOANIMAL_ZOO_1_4\26_20201020 (10567).JPG;0
\humanovehiculo\humanovehiculo_vacías_humanos_PNC_2012_ME\a47521IM000012.JPG;1
\vacia\empty_SnapshotCamdeboo\CDB_S1_F03_R2_IMAG0295.JPG;0
\cervidae\ciervo_PNC_2013-O_RED_ISAAC\b13652IM000072.JPG;1
\lince\Lince_b_Linces2_Leo_JC\lince134 (34).JPG;1
\humanovehiculo\HUMANORVEHICLE_ZOO_1_4\31_20201023 (13).JPG;1
\leporido\rabbit_IslandConservationCameraTraps\chile_piedra012013_07052013153626.jpg;1
\vacia\vacia_Paco_Carro_JC\01130580.JPG;0
\vacia\empty_IslandConservationCameraTraps\palau_cam6a12132018_20181021_120000_rcnx1015.jpg;0
\vacia\NOANIMAL_ZOO_1_4\6_20201812 (9843).JPG;0
\jabali\WILDBOAR_ZOO_1_4\9_20201118 (731).JPG;1
\humanovehiculo\humanovehiculo_PNC_2013-O_RED_ISAAC\b14539IM000040.JPG;1
\jabali\jabali_PNC_2013-I_RED_ME\8549IMAG0084.JPG;1
\vacia\NOANIMAL_ZOO_1_4\6_20201116 (4206).JPG;0
\cervidae\deer_CaltechCameraTrap\59c31a86-23d2-11e8-a6a3-ec086b02610b.jpg;1
\jabali\WILDBOAR_ZOO_1_4\29_20201117 (491).JPG;1
\vacia\empty_IslandConservationCameraTraps\ecuador1_ic1611_20150101_000001_img_0706.jpg;0
\vacia\empty_IslandConservationCameraTraps\dominicanrepublic_cam1826julio2015_20150624_132538_img_0119.jpg;0
\vacia\empty_SnapshotMountainZebra\MTZ_S1_D05_R1_IMAG0505.JPG;0
\vacia\NOANIMAL_ZOO_1_4\7_20210115 (4055).JPG;0
\jabali\WILDBOAR_ZOO_5_6_7_9\15_20210219 (10603) (2021_04_15 06_16_22 UTC).JPG;1
\cervidae\2_corzo_alumno_2_AM_JC\STC_0351_frame220.jpg;1
\leporido\rabbit_IslandConservationCameraTraps\chile_frances012013_26122012134114.jpg;1
\ave\ave_ave_WellingtonCameraTraps_SS\210116081926001c7512.JPG;1
\jabali\JABALI_PNM_2013-I_ISAAC\e4016IM000041.JPG;1
\jabali\2_jabali_alumno_2_2_TH_JC\37_20201024 (11731).JPG;1
\caballo\HORSE_ZOO_1_4\15_20201117 (7240).JPG;1
\zorro\zorro_PNM_2013-O_ISAAC\f21226IM000722.JPG;1
\vacia\empty_SnapshotMountainZebra\MTZ_S1_E06_R3_IMAG0918.JPG;0
\cervidae\ciervo_PNM_2012_ISAAC\d2408IM000699.JPG;1
\cervidae\ciervo_Javi_3_JC\8_20201029 (46).JPG;1
\vacia\vacia_alumno_AM_2\10_20201019 (3848).JPG;0
\humanovehiculo\humanovehiculo_PNM_2013-I_ME\e166IM000040.JPG;1
\vacia\NOANIMAL_ZOO_1_4\34_20210115 (8528).JPG;0
\vacia\vacias_2_de_2_PNC_2012_ISAAC\a47040IM001005.JPG;0
\vacia\NOANIMAL_ZOO_5_6_7_9\24_20210418 (7601).JPG;0
\ave\2_Estorninos_PNC_2014_JC\c30124IM000034.JPG;1
\vaca\COW_ZOO_5_6_7_9\21_20200113 (2268) (2021_04_15 06_16_22 UTC).JPG;1
\humanovehiculo\car_CaltechCameraTrap_ME\vehiculo\58d15fe3-23d2-11e8-a6a3-ec086b02610b.jpg;1
\caballo\caballos_alumno_AM\caballos_alumno_AM\9_20201712 (2287).JPG;1
\vacia\vacia_Paco_Carro_JC\01130363 (2).JPG;0
\meloncillo\Meloncillo_PEPE_IREC_JC\IMAG0080_(14).JPG;1
\vacia\NOANIMAL_ZOO_1_4\26_20201020 (14042).JPG;0
\cervidae\CERVIDREDORFALLOWDEER_ZOO_1_4\10_20201117 (149).JPG;1
\vaca\COW_ZOO_5_6_7_9\2_20210219 (1461) (2021_04_15 06_16_22 UTC).JPG;1
\cervidae\CERVIDREDORFALLOWDEER_ZOO_5_6_7_9\28_20210318 (15806).JPG;1
\vacia\NOANIMAL_ZOO_1_4\26_20201020 (2400).JPG;0
\cervidae\CERVIDREDORFALLOWDEER_ZOO_5_6_7_9\28_20210615 (3232).JPG;1
\vacia\NOANIMAL_ZOO_5_6_7_9\39_20210417 (2704).JPG;0
\mapache\raccoon_CaltechCameraTrap_ME\585c0386-23d2-11e8-a6a3-ec086b02610b.jpg;1
\gato_domestico\gato_WellingtonCameraTraps_SS\070816164730003a9481.JPG;1
\cervidae\CERVIDREDORFALLOWDEER_ZOO_5_6_7_9\10_20210319 (12013).JPG;1
\leporido\conejo_Paco_Carro_JC\PICT1504 (2).JPG;1
\humanovehiculo\car_CaltechCameraTrap_ME\vehiculo\58eac9c7-23d2-11e8-a6a3-ec086b02610b.jpg;1
\leporido\2_conejo_Paco_Carro_JC\PICT1130.JPG;1
\cervidae\CERVIDREDORFALLOWDEER_ZOO_5_6_7_9\39_20210318 (112).JPG;1
\jabali\WILDBOAR_ZOO_1_4\37_20201116 (4826).JPG;1
\vacia\vacias_1_de_2_PNC_2012_ISAAC\a38168IMAG0078.JPG;0
\lince\Lince_b_Linces2_Leo_JC\lince228 (32).jpg;1
\humanovehiculo\humano_vehiculo_PNC_2013-I_ISAAC\2337IM000006.JPG;1
\jabali\jabali_PNC_2013-I_RED_ME\8215IM000135.JPG;1
\jabali\WILDBOAR_ZOO_1_4\28_20201019 (1464).JPG;1
\cervidae\cervidae_Javi_3_JC\22_20201022 (949).JPG;1
\leporido\rabbit_IslandConservationCameraTraps\chile_frances012013_0901201340558.jpg;1
\vacia\empty_IslandConservationCameraTraps\dominicanrepublic_cam1826julio2015_20150716_110458_img_2543.jpg;0
\vacia\Nothing_mammalWeb\63830.jpg;0
\vacia\NOANIMAL_ZOO_5_6_7_9\49_20210418 (372).JPG;0
\gato_domestico\cat_CaltechCameraTrap\5880942c-23d2-11e8-a6a3-ec086b02610b.jpg;1
\zorro\zorro_PNM_2013-O_ISAAC\f8295IM000156.JPG;1
\vacia\NOANIMAL_ZOO_1_4\6_20201812 (8878).JPG;0
\vacia\NOANIMAL_ZOO_5_6_7_9\31_20210615 (4531).JPG;0
\cervidae\CERVIDREDORFALLOWDEER_ZOO_1_4\39_20210115 (1377).JPG;1
\vacia\empty_SnapshotMountainZebra\MTZ_S1_D06_R1_IMAG2906.JPG;0
\vacia\empty_SnapshotMountainZebra\MTZ_S1_D07_R1_IMAG1677.JPG;0
\vacia\empty_IslandConservationCameraTraps\dominicanrepublic_cam2015abril2015_20150420_164130_img_6314.jpg;0
\humanovehiculo\humanovehiculo_ss\13_20201025 (99).JPG;1
\zorro\Zorro_Pepe_IREC\Zorro_Pepe_Irec_ME\IMAG0072_(19).JPG;1
\jabali\WILDBOAR_ZOO_1_4\37_20201116 (4813).JPG;1
\jabali\WILDBOAR_ZOO_1_4\15_20210117 (3582).JPG;1
\vacia\empty_caltechCameraTraps\59a94beb-23d2-11e8-a6a3-ec086b02610b.jpg;0
\vacia\empty_IslandConservationCameraTraps\dominicanrepublic_cam0425abril2015_20130808_043804_sunp1154.jpg;0
\caballo\HORSE_ZOO_1_4\2_20201117 (165).JPG;1
\humanovehiculo\humanovehiculo_alumno_1_AM_2\26_20201020 (18822).JPG;1
\vacia\vacia_Soraya_Padilla_Alumno_1_TH\DSCF0099_frame060.jpg;0
\caballo\caballos_javier_JC\35_20201218 (138).JPG;1
\vacia\NOANIMAL_ZOO_1_4\34_20210115 (5485).JPG;0
\lince\Lince_a_Linces2_Leo_JC\lince128 (30).JPG;1
\lince\Lince_b_Linces2_Leo_JC\lince166 (2).JPG;1
\leporido\rabbit_IslandConservationCameraTraps\chile_piedra012013_03012013224720.jpg;1
\cervidae\CERVIDREDORFALLOWDEER_ZOO_1_4\21_20201025 (5507).JPG;1
\ave\raven_IslandConservationCameraTraps\dominicanrepublic_cam1926junio2015_20150425_064351_img_0168.jpg;1
\vacia\vacia_Paco_Carro_JC\IMG_1928.JPG;0
\vacia\empty_SnapshotMountainZebra\MTZ_S1_D06_R1_IMAG2449.JPG;0
\ave\bird_CaltechCameraTrap\58c97ad7-23d2-11e8-a6a3-ec086b02610b.jpg;1
\vacia\NOANIMAL_ZOO_5_6_7_9\32_20210318 (16358).JPG;0
\vacia\empty_SnapshotMountainZebra\MTZ_S1_E06_R3_IMAG0198.JPG;0
\cervidae\Ciervo_PNC_2012_JC\a2485IM000129.JPG;1
\vacia\NOANIMAL_ZOO_1_4\6_20201812 (9016).JPG;0
\vacia\empty_IslandConservationCameraTraps\ecuador1_cam1612_20150530_203824_img_0904.jpg;0
\leporido\rabbit_IslandConservationCameraTraps\chile_piedra012013_11032013181055.jpg;1
\leporido\rabbit_IslandConservationCameraTraps\chile_piedra012013_0801201375857.jpg;1
\lince\Lince_b_Linces2_Leo_JC\lince132 (24).JPG;1
\humanovehiculo\HUMANORVEHICLE_ZOO_5_6_7_9\19_20210618 (5399).JPG;1
\caballo\HORSE_ZOO_1_4\2_20201215 (1992).JPG;1
\vacia\NOANIMAL_ZOO_5_6_7_9\28_20210417 (181).JPG;0
\cervidae\CERVIDREDORFALLOWDEER_ZOO_1_4\21_20201025 (1035).JPG;1
\cervidae\CERVIDREDORFALLOWDEER_ZOO_5_6_7_9\33_20210615 (249).JPG;1
\leporido\conejo_leo_donana\0005573.JPG;1
\vaca\COW_ZOO_1_4\4_20210117 (4818).JPG;1
\zorro\zorro_PNC_2013-I_RED_ME\182IM000090.JPG;1
\vacia\empty_IslandConservationCameraTraps\micronesia_cam10april2019_20190412_175826_rcnx0006.jpg;0
\lince\Lince_a_Linces2_Leo_JC\lince130 (195).JPG;1
\cervidae\ciervo_Javi_3_JC\10_20201019 (1753).JPG;1
\cervidae\Ciervo_PNC_2014_JC\c539IM000138.JPG;1
\cervidae\ciervo_PNC_2014_ISAAC\c23744IMAG0085.JPG;1
\vacia\empty_SnapshotMountainZebra\MTZ_S1_D07_R1_IMAG1113.JPG;0
\vacia\vacias_1_de_2_PNC_2012_ISAAC\a41262IM000549.JPG;0
\vacia\SnampshotEnonkishu\ENO_S1_D05_R1_IMAG1596.JPG;0
\vacia\NOANIMAL_ZOO_1_4\15_20201117 (9117).JPG;0
\lince\Lince_a_Linces2_Leo_JC\lince78 (27).JPG;1
\lince\Lince_a_Linces2_Leo_JC\Lince58 (67).JPG;1
\humanovehiculo\humano_vehiculo_PNM_2013-O_ISAAC\f20309IM000063.JPG;1
\vacia\empty_SnapshotMountainZebra\MTZ_S1_D06_R1_IMAG1225.JPG;0
\vacia\vacia_alumno_2_AM\Gengen 01_frame380.jpg;0
\leporido\conejo_WellingtonCameraTraps_SS\2104150914180888S253.JPG;1
\vaca\cow_CaltechCameraTrap\5922ec1b-23d2-11e8-a6a3-ec086b02610b.jpg;1
\ave\bird_CaltechCameraTrap\59a62a9e-23d2-11e8-a6a3-ec086b02610b.jpg;1
\vacia\NOANIMAL_ZOO_1_4\26_20201020 (13325).JPG;0
\leporido\conejo_Paco_Carro_JC\PICT0164.JPG;1
\ave\bird_CaltechCameraTrap\59d75462-23d2-11e8-a6a3-ec086b02610b.jpg;1
\mapache\raccoon_CaltechCameraTrap_ME\58ede462-23d2-11e8-a6a3-ec086b02610b.jpg;1
\vacia\empty_IslandConservationCameraTraps\dominicanrepublic_cam0425abril2015_20130809_024739_sunp1490.jpg;0
\caballo\HORSE_ZOO_1_4\9_20210114 (26).JPG;1
\cervidae\2_Ciervos_PNC_2014_JC\c21849IM000014.JPG;1
\ave\OTHERSPECIES_ZOO_5_6_7_9\15_20210219 (470) (2021_04_15 06_16_22 UTC).JPG;1
\meloncillo\Meloncillo_PEPE_IREC_JC\IMAG0242_(4).JPG;1
\cervidae\CERVIDREDORFALLOWDEER_ZOO_1_4\29_20201117 (775).JPG;1
\leporido\LEPORIDRABBITORHARE_ZOO_1_4\6_20201023 (2522).JPG;1
\leporido\conejo_alumno_2_2_TH_JC\20_20201024 (368).JPG;1
\leporido\rabbit_IslandConservationCameraTraps\chile_frances022013_23042013175413.jpg;1
\vacia\NOANIMAL_ZOO_5_6_7_9\20_20210319 (590).JPG;0
\cervidae\CERVIDREDORFALLOWDEER_ZOO_1_4\21_20201025 (457).JPG;1
\cervidae\ciervo_simone_2\34_20201024 (4907).JPG;1
\lince\Lince_b_Linces2_Leo_JC\lince228 (590).JPG;1
\leporido\rabbit_CaltechCameraTrap_ME\58cb13e2-23d2-11e8-a6a3-ec086b02610b.jpg;1
\cervidae\CERVIDREDORFALLOWDEER_ZOO_1_4\35_20201218 (2203).JPG;1
\tejon\Tejon_PEPE_IREC_JC\IMAG0180_(3).JPG;1
\ave\ave_ave_WellingtonCameraTraps_SS\041116090504011c0152.JPG;1
\vacia\vacias_1_de_2_PNC_2012_ISAAC\a38516IMAG0251.JPG;0
\leporido\Rabbit_mammalWeb\34477.jpg;1
\cervidae\ciervo_Javi_3_JC\21_20201025 (1892).JPG;1
\lince\Lince_a_Linces2_Leo_JC\Lince52 (70).JPG;1
\leporido\conejo_leo_donana\0008667.JPG;1
\humanovehiculo\humano_vehiculo_PNC_2013-I_ISAAC\4355IMAG0327.JPG;1
\vacia\empty_SnapshotMountainZebra\MTZ_S1_D07_R1_IMAG2450.JPG;0
\humanovehiculo\humano_vehiculo_PNM_2012_ISAAC\d63IM000003.JPG;1
\vacia\NOANIMAL_ZOO_1_4\21_20201025 (36).JPG;0
\vacia\NOANIMAL_ZOO_1_4\6_20201812 (8871).JPG;0
\cervidae\CERVIDREDORFALLOWDEER_ZOO_1_4\21_20201119 (3445).JPG;1
\zorro\zorro_PNM_2013-O_ISAAC\f20889IM000391.JPG;1
\vacia\NOANIMAL_ZOO_5_6_7_9\24_20210318 (16760).JPG;0
\cervidae\CERVIDREDORFALLOWDEER_ZOO_5_6_7_9\32_20210218 (1042) (2021_04_15 06_16_22 UTC).JPG;1
\tejon\EUROPEANBADGER_ZOO_5_6_7_9\41_20210318 (3135).JPG;1
\zorro\zorro_vacías_humanos_PNC_2012_ME\a28925IM000050.JPG;1
\gato_domestico\gato_WellingtonCameraTraps_SS\1407150424080952S193.JPG;1
\humanovehiculo\humanovehiculo_vacías_humanos_PNC_2012_ME\a17558IM000074.JPG;1
\vacia\NOANIMAL_ZOO_5_6_7_9\32_20210615 (7242).JPG;0
\cervidae\Ciervo_PNC_2014_JC\c16069IM000060.JPG;1
\jabali\WILDBOAR_ZOO_1_4\42_20201218 (123).JPG;1
\cervidae\CERVIDREDORFALLOWDEER_ZOO_1_4\34_20201116 (1772).JPG;1
\vacia\empty_SnapshotKaroo\KAR_S1_C03_R1_IMAG1102.JPG;0
\cervidae\CERVIDREDORFALLOWDEER_ZOO_1_4\40_20201215 (326).JPG;1
\cervidae\CERVIDREDORFALLOWDEER_ZOO_5_6_7_9\15_20210219 (6663) (2021_04_15 06_16_22 UTC).JPG;1
\ave\OTHERSPECIES_ZOO_5_6_7_9\36_20210219 (1056) (2021_04_15 06_16_22 UTC).JPG;1
\cervidae\CERVIDREDORFALLOWDEER_ZOO_1_4\18_20200130 (897).JPG;1
\caballo\HORSE_ZOO_1_4\15_20201117 (8211).JPG;1
\cervidae\ciervo_Javi_3_JC\25_20201024 (359).JPG;1
\vacia\NOANIMAL_ZOO_5_6_7_9\24_20210318 (11834).JPG;0
\vacia\empty_IslandConservationCameraTraps\dominicanrepublic_cam11518mayo2017a_20170127_101511_img_0249.jpg;0
\vacia\NOANIMAL_ZOO_1_4\26_20201020 (8909).JPG;0
\leporido\2_conejo_Leo_Otra_fauna_PASADA_POR_LA_RED_JC\Otrafauna (1205).JPG;1
\cervidae\CERVIDREDORFALLOWDEER_ZOO_1_4\18_unknowndate (1821).JPG;1
\vacia\NOANIMAL_ZOO_1_4\34_20210115 (2720).JPG;0
\vacia\NOANIMAL_ZOO_5_6_7_9\50_20210417 (25096).JPG;0
\mapache\raccoon_CaltechCameraTrap_ME\59df5bef-23d2-11e8-a6a3-ec086b02610b.jpg;1
\jabali\WILDBOAR_ZOO_1_4\20_20210115 (601).JPG;1
\cervidae\CERVIDREDORFALLOWDEER_ZOO_5_6_7_9\5_20210319 (2975).JPG;1
\vacia\NOANIMAL_ZOO_1_4\6_20201812 (9260).JPG;0
\cervidae\ciervo_PNC_2014_ISAAC\c9796IM000046.JPG;1
\humanovehiculo\car_CaltechCameraTrap_ME\vehiculo\5a096936-23d2-11e8-a6a3-ec086b02610b.jpg;1
\ave\ave_Soraya_Padilla_Alumno_1_TH\DSCF0031_frame110.jpg;1
\vacia\empty_IslandConservationCameraTraps\dominicanrepublic_cam0425abril2015_20130828_052430_sunp6849.jpg;0
\mapache\raccoon_CaltechCameraTrap_ME\59279b2d-23d2-11e8-a6a3-ec086b02610b.jpg;1
\vacia\NOANIMAL_ZOO_5_6_7_9\36_20210618 (874).JPG;0
\jabali\WILDBOAR_ZOO_1_4\11_20201217 (45).JPG;1
\zorro\zorro_PNC_2013-O_RED_ISAAC\b15356IMAG0280.JPG;1
\cervidae\2_ciervo_alumno_2_TH\34_20201024 (2381).JPG;1
\vacia\NOANIMAL_ZOO_5_6_7_9\13_20210218 (1302) (2021_04_15 06_16_22 UTC).JPG;0
\cervidae\CERVIDREDORFALLOWDEER_ZOO_1_4\21_20201025 (4777).JPG;1
\humanovehiculo\HUMANORVEHICLE_ZOO_1_4\21_20201119 (5043).JPG;1
\vaca\cow_CaltechCameraTrap\58910d10-23d2-11e8-a6a3-ec086b02610b.jpg;1
\vacia\vacia_alumno_1_AM\26_20201020 (2532).JPG;0
\vacia\vacio_Saul Martin_FRAMES_SIN_REPETIDOS_REVISADOS_DIEGO\IMAG0026_frame420.jpg;0
\humanovehiculo\humano_vehículo_alumno_2_AM_JC\Persona_frame100.jpg;1
\humanovehiculo\HUMANORVEHICLE_ZOO_5_6_7_9\38_20210319 (7352).JPG;1
\cervidae\ciervo_PNC_2013-O_RED_ISAAC\b12402IM000033.JPG;1
\cervidae\Ciervo_PNC_2014_JC\c6717IM000068.JPG;1
\vacia\vacia_Paco_Carro_JC\01130581.JPG;0
\ave\ave_ave_WellingtonCameraTraps_SS\110216092650039a1161.JPG;1
\vacia\NOANIMAL_ZOO_1_4\6_20201812 (13875).JPG;0
\vacia\vacias_2_de_2_PNC_2012_ISAAC\a7775IM000091.JPG;0
\jabali\jabali_Saul Martin_FRAMES_SIN_REPETIDOS_REVISADOS_DIEGO\IMAG0023_frame440.jpg;1
\vacia\empty_IslandConservationCameraTraps\dominicanrepublic_cam0425abril2015_20130815_052813_sunp2646.jpg;0
\cervidae\ciervo_simone_2\34_20201024 (6106).JPG;1
\vacia\empty_SnapshotMountainZebra\MTZ_S1_D05_R1_IMAG1397.JPG;0
\vacia\empty_IslandConservationCameraTraps\dominicanrepublic_cam0425abril2015_20130820_003736_sunp3245.jpg;0
\cervidae\cervicidae_alumno_TH_3_TH_JC\40_20201024 (253).JPG;1
\cervidae\deer_CaltechCameraTrap\59e5e015-23d2-11e8-a6a3-ec086b02610b.jpg;1
\tejon\Tejon_PEPE_IREC_JC\IMAG1306.JPG;1
\ave\bird_CaltechCameraTrap\5919983e-23d2-11e8-a6a3-ec086b02610b.jpg;1
\cervidae\CERVIDREDORFALLOWDEER_ZOO_5_6_7_9\28_20210417 (1479).JPG;1
\cervidae\CERVIDREDORFALLOWDEER_ZOO_5_6_7_9\19_20210417 (981).JPG;1
\vacia\empty_SnapshotMountainZebra\MTZ_S1_D06_R1_IMAG0773.JPG;0
\vacia\NOANIMAL_ZOO_1_4\26_20201020 (17712).JPG;0
\jabali\WILDBOAR_ZOO_1_4\37_20201024 (8249).JPG;1
\vacia\empty_caltechCameraTraps\5954a88b-23d2-11e8-a6a3-ec086b02610b.jpg;0
\ave\Woodpigeon_mammalWeb\34024.jpg;1
\cervidae\2_ciervo_Javi_3_JC\21_20201025 (1722).JPG;1
\jabali\WILDBOAR_ZOO_5_6_7_9\41_20210615 (2913).JPG;1
\vacia\NOANIMAL_ZOO_1_4\6_20201812 (15292).JPG;0
\ave\Petirrojo_PNC_2013-O_ME\b20285IMAG0346.JPG;1
\zorro\zorro_PNC_2014_manuel\c2671IM000210.JPG;1
\zorro\Zorro_PNC_2014_JC\c4274IM000051.JPG;1
\caballo\caballos_alumno_AM\caballos_alumno_AM\28_20201117 (655).JPG;1
\cervidae\CERVIDREDORFALLOWDEER_ZOO_1_4\17_20210114 (2815).JPG;1
\vacia\NOANIMAL_ZOO_1_4\15_20201024 (3522).JPG;0
\humanovehiculo\humanovehiculo_PNC_2014_manuel\c15195IMAG0654.JPG;1
\vaca\COW_ZOO_5_6_7_9\9_20210615 (121).JPG;1
\zorro\zorro_PNC_2014_manuel\c4706IM000120.JPG;1
\vaca\cow_CaltechCameraTrap\589e6705-23d2-11e8-a6a3-ec086b02610b.jpg;1
\gato_domestico\gato_WellingtonCameraTraps_SS\23111516365808586372.JPG;1
\ave\ave_ave_WellingtonCameraTraps_SS\110116172340043b5172.JPG;1
\micromamiferos\RATON CAMPO_PNM_2012_ISAAC\d339IM000095.JPG;1
\vacia\vacia_alumno_TH_3_TH_JC\26_20201020 (689).JPG;0
\caballo\HORSE_ZOO_1_4\15_20210117 (1606).JPG;1
\cervidae\CERVIDREDORFALLOWDEER_ZOO_1_4\21_20201025 (5152).JPG;1
\leporido\Lagomorpha1__diego_1_rev_donana\6_20201023 (679).JPG;1
\gato_domestico\gato_WellingtonCameraTraps_SS\170416005322017b7513.JPG;1
\zorro\zorro_Leo_Otra_fauna_PASADA_POR_LA_RED_JC\Otrafauna (1661).JPG;1
\cervidae\CERVIDREDORFALLOWDEER_ZOO_5_6_7_9\28_20210615 (1482).JPG;1
\lince\Lince_a_Linces2_Leo_JC\Lince48 (64).JPG;1
\ave\bird_CaltechCameraTrap\5949ced7-23d2-11e8-a6a3-ec086b02610b.jpg;1
\cervidae\CERVIDREDORFALLOWDEER_ZOO_5_6_7_9\37_20210319 (153).JPG;1
\humanovehiculo\car_CaltechCameraTrap_ME\vehiculo\58718418-23d2-11e8-a6a3-ec086b02610b.jpg;1
\gato_domestico\cat_IslandConservationCameraTraps\chile_frances012013_03012013173759.jpg;1
\lince\Lince_a_Linces2_Leo_JC\Lince59 (34).JPG;1
\cervidae\CERVIDREDORFALLOWDEER_ZOO_1_4\34_20201024 (6586).JPG;1
\humanovehiculo\humanovehiculo_ss\18_20201024 (15).JPG;1
\caballo\HORSE_ZOO_1_4\2_20210115 (10791).JPG;1
\vacia\empty_IslandConservationCameraTraps\dominicanrepublic_cam1823agosto2015_20150730_113225_img_0024.jpg;0
\vacia\NOANIMAL_ZOO_1_4\4_20210117 (1561).JPG;0
\humanovehiculo\HUMANORVEHICLE_ZOO_5_6_7_9\50_20210616 (22).JPG;1
\cervidae\ciervo_Paco_Carro_JC\PICT0580.JPG;1
\jabali\WILDBOAR_ZOO_1_4\4_20210117 (2505).JPG;1
\jabali\WILDBOAR_ZOO_5_6_7_9\31_20210219 (1268) (2021_04_15 06_16_22 UTC).JPG;1
\vacia\NOANIMAL_ZOO_1_4\6_20201812 (12753).JPG;0
\cervidae\deer_CaltechCameraTrap\58910e55-23d2-11e8-a6a3-ec086b02610b.jpg;1
\cervidae\CERVIDREDORFALLOWDEER_ZOO_5_6_7_9\35_20210218 (1136) (2021_04_15 06_16_22 UTC).JPG;1
\cervidae\cervidae_ME_rev_1_donana\37_20201024 (11822).JPG;1
\leporido\rabbit_IslandConservationCameraTraps\chile_frances012013_22122012180613.jpg;1
\vacia\SnampshotEnonkishu\ENO_S1_D06_R1_IMAG4110.JPG;0
\cervidae\CERVIDREDORFALLOWDEER_ZOO_5_6_7_9\47_20210615 (1284).JPG;1
\vacia\NOANIMAL_ZOO_5_6_7_9\11_20210218 (909) (2021_04_15 06_16_22 UTC).JPG;0
\vacia\empty_IslandConservationCameraTraps\dominicanrepublic_cam0425abril2015_20130823_083237_sunp4963.jpg;0
\leporido\2_conejo_Paco_Carro_JC\PICT2399.JPG;1
\cervidae\CIERVO_PNM_2012_ISAAC\d16007FILE0011.JPG;1
\cervidae\CERVIDREDORFALLOWDEER_ZOO_1_4\15_20210117 (9071).JPG;1
\vacia\vacia_alumno_AM_2\25_20201024 (306).JPG;0
\jabali\WILDBOAR_ZOO_5_6_7_9\48_20210418 (72).JPG;1
\vacia\NOANIMAL_ZOO_5_6_7_9\35_20210218 (347) (2021_04_15 06_16_22 UTC).JPG;0
\ave\OTHERSPECIES_ZOO_1_4\17_20201225 (528).JPG;1
\cervidae\CERVIDREDORFALLOWDEER_ZOO_5_6_7_9\9_20210615 (3204).JPG;1
\vacia\vacias_1_de_2_PNC_2012_ISAAC\a49711IM000147.JPG;0
\vaca\cow_CaltechCameraTrap\592ac11e-23d2-11e8-a6a3-ec086b02610b.jpg;1
\garduna\garduña_Saul Martin_FRAMES_SIN_REPETIDOS_REVISADOS_DIEGO\IMAG0038_frame320.jpg;1
\cervidae\CERVIDREDORFALLOWDEER_ZOO_5_6_7_9\20_20210319 (14621).JPG;1
\jabali\WILDBOAR_ZOO_1_4\37_20201116 (4627).JPG;1
\cervidae\ciervo_ss\19_20201023 (26).JPG;1
\vacia\NOANIMAL_ZOO_1_4\7_20210115 (1876).JPG;0
\vacia\NOANIMAL_ZOO_1_4\2_20201117 (4382).JPG;0
\cervidae\corzo_alumno_1_TH\Capcap (10)_frame280.jpg;1
\zorro\zorro_PNM_2012_ISAAC\d14767IMAG0031.JPG;1
\vacia\NOANIMAL_ZOO_1_4\7_20210115 (2754).JPG;0
\cervidae\CERVIDREDORFALLOWDEER_ZOO_1_4\19_20210115 (30).JPG;1
\cervidae\gamo_buscar_cab_isaac_sin_contar\9_20201118 (238).JPG;1
\vaca\COW_ZOO_1_4\21_20201217 (4484).JPG;1
\vacia\vacias_PNM_2013-O_ISAAC\f26554IMAG0046.JPG;0
\humanovehiculo\car_CaltechCameraTrap_ME\vehiculo\59ccd234-23d2-11e8-a6a3-ec086b02610b.jpg;1
\cervidae\CERVIDREDORFALLOWDEER_ZOO_1_4\39_20201019 (438).JPG;1
\vacia\vacia_alumno_2_AM\Neovis 4_frame340.jpg;0
\vacia\NOANIMAL_ZOO_1_4\26_20201020 (15744).JPG;0
\caballo\HORSE_ZOO_1_4\2_20201215 (1824).JPG;1
\cervidae\Ciervo_PNC_2012_JC\a29189IM000072.JPG;1
\zorro\zorro_PNM_2013-O_ISAAC\f17285IM000229.JPG;1
\cervidae\ciervo_vacías_humanos_PNC_2012_ME\a33736IM000235.JPG;1
\perro\dog_caltechCameraTraps\597fee02-23d2-11e8-a6a3-ec086b02610b.jpg;1
\vaca\COW_ZOO_5_6_7_9\21_20210418 (1023).JPG;1
\vacia\NOANIMAL_ZOO_5_6_7_9\39_20210615 (33).JPG;0
\perro\perros_ME_CASA\IMG_0076.JPG;1
\cervidae\ciervo_PNM_2012_ISAAC\d3479IM000040.JPG;1
\ave\petrel_chick_IslandConservationCameraTraps\ecuador2_ic1618_20181108_021830_img_0150.jpg;1
\vacia\Nothing_mammalWeb\61290.jpg;0
\lince\linces_Linces2_Leo_JC\2_Lince_Linces2_Leo_JC\lince183 (1).JPG;1
\vaca\COW_ZOO_5_6_7_9\21_20210418 (2537).JPG;1
\leporido\rabbit_CaltechCameraTrap_ME\59da8b8b-23d2-11e8-a6a3-ec086b02610b.jpg;1
\ave\ave_ave_WellingtonCameraTraps_SS\051016172626003bs521.JPG;1
\humanovehiculo\humanovehiculo_Paco_Carro_camarasliron_4_2_PASADAS_POR_LA_RED_JC\MDGC0108.JPG;1
\cervidae\Ciervo_PNC_2012_JC\a44378IM000059.JPG;1
\meloncillo\Meloncillo_PEPE_IREC_JC\IMAG0063_(13).JPG;1
\vacia\vacias_PNM_2013-O_ISAAC\f952IM000862.JPG;0
\micromamiferos\rat_IslandConservationCameraTraps\micronesia_cam03april2019_20190411_203659_rcnx0146.jpg;1
\vacia\NOANIMAL_ZOO_5_6_7_9\2_20210417 (18813).JPG;0
\vaca\COW_ZOO_1_4\21_20201025 (3510).JPG;1
\vacia\vacia_Paco_Carro_JC\IMG_1042.JPG;0
\humanovehiculo\humanovehiculo_vacías_humanos_PNC_2012_ME\a30464IM000016.JPG;1
\humanovehiculo\humanovehiculo_Caltech\598de7aa-23d2-11e8-a6a3-ec086b02610b.jpg;1
\mapache\raccoon_CaltechCameraTrap_ME\591fd0d5-23d2-11e8-a6a3-ec086b02610b.jpg;1
\ave\ave_Paco_Carro_JC\IMG_0127.JPG;1
\leporido\LEPORIDRABBITORHARE_ZOO_1_4\6_20201023 (2156).JPG;1
\vacia\NOANIMAL_ZOO_5_6_7_9\2_20210417 (17849).JPG;0
\jabali\WILDBOAR_ZOO_1_4\37_20201024 (772).JPG;1
\lince\Lince_a_Linces2_Leo_JC\Lince60 (183).jpg;1
\vacia\empty_IslandConservationCameraTraps\dominicanrepublic_cam1826julio2015_20150625_090435_img_0143.jpg;0
\vaca\COW_ZOO_5_6_7_9\2_20210219 (1482) (2021_04_15 06_16_22 UTC).JPG;1
\ave\ave_ave_WellingtonCameraTraps_SS\060716085212034bs391.JPG;1
\tejon\Tejon_Leo_Otra_fauna_PASADA_POR_LA_RED_JC\Otrafauna (619).JPG;1
\jabali\jabali_PNC_2014_manuel\c26819IMAG0199.JPG;1
\cervidae\3_ciervo_simone_2\34_20201024 (3901).JPG;1
\jabali\jabali_PNC_2014_manuel\c15929IM000105.JPG;1
\jabali\jabali_PNC_2013-I_RED_ME\9307IM000092.JPG;1
\micromamiferos\rat_IslandConservationCameraTraps\micronesia_cam06_cam06june2019_pig_20190629195047_1954.jpg;1
\humanovehiculo\humanovehiculo_Caltech\598f76fd-23d2-11e8-a6a3-ec086b02610b.jpg;1
\ave\bird_CaltechCameraTrap\58a6e69a-23d2-11e8-a6a3-ec086b02610b.jpg;1
\vacia\NOANIMAL_ZOO_1_4\26_20201020 (17123).JPG;0
\vacia\NOANIMAL_ZOO_1_4\6_20201116 (6621).JPG;0
\vacia\empty_SnapshotMountainZebra\MTZ_S1_D05_R1_IMAG2160.JPG;0
\vacia\NOANIMAL_ZOO_5_6_7_9\49_20210615 (2280).JPG;0
\vacia\empty_IslandConservationCameraTraps\dominicanrepublic_cam0317abril2015_20130727_162804_sunp0043.jpg;0
\ave\shearwater_IslandConservationCameraTraps\chile_piedra012013_1201201340732.jpg;1
\vacia\vacia_alumno_TH_3_TH_JC\30_20201021 (13288).JPG;0
\ave\ave_ave_WellingtonCameraTraps_SS\010816162018040bs393.JPG;1
\vacia\NOANIMAL_ZOO_1_4\6_20201812 (12160).JPG;0
\leporido\conejo_WellingtonCameraTraps_SS\170116131504015b5024.JPG;1
\cervidae\CERVIDREDORFALLOWDEER_ZOO_1_4\34_20201116 (1944).JPG;1
\vacia\NOANIMAL_ZOO_5_6_7_9\28_20210318 (13680).JPG;0
\vacia\NOANIMAL_ZOO_5_6_7_9\2_20210417 (15474).JPG;0
\jabali\Jabali_PNC_2014_JC\c27112IMAG0054.JPG;1
\zorro\Zorro_PNC_2014_JC\c24976IM000085.JPG;1
\lince\Lince_b_Linces2_Leo_JC\lince161 (81).JPG;1
\vacia\NOANIMAL_ZOO_5_6_7_9\49_20210418 (906).JPG;0
\vaca\COW_ZOO_5_6_7_9\9_20210615 (1758).JPG;1
\ave\ave_Soraya_Padilla_Alumno_1_TH\IMAG0216_frame080.jpg;1
\cervidae\CERVIDREDORFALLOWDEER_ZOO_1_4\2_20201117 (2632).JPG;1
\ave\short-eared_owl_IslandConservationCameraTraps\ecuador2_ic1605_20181024_050116_img_0162.jpg;1
\humanovehiculo\car_CaltechCameraTrap_ME\vehiculo\5880959b-23d2-11e8-a6a3-ec086b02610b.jpg;1
\jabali\WILDBOAR_ZOO_1_4\29_20201023 (485).JPG;1
\zorro\zorro_PNM_2012_ISAAC\d3321IM000011.JPG;1
\vacia\empty_IslandConservationCameraTraps\puertorico_2a_20150110_091400_img_0144.jpg;0
\vacia\vacia_Paco_Carro_JC\IMG_0745 (2).JPG;0
\cervidae\ciervo_Javi_3_JC\21_20201025 (1266).JPG;1
\vacia\NOANIMAL_ZOO_1_4\37_20210115 (3391).JPG;0
\micromamiferos\Small rodent_mammalWeb\130762.jpg;1
\caballo\HORSE_ZOO_5_6_7_9\15_20210219 (4717) (2021_04_15 06_16_22 UTC).JPG;1
\zorro\zorro_PNM_2012_ME\d13492IM000121.JPG;1
\vacia\NOANIMAL_ZOO_5_6_7_9\2_20210417 (17105).JPG;0
\vaca\cow_CaltechCameraTrap\593bdb80-23d2-11e8-a6a3-ec086b02610b.jpg;1
\vacia\vacias_2_de_2_PNC_2012_ISAAC\a30581IM000133.JPG;0
\jabali\WILDBOAR_ZOO_1_4\31_20210115 (417).JPG;1
\lince\linces_fecha_Linces2_Leo_JC\2_Lince_flecha_Linces2_Leo_JC\lince147 (62).JPG;1
\vacia\vacias_1_de_2_PNC_2012_ISAAC\a37830IM001044.JPG;0
\vacia\NOANIMAL_ZOO_5_6_7_9\2_20210417 (22349).JPG;0
\cervidae\CERVIDREDORFALLOWDEER_ZOO_1_4\37_20210115 (1082).JPG;1
\perro\dog_caltechCameraTraps\597830e7-23d2-11e8-a6a3-ec086b02610b.jpg;1
\humanovehiculo\humano_vehiculo_PNM_2013-O_ISAAC\f21274IM000772.JPG;1
\humanovehiculo\humanovehiculo_Caltech\5a130973-23d2-11e8-a6a3-ec086b02610b.jpg;1
\leporido\rabbit_IslandConservationCameraTraps\chile_frances022013_17042013155431.jpg;1
\vaca\3_vaca_Paco_Carro_JC\PICT0040.JPG;1
\cervidae\CERVIDREDORFALLOWDEER_ZOO_1_4\34_20201024 (808).JPG;1
\vacia\empty_SnapshotMountainZebra\MTZ_S1_D07_R1_IMAG2138.JPG;0
\cervidae\2_ciervo_PNC_2013-I_ME\7597IM000168.JPG;1
\humanovehiculo\humanovehiculo_PNC_2014_manuel\c12461IMAG0004.JPG;1
\vacia\empty_IslandConservationCameraTraps\dominicanrepublic_cam2015abril2015_20150319_161424_img_0579.jpg;0
\vaca\COW_ZOO_5_6_7_9\9_20210615 (2394).JPG;1
\leporido\Conejo_PNM_2013-0_ME\f28158IMAG0729.JPG;1
\vacia\NOANIMAL_ZOO_1_4\15_20210117 (293).JPG;0
\jabali\WILDBOAR_ZOO_1_4\7_20201118 (2643).JPG;1
\vacia\NOANIMAL_ZOO_5_6_7_9\32_20210218 (5074) (2021_04_15 06_16_22 UTC).JPG;0
\gato_domestico\cat_CaltechCameraTrap\5896098f-23d2-11e8-a6a3-ec086b02610b.jpg;1
\vacia\NOANIMAL_ZOO_1_4\43_20201217 (2160).JPG;0
\zorro\Zorro_PNC_2014_JC\c21624IM000181.JPG;1
\vacia\Nothing_mammalWeb\40747.jpg;0
\vacia\empty_IslandConservationCameraTraps\dominicanrepublic_cam0425abril2015_20130828_032102_sunp6735.jpg;0
\gato_domestico\gato_WellingtonCameraTraps_SS\2104150809340379L133.JPG;1
\ave\bird_CaltechCameraTrap\595191cf-23d2-11e8-a6a3-ec086b02610b.jpg;1
\cervidae\deer_CaltechCameraTrap\59e918e2-23d2-11e8-a6a3-ec086b02610b.jpg;1
\cervidae\ciervo_PNM_2013-O_ISAAC\f29398IMAG0976.JPG;1
\vacia\empty_SnapshotKaroo\KAR_S1_E02_R1_IMAG5610.JPG;0
\vacia\vacias_PNM_2013-O_ISAAC\f11926IM000092.JPG;0
\leporido\rabbit_CaltechCameraTrap_ME\5942114c-23d2-11e8-a6a3-ec086b02610b.jpg;1
\vacia\empty_SnapshotMountainZebra\MTZ_S1_G04_R3_IMAG1788.JPG;0
\lince\Lince_b_Linces2_Leo_JC\lince224 (241).JPG;1
\ave\ave_ave_WellingtonCameraTraps_SS\061116093254048cs331.JPG;1
\vacia\empty_caltechCameraTraps\5a0495a9-23d2-11e8-a6a3-ec086b02610b.jpg;0
\vacia\vacias_1_de_2_PNC_2012_ISAAC\a39019IMAG0767.JPG;0
\cervidae\CERVIDREDORFALLOWDEER_ZOO_5_6_7_9\28_20210318 (15374).JPG;1
\vacia\NOANIMAL_ZOO_5_6_7_9\2_20210618 (9630).JPG;0
\vaca\COW_ZOO_5_6_7_9\2_20210319 (4564).JPG;1
\micromamiferos\rat_IslandConservationCameraTraps\palau_cam6a12132018_20181124_014423_rcnx1542.jpg;1
\cervidae\CERVIDREDORFALLOWDEER_ZOO_5_6_7_9\39_20210318 (218).JPG;1
\caballo\caballo_Paco_Carro_JC\PICT0497.JPG;1
\vaca\COW_ZOO_1_4\21_20201119 (1776).JPG;1
\vacia\Nothing_mammalWeb\48936.jpg;0
\ave\raven_IslandConservationCameraTraps\dominicanrepublic_cam10517mayo2017_20170316_102612_img_0080.jpg;1
\vaca\COW_ZOO_1_4\21_20201119 (4954).JPG;1
\jabali\WILDBOAR_ZOO_5_6_7_9\11_20210218 (82) (2021_04_15 06_16_22 UTC).JPG;1
\vaca\COW_ZOO_1_4\15_20201117 (1368).JPG;1
\vacia\NOANIMAL_ZOO_5_6_7_9\25_20210319 (9259).JPG;0
\vacia\NOANIMAL_ZOO_1_4\26_20201020 (15603).JPG;0
\ave\ave_ave_WellingtonCameraTraps_SS\041016182208022c8802.JPG;1
\vacia\empty_IslandConservationCameraTraps\dominicanrepublic_cam0527septiembre2015_20130803_085812_sunp0201.jpg;0
\cervidae\Ciervo_PNC_2014_JC\c23428IM000053.JPG;1
\cervidae\ciervo_PNM_2013-O_ISAAC\f5173IM000077.JPG;1
\vacia\empty_SnapshotMountainZebra\MTZ_S1_G04_R3_IMAG0606.JPG;0
\ave\ave_ave_WellingtonCameraTraps_SS\020116133530046bs172.JPG;1
\zorro\zorro_PNC_2014_manuel\c13568IMAG0046.JPG;1
\vaca\COW_ZOO_5_6_7_9\9_20210615 (1855).JPG;1
\vacia\vacias_1_de_2_PNC_2012_ISAAC\a39281IMAG1028.JPG;0
\ave\OTHERSPECIES_ZOO_5_6_7_9\38_20210618 (1442).JPG;1
\cervidae\CERVIDREDORFALLOWDEER_ZOO_5_6_7_9\28_20210615 (738).JPG;1
\humanovehiculo\HUMANORVEHICLE_ZOO_5_6_7_9\19_20210618 (13).JPG;1
\vacia\vacia_alumno_1_TH\Nada (34)_frame080.jpg;0
\lince\Lince_a_Linces2_Leo_JC\Lince53 (273).JPG;1
\cervidae\CERVIDREDORFALLOWDEER_ZOO_5_6_7_9\28_20210615 (785).JPG;1
\cervidae\deer_CaltechCameraTrap\590ebc99-23d2-11e8-a6a3-ec086b02610b.jpg;1
\meloncillo\2_Meloncillo_PEPE_IREC_JC\IMAG0134_(2).JPG;1
\vacia\empty_IslandConservationCameraTraps\ecuador2_ic1618_20181025_133933_img_0019.jpg;0
\jabali\WILDBOAR_ZOO_1_4\37_20210115 (568).JPG;1
\cervidae\CERVIDREDORFALLOWDEER_ZOO_5_6_7_9\17_20210218 (891) (2021_04_15 06_16_22 UTC).JPG;1
\vacia\vacia_javi_2_JC\27_20201023 (4382).JPG;0
\vacia\vacia_Paco_Carro_JC\01130482 (2).JPG;0
\ave\bird_CaltechCameraTrap\59531bd7-23d2-11e8-a6a3-ec086b02610b.jpg;1
\vacia\empty_IslandConservationCameraTraps\dominicanrepublic_cam1826julio2015_20150626_122327_img_0288.jpg;0
\cervidae\CERVIDREDORFALLOWDEER_ZOO_1_4\21_20201025 (2006).JPG;1
\vacia\vacias_1_de_2_PNC_2012_ISAAC\a41248IM000534.JPG;0
\vacia\vacio_Saul Martin_FRAMES_SIN_REPETIDOS_REVISADOS_DIEGO\IMAG0034_frame440.jpg;0
\caballo\HORSE_ZOO_1_4\10_20201117 (1412).JPG;1
\ave\OTHERSPECIES_ZOO_5_6_7_9\10_20210618 (4674).JPG;1
\jabali\WILDBOAR_ZOO_1_4\20_20210115 (1429).JPG;1
\vacia\NOANIMAL_ZOO_5_6_7_9\24_20210318 (5643).JPG;0
\humanovehiculo\HUMANORVEHICLE_ZOO_1_4\12_20201118 (366).JPG;1
\micromamiferos\rodent_CaltechCameraTrap_JC\Roedor_ rodent_CaltechCameraTrap_JC\58dc4b18-23d2-11e8-a6a3-ec086b02610b.jpg;1
\vacia\NOANIMAL_ZOO_5_6_7_9\39_20210615 (1614).JPG;0
\cervidae\CERVIDREDORFALLOWDEER_ZOO_1_4\34_20201024 (2238).JPG;1
\cervidae\cervidae_mancha\c18804IMAG0138.JPG;1
\cervidae\deer_CaltechCameraTrap\59ef8b80-23d2-11e8-a6a3-ec086b02610b.jpg;1
\jabali\WILDBOAR_ZOO_1_4\37_20201116 (16590).JPG;1
\cervidae\ciervo_simone_2\34_20201024 (4710).JPG;1
\vacia\vacias_1_de_2_PNC_2012_ISAAC\a36314IM000261.JPG;0
\vacia\vacias_1_de_2_PNC_2012_ISAAC\a41655IM000828.JPG;0
\jabali\WILDBOAR_ZOO_1_4\33_20210115 (142).JPG;1
\vacia\NOANIMAL_ZOO_1_4\26_20201020 (10953).JPG;0
\jabali\jabali_PNM_2012_ISAAC\d88IM000029.JPG;1
\vaca\Vaca4_diego_1_rev_donana\15_20201024 (7531).JPG;1
\zorro\zorro_vacías_humanos_PNC_2012_ME\a49479IM000023.JPG;1
\ave\ave_alumno_1_TH\Colpal 20_frame280.jpg;1
\vacia\NOANIMAL_ZOO_5_6_7_9\39_20210417 (4225).JPG;0
\zorro\Zorro_PNC_2014_JC\c10309IM000044.JPG;1
\cervidae\CERVIDREDORFALLOWDEER_ZOO_5_6_7_9\44_20210618 (78).JPG;1
\cervidae\CERVIDREDORFALLOWDEER_ZOO_5_6_7_9\39_20210318 (126).JPG;1
\vacia\vacias_1_de_2_PNC_2012_ISAAC\a39380IMAG1132.JPG;0
\caballo\caballos_alumno_AM\caballos_alumno_AM\2_20201215 (5622).JPG;1
\vacia\NOANIMAL_ZOO_1_4\34_20210115 (1603).JPG;0
\ave\ave_Soraya_Padilla_Alumno_1_TH\STC_0048_frame100.jpg;1
\cervidae\CERVIDREDORFALLOWDEER_ZOO_1_4\38_20201117 (977).JPG;1
\caballo\HORSE_ZOO_1_4\14_20201118 (594).JPG;1
\vacia\empty_SnapshotMountainZebra\MTZ_S1_D05_R1_IMAG0492.JPG;0
\caballo\HORSE_ZOO_5_6_7_9\15_20210219 (7646) (2021_04_15 06_16_22 UTC).JPG;1
\lince\linces_fecha_Linces2_Leo_JC\3_Lince_flecha_Linces2_Leo_JC\Lince55 (11).jpg;1
\humanovehiculo\humanovehiculo_vacías_humanos_PNC_2012_ME\a2977IM000009.JPG;1
\jabali\WILDBOAR_ZOO_5_6_7_9\16_20210218 (69) (2021_04_15 06_16_22 UTC).JPG;1
\vacia\empty_caltechCameraTraps\59b2e9e1-23d2-11e8-a6a3-ec086b02610b.jpg;0
\cervidae\CERVIDREDORFALLOWDEER_ZOO_1_4\16_20210116 (134).JPG;1
\leporido\rabbit_CaltechCameraTrap_ME\5954a854-23d2-11e8-a6a3-ec086b02610b.jpg;1
\vacia\empty_IslandConservationCameraTraps\dominicanrepublic_cam0425abril2015_20130808_045650_sunp1216.jpg;0
\zorro\zorro_PNC_2013-I_RED_ME\5105IM000034.JPG;1
\vaca\cow_CaltechCameraTrap\58b9d63a-23d2-11e8-a6a3-ec086b02610b.jpg;1
\vacia\NOANIMAL_ZOO_5_6_7_9\32_20210615 (14102).JPG;0
\vaca\COW_ZOO_5_6_7_9\49_20210418 (2130).JPG;1
\caballo\HORSE_ZOO_1_4\10_20201117 (3849).JPG;1
\cervidae\ciervo_simone_2\34_20201024 (4684).JPG;1
\caballo\HORSE_ZOO_1_4\2_20201117 (490).JPG;1
\vacia\empty_IslandConservationCameraTraps\puertorico_16_20150307_151442_img_0576.jpg;0
\lince\Lince_a_Linces2_Leo_JC\lince130 (196).JPG;1
\humanovehiculo\humanovehiculo_ss\31_20201023 (9).JPG;1
\cervidae\Ciervo_PNC_2012_JC\a33759IM000258.JPG;1
\ave\ave_ave_WellingtonCameraTraps_SS\030216095304044c5101.JPG;1
\cervidae\2_Ciervos_PNC2012_JC\a10883IM000033.JPG;1
\cervidae\2_ciervo_Javi_3_JC\21_20201025 (1958).JPG;1
\cervidae\CERVIDREDORFALLOWDEER_ZOO_5_6_7_9\5_20210219 (1753) (2021_04_15 06_16_22 UTC).JPG;1
\vacia\NOANIMAL_ZOO_1_4\34_20210115 (7341).JPG;0
\lince\linces_fecha_Linces2_Leo_JC\3_Lince_flecha_Linces2_Leo_JC\lince103 (371).JPG;1
\cervidae\gamo_buscar_cab_isaac_sin_contar\9_20201118 (235).JPG;1
\vaca\COW_ZOO_1_4\2_20210115 (3693).JPG;1
\lince\Lince_b_Linces2_Leo_JC\lince172 (16).JPG;1
\vacia\empty_SnapshotMountainZebra\MTZ_S1_E04_R1_IMAG0608.JPG;0
\gato_domestico\gato_WellingtonCameraTraps_SS\3105152247180237S062.JPG;1
\vacia\vacia_alumno_AM_2\30_20201021 (8456).JPG;0
\vacia\vacias_PNM_2013-O_ISAAC\f16203IMAG0160.JPG;0
\ave\shearwater_IslandConservationCameraTraps\chile_piedra012013_30042013222330.jpg;1
\vacia\vacia_alumno_2_AM\Catcat 02_frame060.jpg;0
\gineta\gineta_PNM_2012_ISAAC\d14484IMAG0038.JPG;1
\zorro\zorro_PNC_2012_JC\a47425IM000056.JPG;1
\cervidae\deer_CaltechCameraTrap\59817aee-23d2-11e8-a6a3-ec086b02610b.jpg;1
\micromamiferos\rat_IslandConservationCameraTraps\palau_cam09a12132018_20181110_215004_rcnx0967.jpg;1
\jabali\WILDBOAR_ZOO_1_4\9_20201712 (1798).JPG;1
\zorro\REDFOX_ZOO_1_4\15_20201117 (1783).JPG;1
\vacia\NOANIMAL_ZOO_5_6_7_9\36_20210618 (617).JPG;0
\vacia\NOANIMAL_ZOO_1_4\42_20201118 (96).JPG;0
\cervidae\Ciervo_PNC_2013-O_ME\b16419IM000025.JPG;1
\jabali\WILDBOAR_ZOO_1_4\37_20201116 (9628).JPG;1
\vaca\COW_ZOO_5_6_7_9\21_20210418 (1130).JPG;1
\vacia\vacias_2_de_2_PNC_2012_ISAAC\a2533IM000179.JPG;0
\vacia\empty_caltechCameraTraps\59641d2d-23d2-11e8-a6a3-ec086b02610b.jpg;0
\vacia\vacias_PNC_2014_ISAAC\c7728IM000018.JPG;0
\micromamiferos\rat_IslandConservationCameraTraps\micronesia_cam06_cam06june2019_pig_20190629201115_1697.jpg;1
\caballo\caballo_Paco_Carro_JC\PICT0895.JPG;1
\vacia\NOANIMAL_ZOO_1_4\34_20210115 (5579).JPG;0
\vacia\empty_IslandConservationCameraTraps\dominicanrepublic_cam1725abril2015_20150415_070446_img_0581.jpg;0
\jabali\WILDBOAR_ZOO_5_6_7_9\32_20210218 (1717) (2021_04_15 06_16_22 UTC).JPG;1
\vacia\NOANIMAL_ZOO_5_6_7_9\21_20210615 (2289).JPG;0
\zorro\zorro_PNM_2013-I_ISAAC\e3945IM000069.JPG;1
\cervidae\ciervo_Javi_3_JC\30_20201021 (87).JPG;1
\gineta\Gineta_PNC_2012_JC\a23884IM000037.JPG;1
\caballo\HORSE_ZOO_1_4\15_20201117 (3936).JPG;1
\vacia\NOANIMAL_ZOO_1_4\15_20210117 (7090).JPG;0
\jabali\WILDBOAR_ZOO_5_6_7_9\25_20210319 (4529).JPG;1
\cervidae\ciervo_PNC_2013-O_RED_ISAAC\b17114IM000029.JPG;1
\gato_domestico\gato_WellingtonCameraTraps_SS\071016154808044a1131.JPG;1
\ave\ave_alumno_1_TH\Picpic 23_frame040.jpg;1
\cervidae\CERVIDREDORFALLOWDEER_ZOO_5_6_7_9\10_20210618 (5452).JPG;1
\caballo\HORSE_ZOO_1_4\15_20210117 (13305).JPG;1
\cervidae\CERVIDREDORFALLOWDEER_ZOO_1_4\21_20201025 (2744).JPG;1
\leporido\rabbit_IslandConservationCameraTraps\chile_frances012013_19122012172826.jpg;1
\vacia\NOANIMAL_ZOO_1_4\26_20201020 (13862).JPG;0
\lince\Lince_a_Linces2_Leo_JC\lince127 (44).JPG;1
\vacia\empty_caltechCameraTraps\59929099-23d2-11e8-a6a3-ec086b02610b.jpg;0
\vacia\NOANIMAL_ZOO_5_6_7_9\31_20210615 (924).JPG;0
\ave\ave_PNC_2014_manuel\c19620IMAG0182.JPG;1
\vacia\empty_SnapshotMountainZebra\MTZ_S1_D07_R1_IMAG1308.JPG;0
\cervidae\CERVIDREDORFALLOWDEER_ZOO_5_6_7_9\15_20210219 (2252) (2021_04_15 06_16_22 UTC).JPG;1
\vacia\NOANIMAL_ZOO_5_6_7_9\11_20210418 (1944).JPG;0
\ave\bird_CaltechCameraTrap\596d6607-23d2-11e8-a6a3-ec086b02610b.jpg;1
\jabali\WILDBOAR_ZOO_1_4\37_20201116 (14224).JPG;1
\leporido\rabbit_CaltechCameraTrap_ME\5a1b1521-23d2-11e8-a6a3-ec086b02610b.jpg;1
\cervidae\cervidae_ME_rev_3_donana\8_20201029 (151).JPG;1
\ave\bird_CaltechCameraTrap\59baca89-23d2-11e8-a6a3-ec086b02610b.jpg;1
\vacia\empty_SnapshotMountainZebra\MTZ_S1_D05_R1_IMAG1192.JPG;0
\vacia\NOANIMAL_ZOO_1_4\43_20201217 (1720).JPG;0
\vacia\NOANIMAL_ZOO_5_6_7_9\24_20210318 (14264).JPG;0
\leporido\rabbit_CaltechCameraTrap_ME\594083fc-23d2-11e8-a6a3-ec086b02610b.jpg;1
\cervidae\deer_CaltechCameraTrap\59dc2735-23d2-11e8-a6a3-ec086b02610b.jpg;1
\micromamiferos\rat_IslandConservationCameraTraps\palau_cam13a12132018_20181115_234120_rcnx1389.jpg;1
\cervidae\ciervo_PNM_2012_ME\d15956FILE0014.JPG;1
\humanovehiculo\HUMANORVEHICLE_ZOO_1_4\7_20201217 (1167).JPG;1
\jabali\jabali_PNM_2013-I_ISAAC\e5198IMAG0112.JPG;1
\humanovehiculo\car_CaltechCameraTrap_ME\vehiculo\59b12fea-23d2-11e8-a6a3-ec086b02610b.jpg;1
\jabali\WILDBOAR_ZOO_1_4\23_20201117 (392).JPG;1
\cervidae\CERVIDREDORFALLOWDEER_ZOO_1_4\22_20201116 (212).JPG;1
\vacia\NOANIMAL_ZOO_1_4\26_20201020 (18234).JPG;0
\cervidae\2_Ciervo_Paco_Carro_camarasliron_4_2_PASADAS_POR_LA_RED_JC\PICT0080.JPG;1
\ave\chicken_IslandConservationCameraTraps\palau_cam03a08312018_20180824_142305_rcnx0096.jpg;1
\gato_domestico\gato_WellingtonCameraTraps_SS\2204151825380194S224.JPG;1
\vacia\NOANIMAL_ZOO_1_4\26_20201020 (16577).JPG;0
\leporido\rabbit_IslandConservationCameraTraps\chile_frances022013_04052013110835.jpg;1
\vacia\NOANIMAL_ZOO_1_4\6_20201812 (14452).JPG;0
\vacia\vacia_Paco_Carro_JC\IMG_0224 (2).JPG;0
\vacia\NOANIMAL_ZOO_1_4\37_20201116 (14244).JPG;0
\vaca\COW_ZOO_5_6_7_9\2_20210319 (1112).JPG;1
\vaca\COW_ZOO_1_4\21_20210114 (967).JPG;1
\vacia\empty_IslandConservationCameraTraps\dominicanrepublic_cam1425abril2015_20150415_144034_img_1546.jpg;0
\humanovehiculo\humanovehiculo_vacías_humanos_PNC_2012_ME\a36046IM000176.JPG;1
\cervidae\ciervo_simone_2\34_20201024 (6027).JPG;1
\zorro\Zorro_Pepe_IREC\Zorro_Pepe_Irec_ME\IMAG0105_(3).JPG;1
\jabali\WILDBOAR_ZOO_1_4\7_20201118 (536).JPG;1
\vaca\COW_ZOO_5_6_7_9\49_20210418 (1581).JPG;1
\vacia\NOANIMAL_ZOO_1_4\18_20200130 (1844).JPG;0
\vaca\COW_ZOO_1_4\10_20210115 (5124).JPG;1
\cervidae\CERVIDREDORFALLOWDEER_ZOO_5_6_7_9\3_20210417 (392).JPG;1
\cervidae\ciervo_simone_2\37_20201024 (10831).JPG;1
\cervidae\corzo_alumno_2_AM_JC\STC_0008_frame200.jpg;1
\vacia\empty_SnapshotMountainZebra\MTZ_S1_D06_R1_IMAG2795.JPG;0
\zorro\Zorro_Pepe_IREC\Zorro_Pepe_Irec_ME\IMAG0025_(7).JPG;1
\cervidae\Ciervo_PNC_2012_JC\a33976IM000194.JPG;1
\leporido\rabbit_IslandConservationCameraTraps\chile_frances022013_16042013143547.jpg;1
\lince\Lince_ME_rev_1_donana\20_20201024 (812).JPG;1
\ave\Perdiz_PNC_2012_JC\a19362IM000040.JPG;1
\vacia\empty_IslandConservationCameraTraps\dominicanrepublic_cam0425abril2015_20130826_044756_sunp6151.jpg;0
\ave\shearwater_IslandConservationCameraTraps\chile_vaqueria2013_1812201242725.jpg;1
\vacia\empty_caltechCameraTraps\5a1308b7-23d2-11e8-a6a3-ec086b02610b.jpg;0
\cervidae\CERVIDREDORFALLOWDEER_ZOO_5_6_7_9\28_20210615 (2038).JPG;1
\gato_domestico\gato_WellingtonCameraTraps_SS\150116223118017b9701.JPG;1
\ave\OTHERSPECIES_ZOO_5_6_7_9\47_20210418 (519).JPG;1
\leporido\conejo_Paco_Carro_JC\PICT1911.JPG;1
\vaca\COW_ZOO_5_6_7_9\49_20210418 (2129).JPG;1
\vacia\empty_SnapshotKaroo\KAR_S1_F02_R1_IMAG3129.JPG;0
\jabali\WILDBOAR_ZOO_1_4\7_20201217 (455).JPG;1
\micromamiferos\micromamiferos_Paco_Carro_JC\IMG_0059 (4).JPG;1
\lince\Lince_a_Linces2_Leo_JC\Lince57 (26).jpg;1
\vacia\empty_IslandConservationCameraTraps\puertorico_29_20150204_181425_img_0798.jpg;0
\cervidae\CERVIDREDORFALLOWDEER_ZOO_5_6_7_9\22_20210417 (5995).JPG;1
\humanovehiculo\car_CaltechCameraTrap_ME\vehiculo\58c664a8-23d2-11e8-a6a3-ec086b02610b.jpg;1
\vacia\empty_caltechCameraTraps\59a7be0a-23d2-11e8-a6a3-ec086b02610b.jpg;0
\cervidae\Ciervo_PNC_2013-O_ME\b7989IM000155.JPG;1
\cervidae\corzo_alumno_2_AM_JC\STC_0295_frame020.jpg;1
\jabali\WILDBOAR_ZOO_1_4\7_20201118 (381).JPG;1
\vacia\empty_SnapshotMountainZebra\MTZ_S1_G04_R3_IMAG1129.JPG;0
\vacia\empty_caltechCameraTraps\5a24a7de-23d2-11e8-a6a3-ec086b02610b.jpg;0
\gato_domestico\cat_IslandConservationCameraTraps\palau_cam6a12132018_20180827_222443_rcnx0255.jpg;1
\zorro\Zorro_PNC_2014_JC\c19326IMAG0072.JPG;1
\vacia\NOANIMAL_ZOO_1_4\31_20201023 (261).JPG;0
\vacia\NOANIMAL_ZOO_5_6_7_9\24_20210418 (8704).JPG;0
\vacia\empty_SnapshotMountainZebra\MTZ_S1_G04_R3_IMAG2267.JPG;0
\humanovehiculo\humanovehiculo_vacías_humanos_PNC_2012_ME\a1914IM000002.JPG;1
\vacia\NOANIMAL_ZOO_1_4\17_20210114 (2183).JPG;0
\leporido\conejo_alumno_1_TH\Conejo_alumno_2_AM_JC\Orycun (44)_frame010.jpg;1
\vacia\empty_IslandConservationCameraTraps\ecuador2_ic1607_20150122_064230_img_1108.jpg;0
\garduna\Garduña_PNC_2014_JC\c13258IMAG0209.JPG;1
\vacia\empty_caltechCameraTraps\59830903-23d2-11e8-a6a3-ec086b02610b.jpg;0
\vacia\empty_SnapshotCamdeboo\CDB_S1_D05_R2_IMAG1366.JPG;0
\vacia\empty_IslandConservationCameraTraps\dominicanrepublic_cam0425abril2015_20130815_045222_sunp2568.jpg;0
\cervidae\ciervo_PNM_2013-O_ISAAC\f5278IM000188.JPG;1
\jabali\2_jabali_javi_JC\37_20201024 (9429).JPG;1
\cervidae\CERVIDREDORFALLOWDEER_ZOO_5_6_7_9\28_20210417 (6265).JPG;1
\leporido\rabbit_CaltechCameraTrap_ME\593732c4-23d2-11e8-a6a3-ec086b02610b.jpg;1
\garduna\Garduna_PNC_2013-O_ME\b17131IM000047.JPG;1
\cervidae\deer_CaltechCameraTrap\586c87ed-23d2-11e8-a6a3-ec086b02610b.jpg;1
\cervidae\CERVIDREDORFALLOWDEER_ZOO_1_4\34_20201024 (2119).JPG;1
\vacia\empty_IslandConservationCameraTraps\dominicanrepublic_cam0426enero2016_20160115_192300_sunp0053.jpg;0
\vacia\NOANIMAL_ZOO_5_6_7_9\20_20210319 (641).JPG;0
\vacia\empty_caltechCameraTraps\5971fb27-23d2-11e8-a6a3-ec086b02610b.jpg;0
\vacia\NOANIMAL_ZOO_5_6_7_9\49_20210418 (2485).JPG;0
\cervidae\CERVIDREDORFALLOWDEER_ZOO_5_6_7_9\19_20210417 (423).JPG;1
\jabali\WILDBOAR_ZOO_1_4\29_20201023 (205).JPG;1
\vacia\empty_SnapshotMountainZebra\MTZ_S1_E06_R3_IMAG0234.JPG;0
\vacia\NOANIMAL_ZOO_1_4\34_20210115 (1756).JPG;0
\humanovehiculo\car_CaltechCameraTrap_ME\vehiculo\590880b8-23d2-11e8-a6a3-ec086b02610b.jpg;1
\vacia\NOANIMAL_ZOO_1_4\9_20201118 (1369).JPG;0
\jabali\jabali_alumno_2_2_TH_JC\28_20201019 (1914).JPG;1
\vacia\empty_IslandConservationCameraTraps\dominicanrepublic_cam0425abril2015_20130821_044206_sunp3984.jpg;0
\ave\ave_ave_WellingtonCameraTraps_SS\090816072600031a5951.JPG;1
\vacia\NOANIMAL_ZOO_5_6_7_9\49_20210615 (2592).JPG;0
\lince\Lince_a_Linces2_Leo_JC\Lince46 (18).JPG;1
\vacia\empty_IslandConservationCameraTraps\dominicanrepublic_cam3317mayo2017_20170504_132112_img_1257.jpg;0
\leporido\conejo_leo_donana\0004117.JPG;1
\vaca\COW_ZOO_5_6_7_9\9_20210615 (1711).JPG;1
\vaca\COW_ZOO_1_4\21_20210114 (35).JPG;1
\vacia\NOANIMAL_ZOO_5_6_7_9\15_20210219 (10273) (2021_04_15 06_16_22 UTC).JPG;0
\vaca\COW_ZOO_5_6_7_9\39_20210318 (1558).JPG;1
\lince\Lince_b_Linces2_Leo_JC\lince228 (510).JPG;1
\humanovehiculo\humano_vehiculo_PNM_2013-O_ISAAC\f1806IM000019.JPG;1
\vacia\SnampshotEnonkishu\ENO_S1_B03_R1_IMAG0553.JPG;0
\jabali\WILDBOAR_ZOO_1_4\29_20201023 (232).JPG;1
\vacia\NOANIMAL_ZOO_1_4\37_20201024 (1696).JPG;0
\vacia\empty_SnapshotMountainZebra\MTZ_S1_E04_R1_IMAG0134.JPG;0
\garduna\garduna_PNC_2014_manuel\c3944IMAG0056.JPG;1
\jabali\WILDBOAR_ZOO_1_4\33_20201025 (42).JPG;1
\vacia\empty_IslandConservationCameraTraps\dominicanrepublic_cam1826junio2015_20150505_124001_img_2956.jpg;0
\humanovehiculo\humano_vehiculo_PNM_2012_ISAAC\d11367IM000012.JPG;1
\cervidae\deer_CaltechCameraTrap\59ddc0b0-23d2-11e8-a6a3-ec086b02610b.jpg;1
\mapache\raccoon_CaltechCameraTrap_ME\588718cb-23d2-11e8-a6a3-ec086b02610b.jpg;1
\cervidae\CERVIDREDORFALLOWDEER_ZOO_1_4\40_20201024 (692).JPG;1
\cervidae\deer_CaltechCameraTrap\594b5e4a-23d2-11e8-a6a3-ec086b02610b.jpg;1
\vacia\empty_SnapshotMountainZebra\MTZ_S1_D07_R1_IMAG0846.JPG;0
\vacia\empty_SnapshotMountainZebra\MTZ_S1_D07_R1_IMAG1122.JPG;0
\ave\American Crow_ena24\7795.jpg;1
\vacia\NOANIMAL_ZOO_1_4\11_20210114 (395).JPG;0
\vacia\empty_caltechCameraTraps\5987b2c4-23d2-11e8-a6a3-ec086b02610b.jpg;0
\jabali\WILDBOAR_ZOO_1_4\4_20201220 (8504).JPG;1
\cervidae\Ciervo_PNC_2012_JC\a2612IM000263.JPG;1
\vacia\vacias_2_de_2_PNC_2012_ISAAC\a5625IM000435.JPG;0
\leporido\rabbit_IslandConservationCameraTraps\chile_frances022013_2504201394624.jpg;1
\vacia\empty_IslandConservationCameraTraps\dominicanrepublic_cam0425abril2015_20130828_045213_sunp6829.jpg;0
\jabali\WILDBOAR_ZOO_1_4\37_20201024 (434).JPG;1
\cervidae\CERVIDREDORFALLOWDEER_ZOO_1_4\21_20201025 (259).JPG;1
\humanovehiculo\humanovehiculo_PNC_2014_manuel\c29781IM000004.JPG;1
\vacia\empty_SnapshotMountainZebra\MTZ_S1_G04_R3_IMAG1791.JPG;0
\vacia\vacias_2_de_2_PNC_2012_ISAAC\a10422IM000005.JPG;0
\leporido\conejo_Paco_Carro_JC\PICT0332 (2).JPG;1
\humanovehiculo\humanovehiculo_PNC_2014_manuel\c13858IMAG0332.JPG;1
\vacia\NOANIMAL_ZOO_5_6_7_9\50_20210417 (72).JPG;0
\caballo\caballos_javier_JC\2_20201117 (3582).JPG;1
\lince\Lince_b_Linces2_Leo_JC\lince216 (326).JPG;1
\leporido\rabbit_CaltechCameraTrap_ME\59894266-23d2-11e8-a6a3-ec086b02610b.jpg;1
\ave\ave_ave_WellingtonCameraTraps_SS\131016101440027cs081.JPG;1
\cervidae\cervidae_alumno_2_TH\34_20201024 (2811).JPG;1
\jabali\WILDBOAR_ZOO_5_6_7_9\11_20210218 (763) (2021_04_15 06_16_22 UTC).JPG;1
\vacia\empty_IslandConservationCameraTraps\dominicanrepublic_cam1826junio2015_20150505_132555_img_3146.jpg;0
\leporido\rabbit_IslandConservationCameraTraps\chile_frances022013_2704201312349.jpg;1
\caballo\HORSE_ZOO_1_4\28_20201117 (561).JPG;1
\ave\American Crow_ena24\7911.jpg;1
\ave\ave_Soraya_Padilla_Alumno_1_TH\DSCF0078_frame010.jpg;1
\cervidae\CERVIDREDORFALLOWDEER_ZOO_1_4\21_20201025 (1697).JPG;1
\zorro\zorro_PNC_2014_manuel\c19315IMAG0082.JPG;1
\vacia\NOANIMAL_ZOO_5_6_7_9\49_20210615 (3774).JPG;0
\vacia\vacia_alumno_TH_3_TH_JC\28_20201019 (328).JPG;0
\vacia\NOANIMAL_ZOO_1_4\15_20210117 (22).JPG;0
\vacia\NOANIMAL_ZOO_5_6_7_9\15_20210219 (10959) (2021_04_15 06_16_22 UTC).JPG;0
\gato_domestico\cat_IslandConservationCameraTraps\palau_cam10a12122018_20180922_140156_rcnx0415.jpg;1
\leporido\rabbit_IslandConservationCameraTraps\chile_vaqueria2013_0702201393937.jpg;1
\leporido\rabbit_CaltechCameraTrap_ME\595adc31-23d2-11e8-a6a3-ec086b02610b.jpg;1
\cervidae\ciervo_PNM_2013-O_ISAAC\f5062IM000164.JPG;1
\jabali\WILDBOAR_ZOO_1_4\31_20201117 (145).JPG;1
\humanovehiculo\humano_vehiculo_PNM_2013-O_ME\f21567IM000012.JPG;1
\ave\raven_IslandConservationCameraTraps\dominicanrepublic_cam11718mayo2017_20170330_153007_img_0029.jpg;1
\leporido\conejo_leo_donana\0003892.JPG;1
\vaca\COW_ZOO_5_6_7_9\21_20210615 (2741).JPG;1
\ave\American Crow_ena24\8240.jpg;1
\caballo\caballos_javier_JC\35_20201218 (319).JPG;1
\vacia\empty_IslandConservationCameraTraps\dominicanrepublic_cam0425abril2015_20130727_025817_sunp0088.jpg;0
\gato_domestico\gato_WellingtonCameraTraps_SS\0104151718380830L302.JPG;1
\gato_domestico\cat_CaltechCameraTrap\59da8c9d-23d2-11e8-a6a3-ec086b02610b.jpg;1
\humanovehiculo\car_CaltechCameraTrap_ME\vehiculo\58678d39-23d2-11e8-a6a3-ec086b02610b.jpg;1
\lince\linces_Linces2_Leo_JC\2_Lince_Linces2_Leo_JC\lince176 (75).JPG;1
\micromamiferos\micromamifero_WellingtonCameraTraps_SS\041116035034021cs143.JPG;1
\vacia\empty_IslandConservationCameraTraps\dominicanrepublic_cam1725abril2015_20150411_084524_img_0340.jpg;0
\vacia\empty_SnapshotMountainZebra\MTZ_S1_C06_R1_IMAG1021.JPG;0
\ave\bird_CaltechCameraTrap\59500478-23d2-11e8-a6a3-ec086b02610b.jpg;1
\zorro\REDFOX_ZOO_5_6_7_9\11_20210318 (2085).JPG;1
\vacia\NOANIMAL_ZOO_5_6_7_9\50_20210417 (19940).JPG;0
\cervidae\ciervo_PNC_2014_ISAAC\c22709IM000036.JPG;1
\zorro\REDFOX_ZOO_1_4\31_20201023 (221).JPG;1
\vacia\empty_SnapshotMountainZebra\MTZ_S1_D05_R1_IMAG0497.JPG;0
\cervidae\ciervo_PNC_2014_ISAAC\c29822IM000047.JPG;1
\vacia\NOANIMAL_ZOO_1_4\26_20201020 (3664).JPG;0
\ave\Pheasant_mammalWeb\65225.jpg;1
\zorro\ZORRO_PNM_2013-I_ISAAC\e1597IM000486.JPG;1
\ave\ave_ave_WellingtonCameraTraps_SS\070716101204043a7513.JPG;1
\cervidae\ciervo_PNM_2012_ME\d426IM000057.JPG;1
\cervidae\ciervo_PNC_2014_ISAAC\c10717IM000056.JPG;1
\vacia\NOANIMAL_ZOO_5_6_7_9\22_20210615 (1482).JPG;0
\vacia\empty_caltechCameraTraps\5957c45c-23d2-11e8-a6a3-ec086b02610b.jpg;0
\jabali\WILDBOAR_ZOO_1_4\20_20201215 (73).JPG;1
\jabali\jabali_PNM_2013-O_ISAAC\f27952IMAG0528.JPG;1
\lince\linces_fecha_Linces2_Leo_JC\3_Lince_flecha_Linces2_Leo_JC\lince103 (350).JPG;1
\micromamiferos\micromamifero_WellingtonCameraTraps_SS\291016230240044a1135.JPG;1
\vacia\NOANIMAL_ZOO_1_4\26_20201020 (12140).JPG;0
\vacia\vacia_PNM_2013-O_ME\f27533IMAG0084.JPG;0
\cervidae\CERVIDREDORFALLOWDEER_ZOO_5_6_7_9\41_20210418 (2026).JPG;1
\tejon\EUROPEANBADGER_ZOO_1_4\42_20210114 (348).JPG;1
\ave\yellow-crowned_night_heron_IslandConservationCameraTraps\puertorico_25_20150504_143221_img_1286.jpg;1
\vaca\COW_ZOO_1_4\21_20201217 (1560).JPG;1
\ave\bird_spec_MissouriCameraTrap\SEQ81005_IMG_0001.JPG;1
\vacia\vacias_PNC_2014_ISAAC\c15469IM000015.JPG;0
\vacia\empty_SnapshotMountainZebra\MTZ_S1_D05_R1_IMAG1176.JPG;0
\vaca\COW_ZOO_1_4\6_20201116 (1418).JPG;1
\ave\petrel_IslandConservationCameraTraps\chile_filipiananbek2013_25102013135946.jpg;1
\vacia\NOANIMAL_ZOO_5_6_7_9\19_20210417 (1574).JPG;0
\vaca\Vaca1_diego_1_rev_donana\24_20201019 (1349).JPG;1
\vacia\NOANIMAL_ZOO_5_6_7_9\18_20210417 (9891).JPG;0
\lince\Lince_b_Linces2_Leo_JC\lince230 (90).JPG;1
\vacia\NOANIMAL_ZOO_5_6_7_9\21_20200113 (1521) (2021_04_15 06_16_22 UTC).JPG;0
\vacia\NOANIMAL_ZOO_5_6_7_9\24_20210418 (10082).JPG;0
\leporido\LEPORIDRABBITORHARE_ZOO_5_6_7_9\2_20210319 (3251).JPG;1
\ave\ave_Soraya_Padilla_Alumno_1_TH\DSCF0056_frame000.jpg;1
\ave\ave_vacías_humanos_PNC_2012_ME\a9422IM000344.JPG;1
\cervidae\CERVIDREDORFALLOWDEER_ZOO_5_6_7_9\35_20210218 (1314) (2021_04_15 06_16_22 UTC).JPG;1
\cervidae\CERVIDREDORFALLOWDEER_ZOO_1_4\37_20210115 (812).JPG;1
\vacia\NOANIMAL_ZOO_5_6_7_9\2_20210417 (14851).JPG;0
\jabali\WILDBOAR_ZOO_1_4\7_20201118 (106).JPG;1
\cervidae\ciervo_PNC_2014_ISAAC\c22258IM000057.JPG;1
\gato_domestico\gato_WellingtonCameraTraps_SS\310116173142001as071.JPG;1
\vacia\NOANIMAL_ZOO_5_6_7_9\11_20210418 (3158).JPG;0
\vacia\NOANIMAL_ZOO_5_6_7_9\39_20210417 (3919).JPG;0
\caballo\caballos_alumno_AM\caballos_alumno_AM\2_20201215 (117).JPG;1
\vacia\NOANIMAL_ZOO_1_4\6_20201812 (10890).JPG;0
\cervidae\ciervo_PNC_2013-O_RED_ISAAC\b16814IM000178.JPG;1
\vacia\NOANIMAL_ZOO_5_6_7_9\20_20210618 (7111).JPG;0
\vacia\vacia_alumno_1_AM_2\24_20201019 (8317).JPG;0
\lince\Lince_a_Linces2_Leo_JC\lince90 (39).JPG;1
\zorro\Zorro_PNC_2014_JC\c6514IM000153.JPG;1
\vacia\empty_IslandConservationCameraTraps\dominicanrepublic_cam1425abril2015_20150421_111823_img_2090.jpg;0
\vacia\vacia_Paco_Carro_JC\01130040.JPG;0
\vacia\empty_caltechCameraTraps\594e764d-23d2-11e8-a6a3-ec086b02610b.jpg;0
\vacia\SnampshotEnonkishu\ENO_S1_D06_R1_IMAG1101.JPG;0
\ave\ave_ave_WellingtonCameraTraps_SS\010716162900049as431.JPG;1
\cervidae\ciervo_Javi_3_JC\28_20201019 (2541).JPG;1
\vacia\NOANIMAL_ZOO_1_4\26_20201117 (843).JPG;0
\lince\Lince_b_Linces2_Leo_JC\lince216 (153).jpg;1
\micromamiferos\micromamiferos_Paco_Carro_JC\IMG_0522.JPG;1
\vacia\empty_SnapshotMountainZebra\MTZ_S1_D06_R1_IMAG2549.JPG;0
\cervidae\CERVIDREDORFALLOWDEER_ZOO_5_6_7_9\5_20210219 (862) (2021_04_15 06_16_22 UTC).JPG;1
\humanovehiculo\humano_vehiculo_PNC_2013-I_ISAAC\4723IM000002.JPG;1
\vacia\NOANIMAL_ZOO_1_4\40_20201024 (740).JPG;0
\humanovehiculo\HUMANORVEHICLE_ZOO_1_4\19_20201117 (438).JPG;1
\vacia\NOANIMAL_ZOO_1_4\7_20210115 (75).JPG;0
\zorro\Zorro_alumno_2_AM\Vulvul 23_frame360.jpg;1
\vacia\empty_SnapshotMountainZebra\MTZ_S1_D07_R1_IMAG1342.JPG;0
\ave\ave_PNC_2012_ISAAC\a132IM000074.JPG;1
\cervidae\2_ciervo_Javi_3_JC\34_20201024 (861).JPG;1
\cervidae\deer_CaltechCameraTrap\58fd7ed9-23d2-11e8-a6a3-ec086b02610b.jpg;1
\ave\bird_IslandConservationCameraTraps\chile_filipianalamatris2013_2109201382513.jpg;1
\vacia\NOANIMAL_ZOO_1_4\34_20210115 (4927).JPG;0
\vacia\empty_IslandConservationCameraTraps\dominicanrepublic_cam1425abril2015_20150418_123122_img_1719.jpg;0
\cervidae\ciervo_PNC_2013-I_RED_ME\3196IMAG0094.JPG;1
\lince\Lince_b_Linces2_Leo_JC\lince188 (7).JPG;1
\zorro\Zorro_Pepe_IREC\Zorro_Pepe_Irec_ME\IMAG0280_(5).JPG;1
\humanovehiculo\HUMANORVEHICLE_ZOO_1_4\18_unknowndate (2045).JPG;1
\ave\raven_IslandConservationCameraTraps\dominicanrepublic_cam1817febrero2016_20160127_080535_img_0004.jpg;1
\ave\petrel_IslandConservationCameraTraps\chile_filipianalamatris2013_10102013114251.jpg;1
\cervidae\CERVIDREDORFALLOWDEER_ZOO_5_6_7_9\35_20210318 (57).JPG;1
\zorro\zorro_PNM_2012_ISAAC\d14071IMAG0001.JPG;1
\vaca\COW_ZOO_1_4\21_20201217 (2144).JPG;1
\cervidae\CERVIDREDORFALLOWDEER_ZOO_5_6_7_9\28_20210615 (3197).JPG;1
\vacia\vacia_Soraya_Padilla_Alumno_1_TH\DSCF0064_frame020.jpg;0
\cervidae\CERVIDREDORFALLOWDEER_ZOO_5_6_7_9\18_20210219 (3968) (2021_04_15 06_16_22 UTC).JPG;1
\vacia\NOANIMAL_ZOO_1_4\7_20210115 (2226).JPG;0
\ave\bird_CaltechCameraTrap\597e63e1-23d2-11e8-a6a3-ec086b02610b.jpg;1
\zorro\Zorro_PNC_2014_JC\c5950IM000142.JPG;1
\caballo\caballos_alumno_AM\caballos_alumno_AM\2_20201215 (1812).JPG;1
\vacia\SnampshotEnonkishu\ENO_S1_D06_R1_IMAG4574.JPG;0
\lince\Lince_b_Linces2_Leo_JC\lince144 (253).JPG;1
\tejon\tejon_alumno_2_AM_JC\DSCF0037 (2)_frame000.jpg;1
\jabali\WILDBOAR_ZOO_1_4\37_20201215 (1118).JPG;1
\vacia\empty_IslandConservationCameraTraps\dominicanrepublic_cam0520octubre2015_20130828_105705_sunp0177.jpg;0
\vacia\NOANIMAL_ZOO_1_4\7_20210115 (939).JPG;0
\vacia\empty_IslandConservationCameraTraps\dominicanrepublic_cam1826junio2015_20150505_074137_img_1265.jpg;0
\cervidae\ciervo_Javi_3_JC\21_20201025 (2649).JPG;1
\perro\dog_caltechCameraTraps\5a0494fc-23d2-11e8-a6a3-ec086b02610b.jpg;1
\zorro\REDFOX_ZOO_5_6_7_9\41_20210218 (241) (2021_04_15 06_16_22 UTC).JPG;1
\zorro\zorro_PNM_2012_ISAAC\d15964FILE0023.JPG;1
\jabali\jabali_Saul Martin_FRAMES_SIN_REPETIDOS_REVISADOS_DIEGO\IMAG0017_frame000.jpg;1
\vacia\empty_SnapshotMountainZebra\MTZ_S1_D06_R1_IMAG2679.JPG;0
\vacia\empty_SnapshotMountainZebra\MTZ_S1_D07_R1_IMAG2395.JPG;0
\vacia\NOANIMAL_ZOO_1_4\18_20201024 (30).JPG;0
\vacia\SnampshotEnonkishu\ENO_S1_B03_R1_IMAG1283.JPG;0
\zorro\REDFOX_ZOO_1_4\11_20201217 (27).JPG;1
\vacia\NOANIMAL_ZOO_1_4\26_20201020 (10982).JPG;0
\cervidae\deer_CaltechCameraTrap\5a1640b9-23d2-11e8-a6a3-ec086b02610b.jpg;1
\vacia\empty_IslandConservationCameraTraps\dominicanrepublic_cam0425abril2015_20130824_055529_sunp5271.jpg;0
\garduna\garduna_PNC_2013-I_ME\767IM000192.JPG;1
\zorro\Zorro_PNC_2014_JC\c6652IM000072.JPG;1
\cervidae\CERVIDREDORFALLOWDEER_ZOO_5_6_7_9\15_20210219 (2785) (2021_04_15 06_16_22 UTC).JPG;1
\jabali\jabali_alumno_2_TH\29_20201023 (827).JPG;1
\humanovehiculo\humanovehiculo_vacías_humanos_PNC_2012_ME\a30450IM000002.JPG;1
\vacia\empty_IslandConservationCameraTraps\micronesia_cam04_cam04june2019_20190617182503_rcnx2806.jpg;0
\vaca\cow_CaltechCameraTrap\59328bdf-23d2-11e8-a6a3-ec086b02610b.jpg;1
\jabali\WILDBOAR_ZOO_1_4\15_20210117 (15913).JPG;1
\cervidae\ciervo_PNC_2013-O_RED_ISAAC\b18898IMAG0244.JPG;1
\vacia\NOANIMAL_ZOO_1_4\26_20201020 (12320).JPG;0
\gato_domestico\gato_WellingtonCameraTraps_SS\190816012018015bs172.JPG;1
\humanovehiculo\humanovehiculo_PNC_2014_manuel\c16719IM000005.JPG;1
\garduna\Garduña_PNC_2014_JC\c25754IM000051.JPG;1
\zorro\Zorro_PNC_2013-O_ME\b841IM000045.JPG;1
\vacia\vacia_Paco_Carro_JC\IMG_0068.JPG;0
\vacia\NOANIMAL_ZOO_5_6_7_9\21_20210418 (3342).JPG;0
\cervidae\CERVIDREDORFALLOWDEER_ZOO_5_6_7_9\2_20210319 (5802).JPG;1
\vacia\NOANIMAL_ZOO_1_4\7_20210115 (2998).JPG;0
\cervidae\CERVIDREDORFALLOWDEER_ZOO_1_4\15_20201117 (1945).JPG;1
\cervidae\CERVIDREDORFALLOWDEER_ZOO_5_6_7_9\15_20210219 (6186) (2021_04_15 06_16_22 UTC).JPG;1
\cervidae\CERVIDREDORFALLOWDEER_ZOO_5_6_7_9\10_20210319 (10321).JPG;1
\vacia\NOANIMAL_ZOO_5_6_7_9\49_20210615 (3498).JPG;0
\cervidae\Ciervo_PNC_2013-O_ME\b1339IMAG0188.JPG;1
\vacia\NOANIMAL_ZOO_1_4\6_20201812 (8133).JPG;0
\vacia\empty_IslandConservationCameraTraps\dominicanrepublic_cam1125abril2015_20150413_165641_img_1261.jpg;0
\cervidae\3_corzo_alumno_2_AM_JC\STC_0151_frame220.jpg;1
\vacia\NOANIMAL_ZOO_5_6_7_9\9_20210218 (396) (2021_04_15 06_16_22 UTC).JPG;0
\vacia\NOANIMAL_ZOO_1_4\34_20210115 (6392).JPG;0
\vacia\NOANIMAL_ZOO_1_4\34_20210115 (2590).JPG;0
\jabali\jabali_PNC_2014_manuel\c29364IM000029.JPG;1
\zorro\Zorro_PNM_2013-0_ME\f10553IMAG0064.JPG;1
\vacia\NOANIMAL_ZOO_5_6_7_9\20_20210319 (9360).JPG;0
\cervidae\CERVIDREDORFALLOWDEER_ZOO_1_4\21_20201025 (4050).JPG;1
\cervidae\CERVIDREDORFALLOWDEER_ZOO_1_4\10_20201117 (6020).JPG;1
\cervidae\ciervo_PNC_2013-I_RED_ME\9099IM000202.JPG;1
\zorro\zorro_PNC_2014_manuel\c18194IMAG0036.JPG;1
\gineta\Gineta_alumno_2_AM_JC\Gengen 08_frame360.jpg;1
\ave\petrel_chick_IslandConservationCameraTraps\ecuador2_ic1618_20181112_033844_img_0229.jpg;1
\vacia\empty_SnapshotMountainZebra\MTZ_S1_G04_R3_IMAG1202.JPG;0
\cervidae\ciervo_PNC_2013-I_RED_ME\134IM000026.JPG;1
\vacia\NOANIMAL_ZOO_5_6_7_9\2_20210618 (17749).JPG;0
\vacia\empty_IslandConservationCameraTraps\ecuador1_cam1612_20150530_205713_img_0906.jpg;0
\ave\ave_Paco_Carro_JC\IMG_0134 (2).JPG;1
\cervidae\ciervo_Javi_3_JC\21_20201025 (1620).JPG;1
\vacia\NOANIMAL_ZOO_1_4\15_20201215 (193).JPG;0
\jabali\Jabalí_PNC_2013-O_ME\b20043IMAG0089.JPG;1
\cervidae\ciervo_Javi_3_JC\21_20201025 (5218).JPG;1
\cervidae\ciervo_vacías_humanos_PNC_2012_ME\a18478IM000090.JPG;1
\vacia\SnampshotEnonkishu\ENO_S1_D06_R1_IMAG3530.JPG;0
\vacia\NOANIMAL_ZOO_1_4\26_20201020 (14484).JPG;0
\vacia\NOANIMAL_ZOO_5_6_7_9\24_20210318 (16560).JPG;0
\zorro\Zorro_PNM_2013-0_ME\f9079IM000221.JPG;1
\zorro\Zorro_Pepe_IREC\Zorro_Pepe_Irec_ME\IMAG0018_(6).JPG;1
\humanovehiculo\humano_vehiculo_PNM_2013-O_ISAAC\f4925IM000028.JPG;1
\vacia\NOANIMAL_ZOO_1_4\2_20201215 (529).JPG;0
\vacia\empty_IslandConservationCameraTraps\dominicanrepublic_cam1725abril2015_20150421_092935_img_0760.jpg;0
\ave\ave_PNC_2013-O_RED_ISAAC\b4536IMAG0416.JPG;1
\ave\bird_CaltechCameraTrap\59a30a9e-23d2-11e8-a6a3-ec086b02610b.jpg;1
\jabali\Jabalí_PNC_2013-O_ME\b6625IM000046.JPG;1
\vacia\NOANIMAL_ZOO_5_6_7_9\2_20210618 (19072).JPG;0
\vacia\NOANIMAL_ZOO_5_6_7_9\13_20210218 (899) (2021_04_15 06_16_22 UTC).JPG;0
\mapache\raccoon_CaltechCameraTrap_ME\5962946a-23d2-11e8-a6a3-ec086b02610b.jpg;1
\vacia\NOANIMAL_ZOO_5_6_7_9\39_20210417 (3074).JPG;0
\caballo\caballos_alumno_AM\caballos_alumno_AM\2_20201215 (10116).JPG;1
\jabali\WILDBOAR_ZOO_5_6_7_9\46_20210418 (221).JPG;1
\meloncillo\Meloncillo_PEPE_IREC_JC\IMAG1103.JPG;1
\jabali\WILDBOAR_ZOO_1_4\33_20201217 (476).JPG;1
\cervidae\CERVIDREDORFALLOWDEER_ZOO_1_4\2_20201117 (3034).JPG;1
\cervidae\Cervidae1___diego_1_rev_donana\40_20201024 (2784).JPG;1
\vacia\NOANIMAL_ZOO_1_4\10_20201117 (6928).JPG;0
\vacia\empty_SnapshotMountainZebra\MTZ_S1_E06_R1_IMAG1588.JPG;0
\zorro\zorro_PNC_2014_manuel\c25631IM000025.JPG;1
\jabali\WILDBOAR_ZOO_1_4\15_20210117 (6690).JPG;1
\jabali\WILDBOAR_ZOO_5_6_7_9\5_20210219 (1506) (2021_04_15 06_16_22 UTC).JPG;1
\ave\ave_ave_WellingtonCameraTraps_SS\010416124704025c7201.JPG;1
\vacia\empty_IslandConservationCameraTraps\dominicanrepublic_cam11101agosto2017_20170713_122039_img_0432.jpg;0
\jabali\WILDBOAR_ZOO_1_4\7_20201118 (1552).JPG;1
\humanovehiculo\car_CaltechCameraTrap_ME\humanovehiculo\5a14a642-23d2-11e8-a6a3-ec086b02610b.jpg;1
\cervidae\ciervo_Javi_3_JC\6_20201023 (1272).JPG;1
\vacia\NOANIMAL_ZOO_5_6_7_9\11_20210218 (734) (2021_04_15 06_16_22 UTC).JPG;0
\leporido\conejo_Paco_Carro_JC\PICT1880 (2).JPG;1
\meloncillo\Meloncillo_PEPE_IREC_JC\IMAG0163.JPG;1
\lince\Lince_b_Linces2_Leo_JC\lince223 (10).jpg;1
\leporido\rabbit_CaltechCameraTrap_ME\59da8ca4-23d2-11e8-a6a3-ec086b02610b.jpg;1
\ave\2_ave_Soraya_Padilla_Alumno_1_TH\DSCF0052_frame110.jpg;1
\cervidae\CERVIDREDORFALLOWDEER_ZOO_1_4\35_20201123 (70).JPG;1
\vacia\vacias_2_de_2_PNC_2012_ISAAC\a1685IM000647.JPG;0
\ave\shearwater_IslandConservationCameraTraps\chile_piedra012013_1901201322626.jpg;1
\vaca\COW_ZOO_1_4\2_20210115 (2821).JPG;1
\vacia\NOANIMAL_ZOO_1_4\26_20201020 (15025).JPG;0
\jabali\jabali_PNC_2014_manuel\c5978IM000172.JPG;1
\cervidae\Ciervo_PNC_2014_JC\c16153IM000135.JPG;1
\vacia\NOANIMAL_ZOO_5_6_7_9\18_20210417 (9638).JPG;0
\vacia\NOANIMAL_ZOO_5_6_7_9\11_20210615 (4394).JPG;0
\leporido\CONEJO_PNM_2013-I_ISAAC\e5322IMAG0085.JPG;1
\gineta\gineta_PNM_2013-O_ISAAC\f8638IM000112.JPG;1
\vacia\empty_IslandConservationCameraTraps\dominicanrepublic_cam0425abril2015_20130822_050925_sunp4341.jpg;0
\vacia\NOANIMAL_ZOO_5_6_7_9\38_20210319 (7215).JPG;0
\vacia\NOANIMAL_ZOO_1_4\26_20201020 (10301).JPG;0
\cervidae\CERVIDREDORFALLOWDEER_ZOO_1_4\10_20201218 (2180).JPG;1
\zorro\Zorro_PNC_2013-O_ME\b15765IM000007.JPG;1
\cervidae\ciervo_vacías_humanos_PNC_2012_ME\a14924IM000852.JPG;1
\vacia\empty_IslandConservationCameraTraps\dominicanrepublic_cam1826julio2015_20150713_093738_img_2111.jpg;0
\ave\ave_Soraya_Padilla_Alumno_1_TH\IMAG0031_frame140.jpg;1
\micromamiferos\micromamiferos_fotosManuelEmilio20200912\IMG_0957.JPG;1
\leporido\rabbit_IslandConservationCameraTraps\chile_piedra012013_0602201303825.jpg;1
\zorro\zorro_vacías_humanos_PNC_2012_ME\a22823IM000532.JPG;1
\jabali\WILDBOAR_ZOO_1_4\7_20201118 (758).JPG;1
\vacia\empty_SnapshotMountainZebra\MTZ_S1_D03_R3_IMAG0003.JPG;0
\vacia\empty_IslandConservationCameraTraps\dominicanrepublic_cam0425abril2015_20130808_042338_sunp1086.jpg;0
\cervidae\CERVIDREDORFALLOWDEER_ZOO_5_6_7_9\5_20210219 (1145) (2021_04_15 06_16_22 UTC).JPG;1
\ave\rooster_IslandConservationCameraTraps\palau_cam09a12132018_20181212_082713_rcnx1315.jpg;1
\humanovehiculo\humanovehiculo_Caltech\59ccd255-23d2-11e8-a6a3-ec086b02610b.jpg;1
\vacia\empty_IslandConservationCameraTraps\dominicanrepublic_cam1425abril2015_20150416_140459_img_1586.jpg;0
\cervidae\ciervo_PNC_2014_manuel\c21802IM000174.JPG;1
\caballo\HORSE_ZOO_1_4\9_20210114 (341).JPG;1
\jabali\WILDBOAR_ZOO_1_4\37_20201116 (7318).JPG;1
\cervidae\CERVIDREDORFALLOWDEER_ZOO_5_6_7_9\24_20210318 (3950).JPG;1
\jabali\WILDBOAR_ZOO_1_4\11_20201027 (5).JPG;1
\leporido\rabbit_IslandConservationCameraTraps\chile_frances012013_1501201325520.jpg;1
\ave\OTHERSPECIES_ZOO_5_6_7_9\19_20210417 (2187).JPG;1
\cervidae\CERVIDREDORFALLOWDEER_ZOO_5_6_7_9\28_20210318 (15919).JPG;1
\caballo\HORSE_ZOO_1_4\2_20201117 (5151).JPG;1
\leporido\conejo_WellingtonCameraTraps_SS\220916140804016b8832.JPG;1
\vacia\NOANIMAL_ZOO_1_4\15_20201117 (1843).JPG;0
\leporido\rabbit_IslandConservationCameraTraps\chile_frances012013_25122012184758.jpg;1
\gato_domestico\cat_IslandConservationCameraTraps\chile_vaqueria2013_2002201360200.jpg;1
\leporido\LEPORIDRABBITORHARE_ZOO_1_4\21_20201025 (1392).JPG;1
\jabali\WILDBOAR_ZOO_1_4\15_20210117 (305).JPG;1
\zorro\zorro_PNC_2012_JC\a30024IM000193.JPG;1
\ave\white-winged_dove_IslandConservationCameraTraps\dominicanrepublic_cam1226junio2015_20150607_091207_img_0537.jpg;1
\vacia\NOANIMAL_ZOO_1_4\6_20201812 (9155).JPG;0
\cervidae\Ciervo_PNC_2014_JC\c5112IM000021.JPG;1
\caballo\caballos_alumno_AM\caballos_alumno_AM\2_20201215 (10345).JPG;1
\vacia\NOANIMAL_ZOO_1_4\6_20201812 (10142).JPG;0
\vacia\vacia_alumno_2_AM_JC\STC_0056_frame170.jpg;0
\ave\ave_ave_WellingtonCameraTraps_SS\200716090214044c9711.JPG;1
\perro\perrodomestico_Saul Martin_FRAMES_SIN_REPETIDOS_REVISADOS_DIEGO\IMAG0004_frame080.jpg;1
\leporido\rabbit_IslandConservationCameraTraps\chile_frances022013_17042013155555.jpg;1
\caballo\HORSE_ZOO_1_4\15_20201117 (3457).JPG;1
\zorro\zorro_buscar_cab_isaac_sin_contar\9_20201118 (328).JPG;1
\garduna\Garduna_PNC_2013-O_ME\b19664IMAG0242.JPG;1
\cervidae\corzo_alumno_1_TH\Capcap (9)_frame180.jpg;1
\zorro\Zorro_PNC_2014_JC\c48IM000051.JPG;1
\humanovehiculo\HUMANORVEHICLE_ZOO_1_4\7_20201118 (2900).JPG;1
\vacia\vacias_1_de_2_PNC_2012_ISAAC\a40859IM000122.JPG;0
\vacia\empty_caltechCameraTraps\5a1cb193-23d2-11e8-a6a3-ec086b02610b.jpg;0
\zorro\zorro_vacías_humanos_PNC_2012_ME\a3489IM000040.JPG;1
\vacia\NOANIMAL_ZOO_5_6_7_9\11_20210418 (3189).JPG;0
\vacia\vacia_Soraya_Padilla_Alumno_1_TH\STC_0161_frame000.jpg;0
\ave\Ave_Leo_Otra_fauna_PASADA_POR_LA_RED_JC\Otrafauna (10).jpg;1
\cervidae\CERVIDREDORFALLOWDEER_ZOO_1_4\28_20201019 (244).JPG;1
\cervidae\ciervo_PNC_2013-I_RED_ME\8519IMAG0064.JPG;1
\vacia\vacias_PNC_2014_ISAAC\c18648IMAG0313.JPG;0
\ave\aves_fotosManuelEmilio20200912\IMG_0710.JPG;1
\leporido\conejo_WellingtonCameraTraps_SS\210816175342011bs101.JPG;1
\cervidae\corzo_alumno_2_AM_JC\STC_0297_frame020.jpg;1
\ave\Crow_mammalWeb\13354.jpg;1
\vacia\empty_SnapshotMountainZebra\MTZ_S1_D06_R1_IMAG2966.JPG;0
\vacia\empty_IslandConservationCameraTraps\dominicanrepublic_cam2015abril2015_20150319_161958_img_0588.jpg;0
\cervidae\CERVIDREDORFALLOWDEER_ZOO_1_4\21_20201119 (4309).JPG;1
\cervidae\CERVIDREDORFALLOWDEER_ZOO_1_4\21_20201025 (1619).JPG;1
\vacia\empty_SnapshotMountainZebra\MTZ_S1_E06_R3_IMAG0415.JPG;0
\leporido\Conejo_PNC_2012_JC\a7731IM000065.JPG;1
\micromamiferos\micromamifero_WellingtonCameraTraps_SS\100716175506049b7392.JPG;1
\cervidae\gamo_buscar_cab_isaac_sin_contar\9_20201118 (817).JPG;1
\gato_domestico\gato_WellingtonCameraTraps_SS\131016081844044a1133.JPG;1
\jabali\WILDBOAR_ZOO_1_4\15_20210117 (7013).JPG;1
\zorro\zorro_alumno_2_AM_JC\cachorro de día cola_frame040.jpg;1
\vacia\NOANIMAL_ZOO_1_4\7_20210115 (3164).JPG;0
\jabali\jabali_javi_JC\33_20201025 (3).JPG;1
\cervidae\CERVIDREDORFALLOWDEER_ZOO_1_4\34_20201024 (2227).JPG;1
\cervidae\ciervo_PNM_2013-O_ISAAC\f4819IM000137.JPG;1
\ave\ave_ave_WellingtonCameraTraps_SS\040216091918011cs391.JPG;1
\jabali\Jabali_PNC_2012_JC\a17997IM000023.JPG;1
\ave\ave_ave_WellingtonCameraTraps_SS\100116133640012cs516.JPG;1
\cervidae\CERVIDREDORFALLOWDEER_ZOO_5_6_7_9\28_20210615 (3264).JPG;1
\leporido\rabbit_IslandConservationCameraTraps\chile_frances012013_2312201260433.jpg;1
\cervidae\CERVIDREDORFALLOWDEER_ZOO_5_6_7_9\16_20210318 (247).JPG;1
\vacia\NOANIMAL_ZOO_1_4\7_20210115 (2532).JPG;0
\cervidae\cervidae_alumno_1_AM_2\21_20201025 (3806).JPG;1
\cervidae\ciervo_PNM_2012_ISAAC\d16286IM000012.JPG;1
\vacia\NOANIMAL_ZOO_1_4\34_20210115 (8369).JPG;0
\jabali\WILDBOAR_ZOO_1_4\7_20201025 (453).JPG;1
\vacia\NOANIMAL_ZOO_5_6_7_9\2_20210618 (14536).JPG;0
\zorro\zorro_PNC_2013-I_RED_ME\1032IMAG0064.JPG;1
\cervidae\cervido_simone_2\34_20201024 (6239).JPG;1
\vacia\empty_SnapshotMountainZebra\MTZ_S1_D05_R1_IMAG0573.JPG;0
\cervidae\Ciervo_PNC_2014_JC\c25127IM000100.JPG;1
\humanovehiculo\humanovehiculo_vacías_humanos_PNC_2012_ME\a1030IM000001.JPG;1
\vacia\empty_SnapshotMountainZebra\MTZ_S1_D07_R1_IMAG1370.JPG;0
\vacia\empty_SnapshotMountainZebra\MTZ_S1_D05_R1_IMAG1711.JPG;0
\humanovehiculo\humanovehiculo_PNC_2014_manuel\c4981IM000002.JPG;1
\vacia\empty_IslandConservationCameraTraps\dominicanrepublic_cam1826junio2015_20150505_084949_img_1658.jpg;0
\vaca\COW_ZOO_5_6_7_9\9_20210615 (1582).JPG;1
\cervidae\Ciervo_Paco_Carro_camarasliron_4_2_PASADAS_POR_LA_RED_JC\MDGC0411.JPG;1
\leporido\rabbit_IslandConservationCameraTraps\chile_frances022013_04052013131158.jpg;1
\caballo\HORSE_ZOO_5_6_7_9\15_20210219 (4882) (2021_04_15 06_16_22 UTC).JPG;1
\vacia\Vacio__diego_1_rev_donana\26_20201020 (4028).JPG;0
\ave\rooster_IslandConservationCameraTraps\palau_cam03a08312018_20180824_085837_rcnx0070.jpg;1
\gineta\gineta_Saul Martin_FRAMES_SIN_REPETIDOS_REVISADOS_DIEGO\IMAG0006_frame000.jpg;1
\vacia\empty_caltechCameraTraps\5a1cb155-23d2-11e8-a6a3-ec086b02610b.jpg;0
\cervidae\Ciervo_PNM_2013-0_ME\f29071IMAG0658.JPG;1
\caballo\HORSE_ZOO_5_6_7_9\15_20210219 (4732) (2021_04_15 06_16_22 UTC).JPG;1
\cervidae\CERVIDREDORFALLOWDEER_ZOO_1_4\20_20201024 (754).JPG;1
\jabali\WILDBOAR_ZOO_1_4\37_20201116 (9513).JPG;1
\cervidae\CERVIDREDORFALLOWDEER_ZOO_1_4\21_20201025 (5149).JPG;1
\vacia\empty_IslandConservationCameraTraps\dominicanrepublic_cam1725abril2015_20150403_092402_img_0056.jpg;0
\vacia\NOANIMAL_ZOO_5_6_7_9\25_20210319 (2117).JPG;0
\zorro\Zorro_PNC_2014_JC\c15201IMAG0660.JPG;1
\cervidae\CERVIDREDORFALLOWDEER_ZOO_1_4\3_20201217 (58).JPG;1
\vacia\NOANIMAL_ZOO_1_4\15_20210117 (6422).JPG;0
\micromamiferos\micromamiferos_Paco_Carro_JC\IMG_0060 (2).JPG;1
\leporido\2_conejo_WellingtonCameraTraps_SS\110716155350038cs521.JPG;1
\vacia\Nothing_mammalWeb\34382.jpg;0
\vacia\NOANIMAL_ZOO_5_6_7_9\24_20210418 (9360).JPG;0
\vacia\empty_SnapshotMountainZebra\MTZ_S1_B08_R3_IMAG1463.JPG;0
\vacia\empty_SnapshotMountainZebra\MTZ_S1_D06_R1_IMAG0220.JPG;0
\vacia\NOANIMAL_ZOO_1_4\37_20201024 (7075).JPG;0
\vacia\empty_IslandConservationCameraTraps\ecuador1_ic1619_20181204_132427_img_3554.jpg;0
\jabali\Jabali_PNC_2014_JC\c13197IMAG0145.JPG;1
\humanovehiculo\humanovehiculo_PNM_2013-I_ME\e3750IM000018.JPG;1
\lince\Lince_b_Linces2_Leo_JC\lince176 (126).JPG;1
\cervidae\CIERVO_PNM_2012_ISAAC\d15712FILE0005.JPG;1
\vacia\vacia_alumno_AM_2\40_20201024 (6484).JPG;0
\leporido\2_lagomorpha_alumno_1_AM_2\6_20201023 (1565).JPG;1
\zorro\REDFOX_ZOO_1_4\32_20201218 (69).JPG;1
\vacia\empty_IslandConservationCameraTraps\dominicanrepublic_cam0425abril2015_20130823_054422_sunp4782.jpg;0
\vacia\NOANIMAL_ZOO_1_4\6_20201812 (10210).JPG;0
\vacia\empty_SnapshotKaroo\KAR_S1_A01_R1_IMAG00060.JPG;0
\cervidae\2_Ciervo_Paco_Carro_camarasliron_4_2_PASADAS_POR_LA_RED_JC\MDGC0476.JPG;1
\vacia\NOANIMAL_ZOO_5_6_7_9\49_20210418 (3498).JPG;0
\vacia\empty_SnapshotMountainZebra\MTZ_S1_G04_R3_IMAG1231.JPG;0
\vacia\empty_IslandConservationCameraTraps\ecuador2_ic1607_20150122_055518_img_0518.jpg;0
\vacia\empty_SnapshotMountainZebra\MTZ_S1_D07_R1_IMAG1905.JPG;0
\vacia\empty_IslandConservationCameraTraps\dominicanrepublic_cam0526julio2015_20150625_113359_sunp0421.jpg;0
\vacia\NOANIMAL_ZOO_1_4\34_20210115 (6488).JPG;0
\vacia\NOANIMAL_ZOO_5_6_7_9\41_20210218 (74) (2021_04_15 06_16_22 UTC).JPG;0
\zorro\zorro_vacías_humanos_PNC_2012_ME\a17757IM000032.JPG;1
\gato_domestico\gato_WellingtonCameraTraps_SS\120216040718027b2393.JPG;1
\cervidae\ciervo_PNC_2013-O_RED_ISAAC\b10858IMAG0418.JPG;1
\vacia\NOANIMAL_ZOO_5_6_7_9\25_20210417 (5654).JPG;0
\micromamiferos\micromamiferos_Paco_Carro_JC\IMG_0065.JPG;1
\cervidae\CERVIDREDORFALLOWDEER_ZOO_1_4\28_20201019 (654).JPG;1
\vacia\NOANIMAL_ZOO_5_6_7_9\20_20210219 (339) (2021_04_15 06_16_22 UTC).JPG;0
\cervidae\ciervo_PNM_2012_ME\d13856IM000037.JPG;1
\vacia\empty_IslandConservationCameraTraps\dominicanrepublic_cam0527septiembre2015_20130809_103610_sunp0593.jpg;0
\vacia\empty_IslandConservationCameraTraps\puertorico_25_20141118_234640_img_0013.jpg;0
\jabali\WILDBOAR_ZOO_1_4\28_20210115 (1432).JPG;1
\leporido\rabbit_IslandConservationCameraTraps\chile_frances022013_25042013122955.jpg;1
\cervidae\CERVIDREDORFALLOWDEER_ZOO_1_4\38_20201117 (787).JPG;1
\ave\ave_ave_WellingtonCameraTraps_SS\070916075604047a5351.JPG;1
\vacia\NOANIMAL_ZOO_1_4\28_20201019 (490).JPG;0
\vacia\NOANIMAL_ZOO_1_4\37_20210115 (728).JPG;0
\jabali\WILDBOAR_ZOO_1_4\7_20201118 (1719).JPG;1
\cervidae\deer_CaltechCameraTrap\5959502c-23d2-11e8-a6a3-ec086b02610b.jpg;1
\cervidae\Ciervo_PNC_2012_JC\a40244IM000243.JPG;1
\cervidae\CERVIDREDORFALLOWDEER_ZOO_5_6_7_9\5_20210219 (181) (2021_04_15 06_16_22 UTC).JPG;1
\vacia\vacias_1_de_2_PNC_2012_ISAAC\a43942IM000748.JPG;0
\cervidae\ciervo_PNM_2012_ISAAC\d7714IM000016.JPG;1
\vacia\NOANIMAL_ZOO_5_6_7_9\22_20210318 (3197).JPG;0
\jabali\WILDBOAR_ZOO_5_6_7_9\42_20210218 (218) (2021_04_15 06_16_22 UTC).JPG;1
\vacia\NOANIMAL_ZOO_5_6_7_9\9_20210218 (325) (2021_04_15 06_16_22 UTC).JPG;0
\jabali\jabali_PNC_2013-I_ME\2920IM000054.JPG;1
\lince\linces_fecha_Linces2_Leo_JC\3_Lince_flecha_Linces2_Leo_JC\lince161 (23).JPG;1
\cervidae\CERVIDREDORFALLOWDEER_ZOO_1_4\9_20201025 (390).JPG;1
\caballo\caballos_alumno_AM\caballos_alumno_AM\2_20201215 (7735).JPG;1
\vacia\NOANIMAL_ZOO_5_6_7_9\25_20210417 (3929).JPG;0
\caballo\caballos_javier_JC\2_20201117 (702).JPG;1
\ave\OTHERSPECIES_ZOO_5_6_7_9\50_20210616 (16488).JPG;1
\ave\bird_CaltechCameraTrap\59cb3730-23d2-11e8-a6a3-ec086b02610b.jpg;1
\vacia\empty_IslandConservationCameraTraps\dominicanrepublic_cam1125abril2015_20150409_140837_img_0664.jpg;0
\cervidae\CERVIDREDORFALLOWDEER_ZOO_5_6_7_9\16_20210418 (22).JPG;1
\leporido\conejo_PNC_2014_manuel\c24031IMAG0026.JPG;1
\vacia\empty_IslandConservationCameraTraps\dominicanrepublic_cam1725abril2015_20150410_083926_img_0267.jpg;0
\ave\bird_IslandConservationCameraTraps\chile_filipianalamatris2013_2409201394635.jpg;1
\humanovehiculo\car_CaltechCameraTrap_ME\vehiculo\598c5bcb-23d2-11e8-a6a3-ec086b02610b.jpg;1
\micromamiferos\rat_IslandConservationCameraTraps\dominicanrepublic_cam1225septiembre2015_20150915_191220_img_0270.jpg;1
\leporido\rabbit_IslandConservationCameraTraps\chile_frances012013_2312201260510.jpg;1
\vacia\NOANIMAL_ZOO_5_6_7_9\24_20210418 (1035).JPG;0
\cervidae\CERVIDREDORFALLOWDEER_ZOO_5_6_7_9\16_20210615 (72).JPG;1
\cervidae\CERVIDREDORFALLOWDEER_ZOO_1_4\38_20201117 (433).JPG;1
\cervidae\CERVIDREDORFALLOWDEER_ZOO_5_6_7_9\15_20210219 (751) (2021_04_15 06_16_22 UTC).JPG;1
\tejon\Tejon_PEPE_IREC_JC\IMAG0278_(2).JPG;1
\humanovehiculo\car_CaltechCameraTrap_ME\vehiculo\587b7efe-23d2-11e8-a6a3-ec086b02610b.jpg;1
\jabali\jabali_javi_JC\37_20201024 (8296).JPG;1
\cervidae\ciervo_vacías_humanos_PNC_2012_ME\a7188IM000228.JPG;1
\zorro\zorro_PNC_2012_JC\a35116IM000036.JPG;1
\vacia\NOANIMAL_ZOO_5_6_7_9\25_20210319 (10905).JPG;0
\cervidae\CERVIDREDORFALLOWDEER_ZOO_1_4\9_20201025 (393).JPG;1
\vaca\COW_ZOO_1_4\21_20201217 (3282).JPG;1
\cervidae\CERVIDREDORFALLOWDEER_ZOO_5_6_7_9\5_20210219 (17) (2021_04_15 06_16_22 UTC).JPG;1
\vacia\empty_caltechCameraTraps\5965a900-23d2-11e8-a6a3-ec086b02610b.jpg;0
\cervidae\ciervo_simone_2\40_20201024 (2775).JPG;1
\cervidae\ciervo_Javi_3_JC\21_20201025 (4860).JPG;1
\cervidae\ciervo_Javi_3_JC\30_20201021 (25).JPG;1
\caballo\caballo_Paco_Carro_JC\PICT0793.JPG;1
\jabali\WILDBOAR_ZOO_1_4\43_20201118 (898).JPG;1
\vacia\NOANIMAL_ZOO_5_6_7_9\13_20210218 (338) (2021_04_15 06_16_22 UTC).JPG;0
\vaca\cow_CaltechCameraTrap\585c030e-23d2-11e8-a6a3-ec086b02610b.jpg;1
\lince\Lince_a_Linces2_Leo_JC\Lince59 (47).JPG;1
\gato_domestico\gato_WellingtonCameraTraps_SS\0507152210180359L103.JPG;1
\lince\Lince_a_Linces2_Leo_JC\lince120 (65).JPG;1
\micromamiferos\rat_IslandConservationCameraTraps\micronesia_cam13april2019_20190411_223850_rcnx0044.jpg;1
\zorro\zorro_PNC_2014_manuel\c11139FILE0015.JPG;1
\lince\Lince_a_Linces2_Leo_JC\lince74 (138).JPG;1
\cervidae\ciervo_Paco_Carro_JC\PICT0125.JPG;1
\zorro\ZORRO_PNM_2013-I_ISAAC\e757IM000031.JPG;1
\ave\ave_PNC_2013-O_RED_ISAAC\b4857IMAG0739.JPG;1
\vacia\NOANIMAL_ZOO_1_4\12_20201217 (363).JPG;0
\vacia\empty_IslandConservationCameraTraps\micronesia_cam12april2019_20190412_080502_rcnx0012.jpg;0
\cervidae\CERVIDREDORFALLOWDEER_ZOO_1_4\37_20201116 (13142).JPG;1
\lince\Lince_a_Linces2_Leo_JC\lince125 (234).JPG;1
\caballo\caballos_alumno_AM\caballos_alumno_AM\2_20201215 (7584).JPG;1
\ave\ave_PNC_2013-O_RED_ISAAC\b4340IMAG0208.JPG;1
\cervidae\cervido_simone_2\34_20201024 (5464).JPG;1
\gato_domestico\gato_WellingtonCameraTraps_SS\2504152226060235S133.JPG;1
\vacia\Nothing_mammalWeb\44466.jpg;0
\humanovehiculo\humano_vehiculo_PNC_2013-I_ISAAC\1673IM000231.JPG;1
\ave\rooster_IslandConservationCameraTraps\palau_cam13a12132018_20180913_101953_rcnx0363.jpg;1
\vacia\vacias_PNC_2013-O_RED_ME\b8608IMAG0006.JPG;0
\cervidae\deer_CaltechCameraTrap\59531c48-23d2-11e8-a6a3-ec086b02610b.jpg;1
\vacia\Nothing_mammalWeb\6795.jpg;0
\vacia\NOANIMAL_ZOO_1_4\10_20210115 (4042).JPG;0
\vacia\empty_IslandConservationCameraTraps\dominicanrepublic_cam0425abril2015_20130818_044209_sunp2860.jpg;0
\vaca\COW_ZOO_1_4\6_20201116 (1020).JPG;1
\vaca\COW_ZOO_5_6_7_9\21_20200113 (1220) (2021_04_15 06_16_22 UTC).JPG;1
\ave\ave_ave_WellingtonCameraTraps_SS\100416161538049c5351.JPG;1
\caballo\caballos_alumno_AM\caballos_alumno_AM\9_20201712 (1158).JPG;1
\vacia\NOANIMAL_ZOO_5_6_7_9\25_20210417 (12704).JPG;0
\vacia\NOANIMAL_ZOO_5_6_7_9\50_20210417 (25542).JPG;0
\cervidae\gamo_buscar_cab_isaac_sin_contar\9_20201118 (243).JPG;1
\mapache\raccoon_CaltechCameraTrap_ME\58fbece3-23d2-11e8-a6a3-ec086b02610b.jpg;1
\caballo\HORSE_ZOO_1_4\15_20210117 (14180).JPG;1
\humanovehiculo\car_CaltechCameraTrap_ME\vehiculo\588a676b-23d2-11e8-a6a3-ec086b02610b.jpg;1
\zorro\zorro_PNM_2012_ISAAC\d11267IM000035.JPG;1
\lince\Lince_b_Linces2_Leo_JC\lince153 (86).JPG;1
\humanovehiculo\humanovehiculo_PNM_2013-I_ME\e2634IM000507.JPG;1
\ave\ave_ave_WellingtonCameraTraps_SS\090216083918023cs371.JPG;1
\ave\OTHERSPECIES_ZOO_5_6_7_9\36_20210319 (373).JPG;1
\ave\ave_PNC_2013-O_RED_ISAAC\b6272FILE0033.JPG;1
\ave\Petirrojo_PNC_2013-O_ME\b20049IMAG0096.JPG;1
\vaca\COW_ZOO_1_4\21_20201217 (4859).JPG;1
\cervidae\CERVIDREDORFALLOWDEER_ZOO_5_6_7_9\38_20210219 (1019) (2021_04_15 06_16_22 UTC).JPG;1
\leporido\rabbit_IslandConservationCameraTraps\chile_frances022013_14052013140828.jpg;1
\vacia\NOANIMAL_ZOO_5_6_7_9\36_20210618 (3871).JPG;0
\zorro\Zorro_PNC_2013-O_ME\b17390IM000031.JPG;1
\cervidae\3_ciervo_simone_2\34_20201024 (5721).JPG;1
\gato_domestico\gato_WellingtonCameraTraps_SS\090716071706017bs024.JPG;1
\vaca\COW_ZOO_5_6_7_9\21_20210418 (4009).JPG;1
\lince\Lince_a_Linces2_Leo_JC\Lince60 (299).JPG;1
\zorro\zorro_PNC_2014_manuel\c27798IM000049.JPG;1
\vacia\NOANIMAL_ZOO_5_6_7_9\2_20210417 (884).JPG;0
\vacia\NOANIMAL_ZOO_5_6_7_9\50_20210408 (843).JPG;0
\cervidae\ciervo_Javi_3_JC\26_20201020 (3522).JPG;1
\vacia\NOANIMAL_ZOO_5_6_7_9\24_20210318 (13040).JPG;0
\zorro\Zorro_Pepe_IREC\Zorro_Pepe_Irec_ME\IMAG0219_(2).JPG;1
\vaca\COW_ZOO_1_4\6_20201116 (3003).JPG;1
\vacia\NOANIMAL_ZOO_5_6_7_9\2_20210417 (16072).JPG;0
\vacia\NOANIMAL_ZOO_1_4\34_20210115 (8791).JPG;0
\perro\perros_fotosManuelEmilio20200912\IMG_0115.JPG;1
\ave\bird_CaltechCameraTrap\5897b1e7-23d2-11e8-a6a3-ec086b02610b.jpg;1
\vacia\empty_SnapshotMountainZebra\MTZ_S1_C06_R1_IMAG3717.JPG;0
\vacia\empty_IslandConservationCameraTraps\dominicanrepublic_cam2015abril2015_20150403_143126_img_3283.jpg;0
\cervidae\CERVIDREDORFALLOWDEER_ZOO_1_4\34_20201024 (6264).JPG;1
\vacia\NOANIMAL_ZOO_5_6_7_9\39_20210615 (20364).JPG;0
\vaca\cow_CaltechCameraTrap\58995aa3-23d2-11e8-a6a3-ec086b02610b.jpg;1
\ave\bird_CaltechCameraTrap\595634bc-23d2-11e8-a6a3-ec086b02610b.jpg;1
\jabali\WILDBOAR_ZOO_1_4\15_20210117 (6879).JPG;1
\leporido\rabbit_IslandConservationCameraTraps\chile_frances012013_31122012143234.jpg;1
\vacia\NOANIMAL_ZOO_5_6_7_9\28_20210219 (1205) (2021_04_15 06_16_22 UTC).JPG;0
\leporido\conejo_leo_donana\0008498.JPG;1
\humanovehiculo\HUMANORVEHICLE_ZOO_1_4\11_20210114 (1101).JPG;1
\cervidae\CERVIDREDORFALLOWDEER_ZOO_1_4\40_20201215 (3062).JPG;1
\mapache\raccoon_CaltechCameraTrap_ME\59104bcc-23d2-11e8-a6a3-ec086b02610b.jpg;1
\gato_domestico\gato_WellingtonCameraTraps_SS\2404152037420952S353.JPG;1
\vacia\vacias_2_de_2_PNC_2012_ISAAC\a41648IM000702.JPG;0
\cervidae\Ciervo_PNM_2013-0_ME\f20374IM000118.JPG;1
\cervidae\CERVIDREDORFALLOWDEER_ZOO_5_6_7_9\15_20210219 (6929) (2021_04_15 06_16_22 UTC).JPG;1
\perro\dog_caltechCameraTraps\597cd6e3-23d2-11e8-a6a3-ec086b02610b.jpg;1
\vacia\NOANIMAL_ZOO_1_4\6_20201812 (9876).JPG;0
\cervidae\ciervo_vacías_humanos_PNC_2012_ME\a6663IM000041.JPG;1
\ave\shearwater_IslandConservationCameraTraps\chile_vaqueria2013_1012201250207.jpg;1
\vacia\vacia_alumno_2_AM_JC\DSCF0079_frame050.jpg;0
\caballo\2_caballo_Paco_Carro_JC\PICT0343.JPG;1
\jabali\WILDBOAR_ZOO_5_6_7_9\10_20210319 (9811).JPG;1
\vacia\empty_IslandConservationCameraTraps\micronesia_cam14april2019_20190415_154811_rcnx0005.jpg;0
\lince\Lince_a_Linces2_Leo_JC\lince111 (31).JPG;1
\cervidae\CERVIDREDORFALLOWDEER_ZOO_5_6_7_9\36_20210319 (12144).JPG;1
\cervidae\cervidae_alumno_2_AM_JC\DSCF0085_frame153.jpg;1
\caballo\caballo_Paco_Carro_JC\PICT0326.JPG;1
\jabali\WILDBOAR_ZOO_1_4\29_20201023 (974).JPG;1
\jabali\jabali_alumno_2_2_TH_JC\37_20201024 (10599).JPG;1
\cervidae\CERVIDREDORFALLOWDEER_ZOO_5_6_7_9\2_20210219 (3840) (2021_04_15 06_16_22 UTC).JPG;1
\vacia\vacia_alumno_1_AM_2\26_20201020 (334).JPG;0
\jabali\2_jabali_javi_JC\9_20201025 (728).JPG;1
\zorro\zorro_PNC_2013-O_RED_ISAAC\b548IMAG0037.JPG;1
\jabali\WILDBOAR_ZOO_1_4\31_20201023 (336).JPG;1
\vacia\NOANIMAL_ZOO_1_4\43_20201217 (1755).JPG;0
\vacia\empty_IslandConservationCameraTraps\dominicanrepublic_cam1826julio2015_20150707_124704_img_1431.jpg;0
\cervidae\CERVIDREDORFALLOWDEER_ZOO_1_4\35_20210114 (2431).JPG;1
\humanovehiculo\humano_vehiculo_PNM_2013-O_ISAAC\f3947IM000017.JPG;1
\humanovehiculo\car_CaltechCameraTrap_ME\vehiculo\59aada68-23d2-11e8-a6a3-ec086b02610b.jpg;1
\ave\American Crow_ena24\8061.jpg;1
\cervidae\CERVIDREDORFALLOWDEER_ZOO_5_6_7_9\21_20210615 (1257).JPG;1
\vacia\NOANIMAL_ZOO_1_4\19_20201218 (16).JPG;0
\vacia\empty_SnapshotMountainZebra\MTZ_S1_D06_R1_IMAG1997.JPG;0
\mapache\raccoon_CaltechCameraTrap_ME\59a62c77-23d2-11e8-a6a3-ec086b02610b.jpg;1
\vacia\NOANIMAL_ZOO_1_4\6_20201023 (2959).JPG;0
\vacia\vacias_1_de_2_PNC_2012_ISAAC\a37757IM000884.JPG;0
\cervidae\Ciervo_PNC_2013-O_ME\b5952IM000420.JPG;1
\cervidae\CERVIDREDORFALLOWDEER_ZOO_1_4\2_20210115 (7290).JPG;1
\micromamiferos\micromamifero_WellingtonCameraTraps_SS\180716212714045c7513.JPG;1
\ave\rooster_IslandConservationCameraTraps\palau_cam13a12132018_20181117_100958_rcnx1413.jpg;1
\cervidae\ciervo_PNC_2013-O_RED_ISAAC\b6500IMAG0028.JPG;1
\vacia\NOANIMAL_ZOO_5_6_7_9\39_20210417 (2722).JPG;0
\caballo\caballos_alumno_AM\caballos_alumno_AM\2_20201215 (1959).JPG;1
\gato_domestico\gato_WellingtonCameraTraps_SS\1606150306200379L131.JPG;1
\zorro\REDFOX_ZOO_5_6_7_9\48_20210615 (132).JPG;1
\humanovehiculo\humano_vehiculo_PNM_2013-O_ISAAC\f26930IMAG0023.JPG;1
\vacia\NOANIMAL_ZOO_5_6_7_9\13_20210218 (955) (2021_04_15 06_16_22 UTC).JPG;0
\garduna\garduña_Saul Martin_FRAMES_SIN_REPETIDOS_REVISADOS_DIEGO\IMAG0032_frame360.jpg;1
\vacia\NOANIMAL_ZOO_1_4\13_20201219 (407).JPG;0
\leporido\rabbit_IslandConservationCameraTraps\chile_frances012013_1401201330927.jpg;1
\humanovehiculo\humanovehiculo_PNC_2014_manuel\c14943IMAG0407.JPG;1
\vacia\NOANIMAL_ZOO_1_4\9_20201025 (807).JPG;0
\vacia\vacias_PNC_2014_manuel\c9010IM000095.JPG;0
\tejon\tejon_vacías_humanos_PNC_2012_ME\a40364IMAG0017.JPG;1
\cervidae\CERVIDREDORFALLOWDEER_ZOO_1_4\21_20201025 (4808).JPG;1
\vacia\NOANIMAL_ZOO_5_6_7_9\24_20210418 (14989).JPG;0
\garduna\Garduna_PNM_2013-0_ME\f29446IMAG1027.JPG;1
\leporido\rabbit_CaltechCameraTrap_ME\5a063188-23d2-11e8-a6a3-ec086b02610b.jpg;1
\ave\OTHERSPECIES_ZOO_5_6_7_9\38_20210618 (715).JPG;1
\cervidae\CERVIDREDORFALLOWDEER_ZOO_1_4\15_20210117 (16113).JPG;1
\vacia\NOANIMAL_ZOO_5_6_7_9\5_20210319 (1655).JPG;0
\cervidae\ciervo_alumno_1_AM_2\40_20201024 (1256).JPG;1
\ave\ave_Soraya_Padilla_Alumno_1_TH\DSCF0085_frame120.jpg;1
\cervidae\ciervo_vacías_humanos_PNC_2012_ME\a4115IM000112.JPG;1
\vacia\NOANIMAL_ZOO_5_6_7_9\2_20210618 (21563).JPG;0
\caballo\HORSE_ZOO_1_4\15_20201215 (160).JPG;1
\vacia\empty_IslandConservationCameraTraps\dominicanrepublic_cam1826junio2015_20150505_123528_img_2935.jpg;0
\leporido\conejo_Paco_Carro_JC\PICT2217.JPG;1
\zorro\ZORRO_PNM_2013-I_ISAAC\e4246IM000076.JPG;1
\vaca\COW_ZOO_1_4\17_20210114 (1716).JPG;1
\jabali\jabali_PNC_2013-O_RED_ISAAC\b10825IMAG0383.JPG;1
\cervidae\ciervo_simone_2\39_20201019 (289).JPG;1
\cervidae\2_Ciervos_PNC_2014_JC\c26729IMAG0103.JPG;1
\vacia\NOANIMAL_ZOO_5_6_7_9\24_20210318 (5267).JPG;0
\humanovehiculo\HUMANORVEHICLE_ZOO_1_4\21_20201025 (6267).JPG;1
\caballo\caballos_javier_JC\35_20201218 (522).JPG;1
\vacia\empty_SnapshotMountainZebra\MTZ_S1_E06_R3_IMAG1365.JPG;0
\cervidae\CERVIDREDORFALLOWDEER_ZOO_1_4\21_20201025 (4078).JPG;1
\cervidae\ciervo_PNC_2013-I_RED_ME\7462IM000039.JPG;1
\zorro\zorro_PNC_2013-I_RED_ME\1022IMAG0053.JPG;1
\leporido\conejo_Paco_Carro_JC\PICT0881.JPG;1
\ave\shearwater_IslandConservationCameraTraps\chile_vaqueria2013_0701201333154.jpg;1
\ave\ave_ave_WellingtonCameraTraps_SS\080716145236047a8282.JPG;1
\vacia\empty_IslandConservationCameraTraps\dominicanrepublic_cam10618mayo2017_20161123_133651_img_0210.jpg;0
\cervidae\CERVIDREDORFALLOWDEER_ZOO_1_4\25_20201218 (75).JPG;1
\vacia\NOANIMAL_ZOO_5_6_7_9\50_20210408 (7221).JPG;0
\cervidae\ciervo_PNC_2013-O_RED_ISAAC\b5617IM000324.JPG;1
\leporido\rabbit_IslandConservationCameraTraps\chile_frances012013_25122012141930.jpg;1
\cervidae\CERVIDREDORFALLOWDEER_ZOO_5_6_7_9\5_20210319 (823).JPG;1
\vacia\NOANIMAL_ZOO_5_6_7_9\47_20210404 (242).JPG;0
\micromamiferos\rodent_CaltechCameraTrap_JC\Roedor_ rodent_CaltechCameraTrap_JC\58d2ebf3-23d2-11e8-a6a3-ec086b02610b.jpg;1
\perro\dog_caltechCameraTraps\59eab6e0-23d2-11e8-a6a3-ec086b02610b.jpg;1
\vacia\empty_SnapshotMountainZebra\MTZ_S1_D05_R1_IMAG0904.JPG;0
\cervidae\cervidae_ME_rev_3_donana\30_20201021 (12164).JPG;1
\vacia\NOANIMAL_ZOO_5_6_7_9\25_20210417 (13085).JPG;0
\vacia\empty_SnapshotMountainZebra\MTZ_S1_D06_R1_IMAG1519.JPG;0
\cervidae\ciervo_simone_2\34_20201024 (5989).JPG;1
\jabali\jabali_alumno_1_AM_2\28_20201019 (1497).JPG;1
\ave\OTHERSPECIES_ZOO_5_6_7_9\38_20210618 (1018).JPG;1
\perro\perros_ME_CASA\IMG_0725.JPG;1
\vacia\vacia_Paco_Carro_JC\IMG_0538 (2).JPG;0
\jabali\jabali_vacías_humanos_PNC_2012_ME\a30395IM000195.JPG;1
\vacia\NOANIMAL_ZOO_5_6_7_9\25_20210417 (15931).JPG;0
\cervidae\ciervo_PNM_2012_ME\d15714FILE0007.JPG;1
\humanovehiculo\car_CaltechCameraTrap_ME\vehiculo\5903ccda-23d2-11e8-a6a3-ec086b02610b.jpg;1
\ave\Bird_ena24\1576.jpg;1
\vacia\vacia_Soraya_Padilla_Alumno_1_TH\DSCF0059_frame050.jpg;0
\jabali\WILDBOAR_ZOO_5_6_7_9\20_20210319 (8182).JPG;1
\zorro\zorro_PNC_2013-O_RED_ISAAC\b19370IMAG0058.JPG;1
\cervidae\CERVIDREDORFALLOWDEER_ZOO_1_4\21_20201025 (3128).JPG;1
\leporido\rabbit_CaltechCameraTrap_ME\589e660f-23d2-11e8-a6a3-ec086b02610b.jpg;1
\jabali\jabali_Saul Martin_FRAMES_SIN_REPETIDOS_REVISADOS_DIEGO\IMAG0017_frame140.jpg;1
\leporido\rabbit_IslandConservationCameraTraps\chile_frances012013_20122012231231.jpg;1
\leporido\rabbit_IslandConservationCameraTraps\chile_frances012013_06012013133249.jpg;1
\ave\OTHERSPECIES_ZOO_5_6_7_9\21_20200113 (1644) (2021_04_15 06_16_22 UTC).JPG;1
\lince\Lince_a_Linces2_Leo_JC\lince125 (283).JPG;1
\vacia\NOANIMAL_ZOO_1_4\6_20210115 (18192).JPG;0
\vacia\empty_caltechCameraTraps\59b7a7ff-23d2-11e8-a6a3-ec086b02610b.jpg;0
\vacia\vacia_Paco_Carro_JC\PICT0868 (2).JPG;0
\leporido\rabbit_CaltechCameraTrap_ME\5954aa80-23d2-11e8-a6a3-ec086b02610b.jpg;1
\micromamiferos\rat_IslandConservationCameraTraps\micronesia_cam06_cam06june2019_pig_20190629191737_11355.jpg;1
\vacia\empty_SnapshotMountainZebra\MTZ_S1_E04_R1_IMAG0555.JPG;0
\vacia\NOANIMAL_ZOO_5_6_7_9\50_20210408 (9972).JPG;0
\vacia\NOANIMAL_ZOO_5_6_7_9\19_20210319 (2557).JPG;0
\vacia\NOANIMAL_ZOO_1_4\9_20201118 (906).JPG;0
\cervidae\CERVIDREDORFALLOWDEER_ZOO_1_4\2_20201215 (1566).JPG;1
\gato_domestico\cat_IslandConservationCameraTraps\puertorico_18_20150306_074024_img_0335.jpg;1
\leporido\rabbit_IslandConservationCameraTraps\chile_frances022013_13052013134636.jpg;1
\vacia\NOANIMAL_ZOO_1_4\14_20201218 (1172).JPG;0
\humanovehiculo\humanovehiculo_Caltech\59aadb1e-23d2-11e8-a6a3-ec086b02610b.jpg;1
\zorro\zorro_PNC_2012_JC\a28993IM000112.JPG;1
\vaca\COW_ZOO_1_4\21_20201119 (22).JPG;1
\zorro\ZORRO_PNM_2012_ISAAC\d16349IM000024.JPG;1
\lince\Lince_a_Linces2_Leo_JC\lince102 (224).JPG;1
\lince\Lince_b_Linces2_Leo_JC\lince133 (10).JPG;1
\vacia\vacia_alumno_1_AM\39_20201019 (150).JPG;0
\humanovehiculo\humanovehiculo_vacías_humanos_PNC_2012_ME\a10870IM000020.JPG;1
\vaca\COW_ZOO_5_6_7_9\21_20210418 (2237).JPG;1
\gato_domestico\gato_WellingtonCameraTraps_SS\091116225314044a1131.JPG;1
\jabali\WILDBOAR_ZOO_1_4\33_20201217 (92).JPG;1
\cervidae\Ciervo_PNC_2012_JC\a43278IM000072.JPG;1
\vacia\empty_SnapshotKaroo\KAR_S1_C03_R1_IMAG0744.JPG;0
\leporido\rabbit_CaltechCameraTrap_ME\593a4ce8-23d2-11e8-a6a3-ec086b02610b.jpg;1
\vacia\vacias_1_de_2_PNC_2012_ISAAC\a38701IMAG0447.JPG;0
\humanovehiculo\humanovehiculo_Caltech\596107f7-23d2-11e8-a6a3-ec086b02610b.jpg;1
\cervidae\CERVIDREDORFALLOWDEER_ZOO_1_4\34_20201024 (3712).JPG;1
\vacia\vacia_alumno_AM_2\42_20201026 (81).JPG;0
\caballo\caballos_javier_JC\2_20201117 (3704).JPG;1
\leporido\rabbit_IslandConservationCameraTraps\chile_frances022013_03052013120901.jpg;1
\perro\dog_caltechCameraTraps\5976a2bb-23d2-11e8-a6a3-ec086b02610b.jpg;1
\vacia\NOANIMAL_ZOO_5_6_7_9\25_20210417 (8692).JPG;0
\zorro\zorro_PNC_2014_manuel\c2642IM000179.JPG;1
\mapache\raccoon_CaltechCameraTrap_ME\58f1096f-23d2-11e8-a6a3-ec086b02610b.jpg;1
\jabali\Jabali_PNM_2013-0_ME\f11438IM000075.JPG;1
\micromamiferos\rodent_CaltechCameraTrap_JC\Roedor_ rodent_CaltechCameraTrap_JC\59104942-23d2-11e8-a6a3-ec086b02610b.jpg;1
\leporido\rabbit_IslandConservationCameraTraps\chile_piedra012013_2101201313000.jpg;1
\jabali\jabali_javi_JC\17_20201026 (668).JPG;1
\vacia\empty_caltechCameraTraps\59c31a25-23d2-11e8-a6a3-ec086b02610b.jpg;0
\ave\ave_Paco_Carro_JC\IMG_0079.JPG;1
\vacia\NOANIMAL_ZOO_1_4\7_20210115 (1826).JPG;0
\vacia\vacia_Paco_Carro_JC\PICT0586.JPG;0
\humanovehiculo\humanovehiculo_Caltech\59910491-23d2-11e8-a6a3-ec086b02610b.jpg;1
\caballo\HORSE_ZOO_1_4\10_20201218 (2555).JPG;1
\vacia\NOANIMAL_ZOO_1_4\6_20201812 (9628).JPG;0
\jabali\WILDBOAR_ZOO_1_4\7_20201118 (1862).JPG;1
\vaca\COW_ZOO_5_6_7_9\35_20210218 (1979) (2021_04_15 06_16_22 UTC).JPG;1
\humanovehiculo\humano_vehiculo_PNM_2013-O_ISAAC\f4218IM000002.JPG;1
\zorro\zorro_PNC_2013-O_RED_ISAAC\b19569IMAG0141.JPG;1
\vacia\NOANIMAL_ZOO_5_6_7_9\2_20210618 (17492).JPG;0
\humanovehiculo\humano_vehiculo_PNM_2012_ISAAC\d11347IM000114.JPG;1
\jabali\jabali_vacías_humanos_PNC_2012_ME\a30298IM000093.JPG;1
\cervidae\CERVIDREDORFALLOWDEER_ZOO_1_4\21_20201025 (5963).JPG;1
\jabali\WILDBOAR_ZOO_1_4\12_20201118 (244).JPG;1
\vacia\vacio_Saul Martin_FRAMES_SIN_REPETIDOS_REVISADOS_DIEGO\IMAG0006_frame400.jpg;0
\cervidae\CERVIDREDORFALLOWDEER_ZOO_5_6_7_9\50_20210408 (27376).JPG;1
\cervidae\2_ciervo_Javi_3_JC\21_20201025 (1746).JPG;1
\vacia\NOANIMAL_ZOO_5_6_7_9\2_20210319 (8883).JPG;0
\vaca\COW_ZOO_5_6_7_9\2_20210319 (8559).JPG;1
\vacia\NOANIMAL_ZOO_1_4\34_20210115 (2517).JPG;0
\cervidae\CERVIDREDORFALLOWDEER_ZOO_1_4\18_20200130 (1998).JPG;1
\humanovehiculo\humano_vehiculo_PNC_2013-I_ISAAC\6114IM000003.JPG;1
\lince\Lince_a_Linces2_Leo_JC\lince94 (447).JPG;1
\zorro\zorro_PNC_2013-I_ME\5088IM000016.JPG;1
\cervidae\ciervo_vacías_humanos_PNC_2012_ME\a34028IM000249.JPG;1
\vacia\empty_SnapshotMountainZebra\MTZ_S1_D05_R1_IMAG1246.JPG;0
\cervidae\ciervo_PNC_2013-I_RED_ME\1554IM000105.JPG;1
\vaca\COW_ZOO_1_4\21_20201217 (4488).JPG;1
\vacia\Nothing_mammalWeb\4126.jpg;0
\jabali\Jabali_PNC_2012_JC\a35420IM000074.JPG;1
\cervidae\CERVIDREDORFALLOWDEER_ZOO_1_4\37_20201024 (4643).JPG;1
\vacia\empty_caltechCameraTraps\596293b6-23d2-11e8-a6a3-ec086b02610b.jpg;0
\caballo\caballos_javier_JC\2_20201117 (3542).JPG;1
\vacia\empty_SnapshotMountainZebra\MTZ_S1_D05_R1_IMAG0959.JPG;0
\vacia\empty_SnapshotMountainZebra\MTZ_S1_G04_R3_IMAG3373.JPG;0
\vacia\NOANIMAL_ZOO_5_6_7_9\1_20210319 (562).JPG;0
\caballo\caballos_alumno_AM\caballos_alumno_AM\2_20201215 (3330).JPG;1
\mapache\raccoon_CaltechCameraTrap_ME\59d8ed96-23d2-11e8-a6a3-ec086b02610b.jpg;1
\vacia\NOANIMAL_ZOO_1_4\7_20210115 (2043).JPG;0
\jabali\WILDBOAR_ZOO_1_4\37_20201116 (10691).JPG;1
\zorro\REDFOX_ZOO_5_6_7_9\11_20210218 (437) (2021_04_15 06_16_22 UTC).JPG;1
\vaca\COW_ZOO_1_4\21_20210114 (695).JPG;1
\zorro\zorro_PNM_2013-I_ISAAC\e1011IM000035.JPG;1
\zorro\REDFOX_ZOO_5_6_7_9\2_20210319 (3700).JPG;1
\zorro\Zorro_Pepe_IREC\Zorro_Pepe_Irec_ME\IMAG0503_(3).JPG;1
\jabali\WILDBOAR_ZOO_5_6_7_9\28_20210417 (5560).JPG;1
\jabali\jabali_PNC_2014_manuel\c22453IM000092.JPG;1
\lince\Lince_a_Linces2_Leo_JC\lince78 (46).JPG;1
\gato_domestico\gato_WellingtonCameraTraps_SS\2703150551460194S223.JPG;1
\cervidae\ciervo_PNC_2014_ISAAC\c6713IM000064.JPG;1
\cervidae\cervidae_buscar_cab_isaac_sin_contar\9_20201118 (1217).JPG;1
\zorro\Zorro_PNC_2013-O_ME\b8029IM000197.JPG;1
\vaca\COW_ZOO_5_6_7_9\39_20210417 (1826).JPG;1
\cervidae\ciervo_PNC_2013-O_RED_ISAAC\b16527IM000127.JPG;1
\micromamiferos\rodent_CaltechCameraTrap_JC\Roedor_ rodent_CaltechCameraTrap_JC\591cb2da-23d2-11e8-a6a3-ec086b02610b.jpg;1
\humanovehiculo\car_CaltechCameraTrap_ME\vehiculo\59328d87-23d2-11e8-a6a3-ec086b02610b.jpg;1
\gato_domestico\cat_IslandConservationCameraTraps\chile_frances022013_25052013174404.jpg;1
\vacia\Vacia_ME_rev_3_donana\37_20201024 (2061).JPG;0
\zorro\zorro_PNC_2013-I_ME\4659IM000095.JPG;1
\vacia\vacia_alumno_1_TH\Nada (52)_frame070.jpg;0
\cervidae\ciervo_PNC_2013-I_ME\5552IMAG0028.JPG;1
\humanovehiculo\car_CaltechCameraTrap_ME\vehiculo\58b12fe7-23d2-11e8-a6a3-ec086b02610b.jpg;1
\zorro\zorro_PNM_2013-I_ISAAC\e2404IM000264.JPG;1
\vacia\vacia_alumno_1_AM\10_20201019 (489).JPG;0
\caballo\HORSE_ZOO_1_4\35_20210114 (1498).JPG;1
\vacia\NOANIMAL_ZOO_5_6_7_9\32_20210218 (36) (2021_04_15 06_16_22 UTC).JPG;0
\cervidae\CERVIDREDORFALLOWDEER_ZOO_5_6_7_9\39_20210417 (117).JPG;1
\humanovehiculo\humanovehiculo_PNM_2013-I_ME\e4170IM000002.JPG;1
\gato_domestico\cat_IslandConservationCameraTraps\palau_cam04a12132018_20181015_030558_rcnx1806.jpg;1
\jabali\WILDBOAR_ZOO_1_4\37_20201116 (12693).JPG;1
\cervidae\deer_CaltechCameraTrap\59641fdc-23d2-11e8-a6a3-ec086b02610b.jpg;1
\cervidae\deer_CaltechCameraTrap\5956358f-23d2-11e8-a6a3-ec086b02610b.jpg;1
\vacia\NOANIMAL_ZOO_5_6_7_9\28_20210219 (897) (2021_04_15 06_16_22 UTC).JPG;0
\cervidae\CERVIDREDORFALLOWDEER_ZOO_5_6_7_9\21_20210615 (213).JPG;1
\vacia\vacia_alumno_TH_3_TH_JC\40_20201024 (5985).JPG;0
\leporido\CONEJO_PNM_2012_ISAAC\d13662IM000041.JPG;1
\vacia\empty_IslandConservationCameraTraps\dominicanrepublic_cam1826junio2015_20150505_064616_img_0980.jpg;0
\leporido\conejo_Paco_Carro_JC\PICT0689.JPG;1
\leporido\Conejo_Leo_Otra_fauna_PASADA_POR_LA_RED_JC\Otrafauna (914).JPG;1
\leporido\Rabbit_mammalWeb\11008.jpg;1
\ave\OTHERSPECIES_ZOO_5_6_7_9\15_20210219 (5073) (2021_04_15 06_16_22 UTC).JPG;1
\cervidae\CERVIDREDORFALLOWDEER_ZOO_1_4\2_20201117 (5841).JPG;1
\jabali\jabali_alumno_2_2_TH_JC\37_20201024 (1372).JPG;1
\vacia\NOANIMAL_ZOO_5_6_7_9\36_20210319 (513).JPG;0
\cervidae\CERVIDREDORFALLOWDEER_ZOO_1_4\4_20201220 (7282).JPG;1
\zorro\2_zorro_Paco_Garcia_JC\zorro_pareja_celo.JPG;1
\ave\OTHERSPECIES_ZOO_5_6_7_9\38_20210618 (2799).JPG;1
\ave\ave_Soraya_Padilla_Alumno_1_TH\IMAG0030_frame200.jpg;1
\vacia\empty_IslandConservationCameraTraps\dominicanrepublic_cam1826julio2015_20150628_100922_img_0553.jpg;0
\leporido\rabbit_IslandConservationCameraTraps\chile_frances012013_0901201340553.jpg;1
\cervidae\CERVIDREDORFALLOWDEER_ZOO_5_6_7_9\5_20210319 (2541).JPG;1
\leporido\conejo_Paco_Carro_JC\PICT1827.JPG;1
\vacia\empty_SnapshotMountainZebra\MTZ_S1_E06_R1_IMAG1479.JPG;0
\meloncillo\MELONCILLO_PNM_2013-I_ISAAC\e3264IM000025.JPG;1
\jabali\WILDBOAR_ZOO_1_4\37_20201116 (14594).JPG;1
\vacia\NOANIMAL_ZOO_1_4\7_20210115 (2793).JPG;0
\vacia\NOANIMAL_ZOO_5_6_7_9\31_20210615 (966).JPG;0
\tejon\EUROPEANBADGER_ZOO_1_4\42_20201026 (48).JPG;1
\jabali\WILDBOAR_ZOO_1_4\29_20201023 (572).JPG;1
\vacia\NOANIMAL_ZOO_5_6_7_9\24_20210318 (5957).JPG;0
\ave\birdother_SnapshotCamdeboo\CDB_S1_C07_R1_IMAG1544.JPG;1
\zorro\zorro_PNC_2014_manuel\c9737IM000042.JPG;1
\vacia\empty_IslandConservationCameraTraps\ecuador1_ic1619_20181130_114924_img_0550.jpg;0
\ave\rooster_IslandConservationCameraTraps\palau_cam03a08312018_20180824_142224_rcnx0084.jpg;1
\leporido\rabbit_CaltechCameraTrap_ME\591049f3-23d2-11e8-a6a3-ec086b02610b.jpg;1
\cervidae\ciervo_simone_2\37_20201024 (11743).JPG;1
\humanovehiculo\humano_vehiculo_PNM_2012_ISAAC\d3048IM000015.JPG;1
\vacia\empty_IslandConservationCameraTraps\puertorico_23_20150114_045907_ek001599.jpg;0
\jabali\jabali_PNC_2014_manuel\c5340IM000014.JPG;1
\vacia\NOANIMAL_ZOO_5_6_7_9\39_20210318 (1348).JPG;0
\cervidae\CERVIDREDORFALLOWDEER_ZOO_5_6_7_9\19_20210219 (870) (2021_04_15 06_16_22 UTC).JPG;1
\vacia\empty_caltechCameraTraps\59751691-23d2-11e8-a6a3-ec086b02610b.jpg;0
\vacia\NOANIMAL_ZOO_5_6_7_9\50_20210417 (19985).JPG;0
\cervidae\CERVIDREDORFALLOWDEER_ZOO_5_6_7_9\38_20210219 (1012) (2021_04_15 06_16_22 UTC).JPG;1
\lince\Lince_a_Linces2_Leo_JC\Lince60 (76).jpg;1
\tejon\Tejon_PEPE_IREC_JC\IMAG0114.JPG;1
\zorro\zorro_PNM_2013-O_ME\f13763IMAG0805.JPG;1
\vacia\NOANIMAL_ZOO_1_4\26_20201020 (17159).JPG;0
\humanovehiculo\humanovehiculo_ss\31_20201023 (14).JPG;1
\jabali\WILDBOAR_ZOO_1_4\37_20201116 (10355).JPG;1
\cervidae\2_ciervo_Javi_3_JC\21_20201025 (1786).JPG;1
\cervidae\deer_CaltechCameraTrap\59ec55a6-23d2-11e8-a6a3-ec086b02610b.jpg;1
\cervidae\ciervo_vacías_humanos_PNC_2012_ME\a23665IM000110.JPG;1
\leporido\rabbit_IslandConservationCameraTraps\chile_frances012013_0401201311746.jpg;1
\lince\Lince_a_Linces2_Leo_JC\lince128 (18).JPG;1
\humanovehiculo\humanovehiculo_PNC_2014_manuel\c30098IM000007.JPG;1
\humanovehiculo\humanovehiculo_PNC_2014_manuel\c2457IM000064.JPG;1
\jabali\jabali_vacías_humanos_PNC_2012_ME\a52615IM000158.JPG;1
\cervidae\deer_CaltechCameraTrap\59531aa7-23d2-11e8-a6a3-ec086b02610b.jpg;1
\zorro\Zorro_Pepe_IREC\Zorro_Pepe_Irec_ME\CA_34-03.17-21_31.JPG;1
\gineta\Gineta_ME\f14956IM000018.JPG;1
\vacia\empty_caltechCameraTraps\599bea1e-23d2-11e8-a6a3-ec086b02610b.jpg;0
\cervidae\CERVIDREDORFALLOWDEER_ZOO_5_6_7_9\10_20210618 (368).JPG;1
\caballo\caballos_alumno_AM\caballos_alumno_AM\9_20201712 (883).JPG;1
\cervidae\3_ciervo_simone_2\34_20201024 (5536).JPG;1
\vacia\NOANIMAL_ZOO_1_4\43_20201217 (1898).JPG;0
\leporido\rabbit_IslandConservationCameraTraps\chile_piedra012013_29042013145422.jpg;1
\jabali\5_jabali_javi_JC\37_20201024 (889).JPG;1
\humanovehiculo\HUMANORVEHICLE_ZOO_5_6_7_9\11_20210218 (971) (2021_04_15 06_16_22 UTC).JPG;1
\humanovehiculo\humanovehiculo_PNC_2014_manuel\c10818IM000004.JPG;1
\cervidae\CERVIDREDORFALLOWDEER_ZOO_1_4\9_20210114 (1372).JPG;1
\vaca\COW_ZOO_1_4\21_20201217 (4763).JPG;1
\vacia\empty_SnapshotMountainZebra\MTZ_S1_G04_R3_IMAG2807.JPG;0
\jabali\WILDBOAR_ZOO_1_4\37_20201116 (9510).JPG;1
\ave\raven_IslandConservationCameraTraps\dominicanrepublic_cam11101agosto2017_20170711_180045_img_0407.jpg;1
\vacia\empty_IslandConservationCameraTraps\puertorico_19_20150505_094732_img_0384.jpg;0
\vacia\NOANIMAL_ZOO_1_4\10_20201117 (5928).JPG;0
\vaca\COW_ZOO_1_4\21_20201217 (3982).JPG;1
\vacia\empty_IslandConservationCameraTraps\dominicanrepublic_cam1826junio2015_20150505_115707_img_2723.jpg;0
\vacia\Nothing_mammalWeb\43296.jpg;0
\vacia\NOANIMAL_ZOO_1_4\26_20201117 (1492).JPG;0
\lince\Lince_b_Linces2_Leo_JC\lince187 (48).JPG;1
\vacia\NOANIMAL_ZOO_5_6_7_9\2_20210417 (17479).JPG;0
\jabali\WILDBOAR_ZOO_1_4\15_20210117 (6682).JPG;1
\vacia\NOANIMAL_ZOO_1_4\7_20210115 (1123).JPG;0
\ave\ave_alumno_1_TH\IMAG0026_frame260.jpg;1
\ave\chicken_IslandConservationCameraTraps\palau_cam13a12132018_20181101_104021_rcnx1128.jpg;1
\ave\ave_PNC_2013-O_RED_ISAAC\b4839IMAG0719.JPG;1
\gato_domestico\gato_WellingtonCameraTraps_SS\0904151952400359L101.JPG;1
\zorro\Zorro_PNC_2014_JC\c16942IM000221.JPG;1
\cervidae\5_ciervo_simone_2\34_20201024 (5628).JPG;1
\garduna\garduna_PNC_2014_manuel\c19424IMAG0187.JPG;1
\jabali\WILDBOAR_ZOO_1_4\37_20201024 (1438).JPG;1
\vacia\Nothing_mammalWeb\697.jpg;0
\vacia\vacia_alumno_AM_2\10_20201019 (9999).JPG;0
\cervidae\Ciervo_PNC_2014_JC\c23572IM000022.JPG;1
\garduna\garduna_PNC_2013-O_RED_ISAAC\b18027IM000036.JPG;1
\vacia\empty_IslandConservationCameraTraps\dominicanrepublic_cam1826junio2015_20150505_073754_img_1243.jpg;0
\leporido\conejo_WellingtonCameraTraps_SS\2906150251040632S591.JPG;1
\zorro\zorro_ME_rev_1_donana\31_20201023 (213).JPG;1
\vaca\COW_ZOO_5_6_7_9\35_20210218 (1787) (2021_04_15 06_16_22 UTC).JPG;1
\jabali\jabali_javi_JC\24_20201019 (387).JPG;1
\vacia\vacia_alumno_2_AM_JC\DSCF0233_frame290.jpg;0
\humanovehiculo\HUMANORVEHICLE_ZOO_1_4\28_20201117 (33).JPG;1
\leporido\rabbit_CaltechCameraTrap_ME\591e3fcd-23d2-11e8-a6a3-ec086b02610b.jpg;1
\vacia\NOANIMAL_ZOO_5_6_7_9\24_20210418 (11107).JPG;0
\zorro\zorro_PNC_2014_manuel\c4812IM000077.JPG;1
\gato_domestico\gato_WellingtonCameraTraps_SS\1105152342140285S071.JPG;1
\vacia\vacia_Paco_Carro_JC\01140917.JPG;0
\humanovehiculo\HUMANORVEHICLE_ZOO_5_6_7_9\21_20210318 (14050).JPG;1
\humanovehiculo\humanovehiculo_PNC_2014_manuel\c13759IMAG0227.JPG;1
\jabali\WILDBOAR_ZOO_1_4\37_20201116 (9573).JPG;1
\vacia\NOANIMAL_ZOO_1_4\4_20210117 (3426).JPG;0
\vacia\SnampshotEnonkishu\ENO_S1_D03_R1_IMAG3169.JPG;0
\humanovehiculo\humanovehiculo_PNM_2013-I_ME\e5095IMAG0010.JPG;1
\leporido\conejo_javi_2_JC\31_20201023 (191).JPG;1
\lince\linces_fecha_Linces2_Leo_JC\2_Lince_flecha_Linces2_Leo_JC\lince164 (28).JPG;1
\cervidae\2_ciervo_simone_2\37_20201024 (472).JPG;1
\cervidae\deer_CaltechCameraTrap\59910557-23d2-11e8-a6a3-ec086b02610b.jpg;1
\leporido\rabbit_IslandConservationCameraTraps\chile_frances022013_2204201385359.jpg;1
\vacia\vacia_alumno_1_AM_2\22_20201022 (55).JPG;0
\humanovehiculo\humanovehiculo_PNM_2013-I_ME\e4861IM000105.JPG;1
\mapache\raccoon_CaltechCameraTrap_ME\59d5b8d1-23d2-11e8-a6a3-ec086b02610b.jpg;1
\caballo\HORSE_ZOO_5_6_7_9\15_20210219 (112) (2021_04_15 06_16_22 UTC).JPG;1
\vacia\Vacia_ME_rev_2_donana\34_20201024 (6992).JPG;0
\vacia\empty_IslandConservationCameraTraps\dominicanrepublic_cam1826junio2015_20150505_080840_img_1422.jpg;0
\vacia\NOANIMAL_ZOO_5_6_7_9\2_20210417 (24802).JPG;0
\cervidae\ciervo_Paco_Carro_JC\MDGC0494.JPG;1
\vacia\empty_IslandConservationCameraTraps\puertorico_23_20150119_005733_ek001828.jpg;0
\cervidae\CERVIDREDORFALLOWDEER_ZOO_5_6_7_9\1_20210618 (1871).JPG;1
\vacia\NOANIMAL_ZOO_1_4\7_20210115 (3778).JPG;0
\vacia\vacia_Paco_Carro_JC\01140901.JPG;0
\vacia\empty_IslandConservationCameraTraps\micronesia_cam16_cam16june2019_20190612162500_rcnx1425.jpg;0
\garduna\Garduña_PNC_2014_JC\c45IM000048.JPG;1
\humanovehiculo\humanovehiculo_vacías_humanos_PNC_2012_ME\a38105IMAG0011.JPG;1
\jabali\WILDBOAR_ZOO_1_4\11_20210114 (820).JPG;1
\humanovehiculo\humanovehiculo_Caltech\59817cd7-23d2-11e8-a6a3-ec086b02610b.jpg;1
\vacia\empty_SnapshotMountainZebra\MTZ_S1_D06_R1_IMAG1446.JPG;0
\ave\OTHERSPECIES_ZOO_5_6_7_9\15_20210219 (6506) (2021_04_15 06_16_22 UTC).JPG;1
\zorro\zorro_PNC_2013-I_RED_ME\497IM000033.JPG;1
\ave\petrel_chick_IslandConservationCameraTraps\ecuador2_ic1618_20181108_045244_img_0167.jpg;1
\cervidae\ciervo_PNC_2013-O_RED_ISAAC\b7594IM000170.JPG;1
\vacia\empty_SnapshotMountainZebra\MTZ_S1_D05_R1_IMAG0150.JPG;0
\cervidae\2_cervidae_alumno_2_TH\37_20201024 (10871).JPG;1
\jabali\jabali_PNC_2013-O_RED_ISAAC\b81IM000075.JPG;1
\jabali\jabali_javi_JC\31_20201023 (417).JPG;1
\gineta\gineta_Saul Martin_FRAMES_SIN_REPETIDOS_REVISADOS_DIEGO\IMAG0017_frame120 - copia.jpg;1
\cervidae\ciervo_Javi_3_JC\34_20201024 (2441).JPG;1
\humanovehiculo\humanovehiculo_PNM_2013-I_ME\e3769IM000017.JPG;1
\caballo\HORSE_ZOO_1_4\15_20201117 (6855).JPG;1
\ave\Perdiz_PNC_2014_JC\c29938IM000161.JPG;1
\vacia\vacia_alumno_1_TH\Nada (21)_frame010.jpg;0
\jabali\WILDBOAR_ZOO_1_4\31_20210115 (95).JPG;1
\leporido\rabbit_CaltechCameraTrap_ME\598de8a5-23d2-11e8-a6a3-ec086b02610b.jpg;1
\leporido\rabbit_IslandConservationCameraTraps\chile_frances012013_30122012161817.jpg;1
\cervidae\ciervo_PNM_2012_ME\d6396IMAG0015.JPG;1
\vacia\empty_IslandConservationCameraTraps\dominicanrepublic_cam3001octubre2017_20170903_105758_img_0090.jpg;0
\zorro\fox_CaltechCameraTrap_ME\599d7e6d-23d2-11e8-a6a3-ec086b02610b.jpg;1
\gato_domestico\gato_WellingtonCameraTraps_SS\190116060718015b5021.JPG;1
\vacia\NOANIMAL_ZOO_5_6_7_9\24_20210615 (15206).JPG;0
\vacia\empty_caltechCameraTraps\59849806-23d2-11e8-a6a3-ec086b02610b.jpg;0
\vacia\SnampshotEnonkishu\ENO_S1_D06_R1_IMAG1673.JPG;0
\ave\ave_ave_WellingtonCameraTraps_SS\060516131526038as465.JPG;1
\vacia\vacias_2_de_2_PNC_2012_ISAAC\a5490IM000292.JPG;0
\cervidae\deer_CaltechCameraTrap\5998cc7f-23d2-11e8-a6a3-ec086b02610b.jpg;1
\vacia\NOANIMAL_ZOO_5_6_7_9\1_20210219 (425) (2021_04_15 06_16_22 UTC).JPG;0
\leporido\rabbit_CaltechCameraTrap_ME\59849704-23d2-11e8-a6a3-ec086b02610b.jpg;1
\leporido\rabbit_IslandConservationCameraTraps\chile_piedra012013_2802201374936.jpg;1
\jabali\jabali_javi_JC\31_20201023 (265).JPG;1
\micromamiferos\rodent_CaltechCameraTrap_JC\Roedor_ rodent_CaltechCameraTrap_JC\588c1431-23d2-11e8-a6a3-ec086b02610b.jpg;1
\humanovehiculo\humanovehiculo_PNC_2014_manuel\c14294IMAG0009.JPG;1
\vacia\NOANIMAL_ZOO_1_4\10_20201218 (1219).JPG;0
\caballo\HORSE_ZOO_1_4\15_20210117 (1584).JPG;1
\cervidae\ciervo_PNM_2012_ME\d804IM000248.JPG;1
\vacia\empty_SnapshotMountainZebra\MTZ_S1_D06_R1_IMAG2882.JPG;0
\lince\Lince_b_Linces2_Leo_JC\lince224 (82).JPG;1
\lince\linces_fecha_Linces2_Leo_JC\3_Lince_flecha_Linces2_Leo_JC\lince130 (546).JPG;1
\vacia\vacias_1_de_2_PNC_2012_ISAAC\a41188IM000471.JPG;0
\vacia\NOANIMAL_ZOO_5_6_7_9\32_20210218 (5254) (2021_04_15 06_16_22 UTC).JPG;0
\ave\ave_ave_WellingtonCameraTraps_SS\010716115412024c9713.JPG;1
\vaca\COW_ZOO_1_4\15_20201024 (8080).JPG;1
\zorro\REDFOX_ZOO_1_4\34_20201116 (1186).JPG;1
\ave\ave_alumno_1_TH\Ave (14)_frame020.jpg;1
\vacia\NOANIMAL_ZOO_5_6_7_9\13_20210218 (1341) (2021_04_15 06_16_22 UTC).JPG;0
\cervidae\CERVIDREDORFALLOWDEER_ZOO_5_6_7_9\28_20210615 (3422).JPG;1
\vacia\NOANIMAL_ZOO_1_4\10_20201117 (6888).JPG;0
\micromamiferos\rat_IslandConservationCameraTraps\micronesia_cam06_cam06june2019_pig_20190629191841_11346.jpg;1
\jabali\WILDBOAR_ZOO_5_6_7_9\33_20210318 (28).JPG;1
\vaca\COW_ZOO_1_4\6_20201116 (1151).JPG;1
\jabali\WILDBOAR_ZOO_1_4\31_20201218 (48).JPG;1
\cervidae\ciervo_vacías_humanos_PNC_2012_ME\a23554IM000005.JPG;1
\vaca\cow_CaltechCameraTrap\5938c176-23d2-11e8-a6a3-ec086b02610b.jpg;1
\vacia\NOANIMAL_ZOO_5_6_7_9\11_20210418 (2885).JPG;0
\vacia\NOANIMAL_ZOO_5_6_7_9\50_20210417 (22176).JPG;0
\vacia\NOANIMAL_ZOO_1_4\6_20201116 (4443).JPG;0
\vaca\cow_CaltechCameraTrap\5865e4fc-23d2-11e8-a6a3-ec086b02610b.jpg;1
\ave\OTHERSPECIES_ZOO_5_6_7_9\38_20210618 (836).JPG;1
\humanovehiculo\humano_vehiculo_PNC_2013-I_ISAAC\2822IM000148.JPG;1
\vaca\COW_ZOO_5_6_7_9\49_20210418 (2193).JPG;1
\cervidae\CERVIDREDORFALLOWDEER_ZOO_5_6_7_9\15_20210219 (6295) (2021_04_15 06_16_22 UTC).JPG;1
\vacia\NOANIMAL_ZOO_5_6_7_9\2_20210417 (21174).JPG;0
\vacia\empty_caltechCameraTraps\5a0b0276-23d2-11e8-a6a3-ec086b02610b.jpg;0
\vacia\NOANIMAL_ZOO_5_6_7_9\25_20210417 (1426).JPG;0
\vaca\COW_ZOO_5_6_7_9\46_20210618 (748).JPG;1
\vacia\NOANIMAL_ZOO_1_4\28_20201019 (60).JPG;0
\caballo\HORSE_ZOO_5_6_7_9\46_20210618 (1156).JPG;1
\vacia\empty_SnapshotMountainZebra\MTZ_S1_G04_R3_IMAG2978.JPG;0
\humanovehiculo\humano_vehiculo_PNC_2013-I_ISAAC\4167IMAG0128.JPG;1
\vacia\SnampshotEnonkishu\ENO_S1_D03_R1_IMAG1718.JPG;0
\cervidae\CERVIDREDORFALLOWDEER_ZOO_1_4\4_20210117 (4481).JPG;1
\vaca\COW_ZOO_5_6_7_9\39_20210417 (1961).JPG;1
\cervidae\ciervo_PNC_2014_ISAAC\c27982IM000230.JPG;1
\cervidae\corzo_alumno_2_AM_JC\STC_0096_frame140.jpg;1
\vacia\empty_SnapshotMountainZebra\MTZ_S1_G04_R3_IMAG0290.JPG;0
\vacia\NOANIMAL_ZOO_1_4\26_20201020 (2105).JPG;0
\cervidae\cervidae_buscar_cab_isaac_sin_contar\2_20201117 (4287).JPG;1
\vacia\vacia_Soraya_Padilla_Alumno_1_TH\STC_0109_frame230.jpg;0
\humanovehiculo\HUMANORVEHICLE_ZOO_5_6_7_9\8_20210219 (1) (2021_04_15 06_16_22 UTC).JPG;1
\cervidae\CERVIDREDORFALLOWDEER_ZOO_1_4\2_20201117 (3125).JPG;1
\cervidae\CERVIDREDORFALLOWDEER_ZOO_1_4\33_20201025 (90).JPG;1
\micromamiferos\micromamifero_IslandConservationCameraTraps\chile_frances022013_1804201345826.jpg;1
\humanovehiculo\humanovehiculo_PNC_2014_manuel\c13662IMAG0124.JPG;1
\vacia\NOANIMAL_ZOO_5_6_7_9\24_20210318 (4963).JPG;0
\micromamiferos\rodent_CaltechCameraTrap_JC\Roedor_ rodent_CaltechCameraTrap_JC\59167a4e-23d2-11e8-a6a3-ec086b02610b.jpg;1
\vacia\NOANIMAL_ZOO_1_4\21_20201119 (2015).JPG;0
\vacia\empty_IslandConservationCameraTraps\dominicanrepublic_cam0425abril2015_20130815_044024_sunp2520.jpg;0
\ave\ave_Soraya_Padilla_Alumno_1_TH\DSCF0048_frame070.jpg;1
\vacia\NOANIMAL_ZOO_5_6_7_9\22_20210615 (5692).JPG;0
\cervidae\Ciervo_PNC_2014_JC\c19009IMAG0033.JPG;1
\zorro\REDFOX_ZOO_1_4\26_20201020 (13721).JPG;1
\ave\American Crow_ena24\8072.jpg;1
\vacia\NOANIMAL_ZOO_1_4\34_20210115 (8385).JPG;0
\leporido\rabbit_CaltechCameraTrap_ME\587eea20-23d2-11e8-a6a3-ec086b02610b.jpg;1
\jabali\WILDBOAR_ZOO_1_4\37_20201116 (7182).JPG;1
\ave\ave_ave_WellingtonCameraTraps_SS\031116114400040a1121.JPG;1
\zorro\Zorro_PNC_2014_JC\c19061IMAG0088.JPG;1
\ave\bird_IslandConservationCameraTraps\chile_filipianalamatris2013_2109201381639.jpg;1
\vacia\NOANIMAL_ZOO_1_4\6_20201812 (11190).JPG;0
\leporido\rabbit_IslandConservationCameraTraps\chile_frances022013_1006201382615.jpg;1
\vacia\empty_IslandConservationCameraTraps\dominicanrepublic_cam2015abril2015_20150328_143715_img_2537.jpg;0
\caballo\HORSE_ZOO_1_4\2_20201117 (160).JPG;1
\humanovehiculo\humano_vehiculo_PNM_2012_ISAAC\d11365IM000010.JPG;1
\ave\ave_Soraya_Padilla_Alumno_1_TH\IMAG0212_frame020.jpg;1
\gato_domestico\gato_WellingtonCameraTraps_SS\090816155402021as232.JPG;1
\gato_domestico\gato_WellingtonCameraTraps_SS\151016072358038as311.JPG;1
\cervidae\CERVIDREDORFALLOWDEER_ZOO_1_4\28_20201019 (563).JPG;1
\jabali\Jabali_PNC_2012_JC\a10479IM000065.JPG;1
\jabali\JABALI_PNM_2013-I_ISAAC\e4567IM000023.JPG;1
\humanovehiculo\humanovehiculo_PNC_2014_manuel\c14868IMAG0328.JPG;1
\vacia\NOANIMAL_ZOO_5_6_7_9\25_20210417 (15446).JPG;0
\vaca\COW_ZOO_5_6_7_9\39_20210417 (1918).JPG;1
\humanovehiculo\car_CaltechCameraTrap_ME\vehiculo\5865e29a-23d2-11e8-a6a3-ec086b02610b.jpg;1
\vacia\NOANIMAL_ZOO_5_6_7_9\3_20210218 (21) (2021_04_15 06_16_22 UTC).JPG;0
\vaca\COW_ZOO_5_6_7_9\9_20210615 (2328).JPG;1
\vacia\empty_caltechCameraTraps\59d753b9-23d2-11e8-a6a3-ec086b02610b.jpg;0
\jabali\WILDBOAR_ZOO_1_4\33_20201217 (214).JPG;1
\gato_domestico\gato_WellingtonCameraTraps_SS\300316171342030bs343.JPG;1
\leporido\conejo_Paco_Carro_JC\PICT1004.JPG;1
\jabali\WILDBOAR_ZOO_1_4\20_20201215 (648).JPG;1
\leporido\conejo_leo_donana\0007646.JPG;1
\zorro\zorro_PNC_2014_manuel\c16440IM000053.JPG;1
\vacia\NOANIMAL_ZOO_1_4\34_20201116 (728).JPG;0
\vacia\NOANIMAL_ZOO_1_4\6_20201812 (11210).JPG;0
\vacia\empty_IslandConservationCameraTraps\micronesia_cam16april2019_20190414_063000_rcnx0067.jpg;0
\jabali\2_jabali_revGinetasJC_REV1_4_donana\37_20201116 (6144).JPG;1
\leporido\Rabbit_mammalWeb\6403.jpg;1
\cervidae\CERVIDREDORFALLOWDEER_ZOO_5_6_7_9\8_20210219 (818) (2021_04_15 06_16_22 UTC).JPG;1
\leporido\Eastern Cottontail_ena24\8382.jpg;1
\lince\Lince_b_Linces2_Leo_JC\lince224 (141).JPG;1
\cervidae\CERVIDREDORFALLOWDEER_ZOO_1_4\39_20201019 (461).JPG;1
\cervidae\2_Ciervos_PNC_2014_JC\c2706IM000247.JPG;1
\caballo\HORSE_ZOO_5_6_7_9\17_20210615 (1417).JPG;1
\humanovehiculo\HUMANORVEHICLE_ZOO_1_4\36_20210115 (7).JPG;1
\humanovehiculo\humanovehiculo_PNM_2012_ME\d2977IM000002.JPG;1
\leporido\rabbit_IslandConservationCameraTraps\chile_frances012013_20122012214714.jpg;1
\cervidae\CERVIDREDORFALLOWDEER_ZOO_1_4\2_20201117 (1223).JPG;1
\cervidae\CERVIDREDORFALLOWDEER_ZOO_5_6_7_9\15_20210219 (2534) (2021_04_15 06_16_22 UTC).JPG;1
\micromamiferos\micromamiferos_Paco_Carro_JC\IMG_0277.JPG;1
\cervidae\CERVIDREDORFALLOWDEER_ZOO_5_6_7_9\28_20210615 (233).JPG;1
\vacia\NOANIMAL_ZOO_1_4\15_20210117 (15994).JPG;0
\humanovehiculo\humano_vehiculo_PNM_2013-O_ISAAC\f23688IM000006.JPG;1
\ave\ave_alumno_1_TH\Ave (11)_frame090.jpg;1
\vacia\vacia_alumno_TH_3_TH_JC\26_20201020 (9680).JPG;0
\cervidae\3_ciervo_simone_2\34_20201024 (5250).JPG;1
\humanovehiculo\HUMANORVEHICLE_ZOO_5_6_7_9\10_20210417 (3).JPG;1
\leporido\conejo_Paco_Carro_JC\PICT0272.JPG;1
\leporido\rabbit_IslandConservationCameraTraps\chile_frances012013_19122012172832.jpg;1
\vacia\empty_IslandConservationCameraTraps\dominicanrepublic_cam1825abril2015_20150411_085257_img_0092.jpg;0
\cervidae\cervidae_alumno_2_TH\41_20201025 (197).JPG;1
\vacia\NOANIMAL_ZOO_5_6_7_9\2_20210417 (20197).JPG;0
\cervidae\CERVIDREDORFALLOWDEER_ZOO_5_6_7_9\2_20210219 (683) (2021_04_15 06_16_22 UTC).JPG;1
\ave\shearwater_IslandConservationCameraTraps\chile_piedra012013_31122012234749.jpg;1
\vacia\empty_caltechCameraTraps\5a17de16-23d2-11e8-a6a3-ec086b02610b.jpg;0
\cervidae\CERVIDREDORFALLOWDEER_ZOO_5_6_7_9\9_20210318 (693).JPG;1
\cervidae\CERVIDREDORFALLOWDEER_ZOO_5_6_7_9\39_20210318 (85).JPG;1
\cervidae\CERVIDREDORFALLOWDEER_ZOO_1_4\38_20201117 (2488).JPG;1
\gato_domestico\cat_IslandConservationCameraTraps\palau_cam13a12132018_20180926_020925_rcnx0559.jpg;1
\cervidae\CERVIDREDORFALLOWDEER_ZOO_1_4\8_20201029 (31).JPG;1
\vacia\empty_IslandConservationCameraTraps\ecuador1_cam1612_20150526_195751_img_0875.jpg;0
\lince\linces_fecha_Linces2_Leo_JC\2_Lince_flecha_Linces2_Leo_JC\lince130 (169).JPG;1
\vaca\2_Vaca_Paco_Carro_camarasliron_4_2_PASADAS_POR_LA_RED_JC\PICT0045.JPG;1
\vacia\Vacia_ME_rev_2_donana\6_20201023 (1872).JPG;0
\cervidae\Ciervo_PNM_2013-0_ME\f20418IM000165.JPG;1
\zorro\Zorro_Pepe_IREC\Zorro_Pepe_Irec_ME\IMAG1305_(2).JPG;1
\vacia\empty_IslandConservationCameraTraps\dominicanrepublic_cam1826junio2015_20150505_121321_img_2813.jpg;0
\cervidae\CERVIDREDORFALLOWDEER_ZOO_5_6_7_9\39_20210417 (2407).JPG;1
\vacia\empty_IslandConservationCameraTraps\ecuador1_ic1611_20150101_000001_img_0385.jpg;0
\vacia\empty_IslandConservationCameraTraps\puertorico_16_20150502_194430_img_0844.jpg;0
\vacia\vacia_alumno_1_AM_2\19_20201023 (68).JPG;0
\cervidae\cervidae_Javi_3_JC\30_20201021 (11757).JPG;1
\vacia\NOANIMAL_ZOO_5_6_7_9\32_20210417 (2145).JPG;0
\ave\ave_ave_WellingtonCameraTraps_SS\021116073932023a9232.JPG;1
\vaca\COW_ZOO_5_6_7_9\35_20210318 (1060).JPG;1
\zorro\zorro_PNC_2013-I_RED_ME\190IM000080.JPG;1
\vacia\SnampshotEnonkishu\ENO_S1_D06_R1_IMAG0379.JPG;0
\vacia\empty_IslandConservationCameraTraps\dominicanrepublic_cam1826julio2015_20150624_103930_img_0039.jpg;0
\micromamiferos\micromamifero_WellingtonCameraTraps_SS\110716022244038as243.JPG;1
\cervidae\corzo_alumno_1_TH\Capcap 23_frame140.jpg;1
\zorro\REDFOX_ZOO_1_4\31_20201023 (184).JPG;1
\lince\Lince_b_Linces2_Leo_JC\lince151 (149).jpg;1
\jabali\WILDBOAR_ZOO_1_4\20_20201215 (752).JPG;1
\vacia\NOANIMAL_ZOO_5_6_7_9\50_20210408 (23183).JPG;0
\humanovehiculo\humanovehiculo_PNC_2014_manuel\c21351IM000072.JPG;1
\caballo\caballos_javier_JC\2_20201117 (5508).JPG;1
\vacia\vacia_alumno_2_AM_JC\STC_0049_frame140.jpg;0
\vacia\empty_IslandConservationCameraTraps\dominicanrepublic_cam2015abril2015_20150403_144546_img_3332.jpg;0
\vacia\empty_caltechCameraTraps\596bdaa5-23d2-11e8-a6a3-ec086b02610b.jpg;0
\meloncillo\Meloncillo_PEPE_IREC_JC\IMAG0863.JPG;1
\zorro\zorro_PNC_2014_manuel\c15222IM000017.JPG;1
\caballo\HORSE_ZOO_1_4\2_20201117 (558).JPG;1
\vaca\cow_CaltechCameraTrap\59104b41-23d2-11e8-a6a3-ec086b02610b.jpg;1
\caballo\caballos_alumno_AM\caballos_alumno_AM\2_20201215 (7208).JPG;1
\lince\linces_fecha_Linces2_Leo_JC\2_Lince_flecha_Linces2_Leo_JC\lince103 (119).JPG;1
\cervidae\CERVIDREDORFALLOWDEER_ZOO_5_6_7_9\18_20210219 (1211) (2021_04_15 06_16_22 UTC).JPG;1
\vacia\empty_IslandConservationCameraTraps\micronesia_cam04_cam04june2019_20190620204503_rcnx3826.jpg;0
\cervidae\CERVIDREDORFALLOWDEER_ZOO_5_6_7_9\33_20210418 (111).JPG;1
\vacia\NOANIMAL_ZOO_5_6_7_9\50_20210408 (16939).JPG;0
\caballo\caballos_TH_JC\17_20201611 (176).JPG;1
\vacia\NOANIMAL_ZOO_1_4\37_20201116 (12924).JPG;0
\cervidae\cervidae_ME_rev_3_donana\37_20201024 (2807).JPG;1
\gato_domestico\gato_WellingtonCameraTraps_SS\190816204616011a5901.JPG;1
\vacia\empty_caltechCameraTraps\5991058f-23d2-11e8-a6a3-ec086b02610b.jpg;0
\vacia\empty_caltechCameraTraps\59ac6abc-23d2-11e8-a6a3-ec086b02610b.jpg;0
\vacia\empty_SnapshotMountainZebra\MTZ_S1_E06_R3_IMAG0210.JPG;0
\cervidae\3_ciervo_simone_2\34_20201024 (3912).JPG;1
\leporido\rabbit_IslandConservationCameraTraps\chile_frances012013_2312201215605.jpg;1
\vacia\NOANIMAL_ZOO_5_6_7_9\2_20210417 (23924).JPG;0
\vacia\NOANIMAL_ZOO_1_4\37_20201116 (11863).JPG;0
\cervidae\CERVIDREDORFALLOWDEER_ZOO_5_6_7_9\15_20210219 (6185) (2021_04_15 06_16_22 UTC).JPG;1
\vacia\NOANIMAL_ZOO_5_6_7_9\24_20210418 (8745).JPG;0
\vacia\vacia_Paco_Carro_JC\MDGC0527.JPG;0
\jabali\WILDBOAR_ZOO_1_4\31_20201023 (92).JPG;1
\caballo\caballos_alumno_AM\caballos_alumno_AM\2_20201215 (3317).JPG;1
\ave\Chicken_ena24\6280.jpg;1
\perro\dog_caltechCameraTraps\59a17c70-23d2-11e8-a6a3-ec086b02610b.jpg;1
\lince\Lince_b_Linces2_Leo_JC\lince154 (12).JPG;1
\vacia\empty_IslandConservationCameraTraps\dominicanrepublic_cam0425abril2015_20130815_043828_sunp2504.jpg;0
\vacia\empty_SnapshotMountainZebra\MTZ_S1_D07_R1_IMAG0803.JPG;0
\vacia\vacias_PNM_2012_ISAAC\d11117IM000512.JPG;0
\lince\linces_fecha_Linces2_Leo_JC\2_Lince_flecha_Linces2_Leo_JC\lince158 (38).JPG;1
\vacia\NOANIMAL_ZOO_5_6_7_9\2_20210417 (3224).JPG;0
\jabali\WILDBOAR_ZOO_1_4\37_20210115 (524).JPG;1
\cervidae\ciervo_Javi_3_JC\21_20201025 (1913).JPG;1
\ave\ave_Soraya_Padilla_Alumno_1_TH\DSCF0060_frame130.jpg;1
\vacia\empty_SnapshotCamdeboo\CDB_S1_F03_R2_IMAG0548.JPG;0
\meloncillo\EGYPTIANMONGOOSE_ZOO_1_4\32_20201117 (281).JPG;1
\vacia\NOANIMAL_ZOO_1_4\6_20201116 (3607).JPG;0
\vaca\COW_ZOO_5_6_7_9\17_20210318 (889).JPG;1
\cervidae\CERVIDREDORFALLOWDEER_ZOO_1_4\21_20201025 (3649).JPG;1
\gato_domestico\gato_WellingtonCameraTraps_SS\2004150747000237S061.JPG;1
\ave\birdother_SnapshotKgalagai\KGA_S1_A05_R1_IMAG0317.JPG;1
\vacia\empty_caltechCameraTraps\599d7e66-23d2-11e8-a6a3-ec086b02610b.jpg;0
\cervidae\CERVIDREDORFALLOWDEER_ZOO_1_4\2_20201215 (3259).JPG;1
\cervidae\deer_CaltechCameraTrap\59b93853-23d2-11e8-a6a3-ec086b02610b.jpg;1
\vacia\NOANIMAL_ZOO_1_4\6_20201023 (3242).JPG;0
\vacia\NOANIMAL_ZOO_5_6_7_9\32_20210615 (15492).JPG;0
\gato_domestico\Domestic cat_mammalWeb\20390.jpg;1
\jabali\jabali_vacías_humanos_PNC_2012_ME\a52849IM000195.JPG;1
\jabali\Jabali1_diego_2_rev_donana\28_20201019 (1486).JPG;1
\cervidae\ciervo_Paco_Carro_JC\PICT0148.JPG;1
\leporido\conejo_Paco_Carro_JC\PICT0690.JPG;1
\cervidae\CERVIDREDORFALLOWDEER_ZOO_1_4\33_20201025 (81).JPG;1
\vacia\NOANIMAL_ZOO_1_4\6_20201116 (4758).JPG;0
\cervidae\ciervo_vacías_humanos_PNC_2012_ME\a19936IM000070.JPG;1
\zorro\Zorro_PNC_2013-O_ME\b16653IM000019.JPG;1
\vacia\empty_IslandConservationCameraTraps\micronesia_cam03_cam03june2019_20190615120000_rcnx0008.jpg;0
\cervidae\ciervo_PNC_2013-O_RED_ISAAC\b17008IMAG0083.JPG;1
\lince\Lince_b_Linces2_Leo_JC\lince216 (398).JPG;1
\ave\ave_ave_WellingtonCameraTraps_SS\050216181028027b2391.JPG;1
\vacia\empty_caltechCameraTraps\597387d9-23d2-11e8-a6a3-ec086b02610b.jpg;0
\vacia\NOANIMAL_ZOO_1_4\15_20210117 (10718).JPG;0
\vacia\NOANIMAL_ZOO_1_4\6_20201116 (4579).JPG;0
\caballo\HORSE_ZOO_5_6_7_9\15_20210219 (1455) (2021_04_15 06_16_22 UTC).JPG;1
\jabali\WILDBOAR_ZOO_1_4\29_20201023 (934).JPG;1
\vacia\empty_SnapshotMountainZebra\MTZ_S1_E05_R1_IMAG0215.JPG;0
\vacia\NOANIMAL_ZOO_1_4\37_20201024 (8777).JPG;0
\vaca\cow_CaltechCameraTrap\590881a3-23d2-11e8-a6a3-ec086b02610b.jpg;1
\caballo\caballos_alumno_AM\caballos_alumno_AM\9_20201712 (769).JPG;1
\vacia\NOANIMAL_ZOO_1_4\34_20210115 (3968).JPG;0
\leporido\rabbit_IslandConservationCameraTraps\chile_frances022013_04052013130934.jpg;1
\gato_domestico\cat_CaltechCameraTrap\59d750d9-23d2-11e8-a6a3-ec086b02610b.jpg;1
\micromamiferos\rat_IslandConservationCameraTraps\micronesia_cam06_cam06june2019_pig_20190629195149_1933.jpg;1
\vacia\vacia_javi_2_JC\27_20201023 (8279).JPG;0
\cervidae\CERVIDREDORFALLOWDEER_ZOO_5_6_7_9\49_20210418 (13147).JPG;1
\vacia\NOANIMAL_ZOO_1_4\7_20210115 (3464).JPG;0
\jabali\jabali_Paco_Carro_JC\MDGC0130 (2).JPG;1
\vacia\vacias_2_de_2_PNC_2012_ISAAC\a25919IM000390.JPG;0
\vacia\vacia_Paco_Carro_JC\MDGC0444.JPG;0
\ave\megapode_IslandConservationCameraTraps\palau_cam1a12122018_20181013_054440_rcnx0721.jpg;1
\vacia\vacia_Soraya_Padilla_Alumno_1_TH\STC_0286_frame180.jpg;0
\gato_domestico\cat_CaltechCameraTrap\58fa5d8d-23d2-11e8-a6a3-ec086b02610b.jpg;1
\vacia\empty_IslandConservationCameraTraps\ecuador1_ic1611_20150101_000004_img_0358.jpg;0
\vaca\COW_ZOO_5_6_7_9\21_20210418 (2994).JPG;1
\vacia\NOANIMAL_ZOO_5_6_7_9\32_20210318 (12941).JPG;0
\vacia\SnampshotEnonkishu\ENO_S1_D06_R1_IMAG0556.JPG;0
\vacia\NOANIMAL_ZOO_5_6_7_9\50_20210417 (23914).JPG;0
\jabali\WILDBOAR_ZOO_5_6_7_9\28_20210318 (15480).JPG;1
\cervidae\CERVIDREDORFALLOWDEER_ZOO_5_6_7_9\10_20210319 (11672).JPG;1
\cervidae\ciervo_PNM_2013-O_ISAAC\f29205IMAG0800.JPG;1
\garduna\garduna_PNC_2013-I_RED_ME\8717IM000039.JPG;1
\vacia\empty_IslandConservationCameraTraps\chile_filipiananbek2013_0811201391558.jpg;0
\vacia\NOANIMAL_ZOO_5_6_7_9\24_20210219 (57) (2021_04_15 06_16_22 UTC).JPG;0
\leporido\rabbit_IslandConservationCameraTraps\chile_piedra012013_24032013194322.jpg;1
\vacia\NOANIMAL_ZOO_5_6_7_9\28_20210318 (15038).JPG;0
\vacia\empty_IslandConservationCameraTraps\ecuador1_ic1611_20150101_000004_img_1007.jpg;0
\micromamiferos\Small rodent_mammalWeb\22340.jpg;1
\leporido\rabbit_IslandConservationCameraTraps\chile_frances022013_17042013174427.jpg;1
\jabali\WILDBOAR_ZOO_1_4\7_20201217 (197).JPG;1
\vacia\NOANIMAL_ZOO_1_4\7_20210115 (3705).JPG;0
\gato_domestico\gato_WellingtonCameraTraps_SS\0504151852160237S063.JPG;1
\jabali\WILDBOAR_ZOO_1_4\29_20201023 (854).JPG;1
\jabali\WILDBOAR_ZOO_5_6_7_9\48_20210418 (435).JPG;1
\cervidae\CERVIDREDORFALLOWDEER_ZOO_1_4\37_20201116 (14023).JPG;1
\lince\Lince_b_Linces2_Leo_JC\lince228 (605).JPG;1
\leporido\rabbit_CaltechCameraTrap_ME\596ef010-23d2-11e8-a6a3-ec086b02610b.jpg;1
\leporido\conejo_leo_donana\0006828.JPG;1
\leporido\conejo_alumno_1_TH\Nada (26)_frame030.jpg;1
\zorro\REDFOX_ZOO_5_6_7_9\11_20210418 (1581).JPG;1
\vacia\NOANIMAL_ZOO_1_4\6_20201116 (6509).JPG;0
\vacia\empty_caltechCameraTraps\5a07cc3f-23d2-11e8-a6a3-ec086b02610b.jpg;0
\humanovehiculo\HUMANORVEHICLE_ZOO_5_6_7_9\36_20210319 (1).JPG;1
\vacia\NOANIMAL_ZOO_5_6_7_9\32_20210615 (604).JPG;0
\vacia\NOANIMAL_ZOO_5_6_7_9\50_20210408 (22375).JPG;0
\cervidae\ciervo_PNM_2012_ME\d14593FILE0039.JPG;1
\caballo\HORSE_ZOO_5_6_7_9\15_20210219 (4831) (2021_04_15 06_16_22 UTC).JPG;1
\vacia\empty_IslandConservationCameraTraps\dominicanrepublic_cam1826junio2015_20150505_113431_img_2595.jpg;0
\vaca\COW_ZOO_1_4\17_20201026 (518).JPG;1
\vacia\NOANIMAL_ZOO_1_4\7_20210115 (2730).JPG;0
\caballo\HORSE_ZOO_1_4\15_20210117 (1440).JPG;1
\vacia\NOANIMAL_ZOO_5_6_7_9\28_20210417 (3418).JPG;0
\cervidae\ciervo_Paco_Garcia_JC\IMAG0067.JPG;1
\vaca\COW_ZOO_5_6_7_9\17_20210418 (232).JPG;1
\vacia\empty_IslandConservationCameraTraps\dominicanrepublic_cam1826junio2015_20150505_130633_img_3071.jpg;0
\humanovehiculo\HUMANORVEHICLE_ZOO_5_6_7_9\16_20210418 (1).JPG;1
\vacia\empty_SnapshotKaroo\KAR_S1_C02_R1_IMAG0559.JPG;0
\lince\Lince_b_Linces2_Leo_JC\lince141 (1).JPG;1
\humanovehiculo\car_CaltechCameraTrap_ME\vehiculo\58b132c8-23d2-11e8-a6a3-ec086b02610b.jpg;1
\jabali\WILDBOAR_ZOO_5_6_7_9\41_20210218 (85) (2021_04_15 06_16_22 UTC).JPG;1
\leporido\2_conejo_alumno_2_AM_JC\Orycun (42)_frame040.jpg;1
\cervidae\CERVIDREDORFALLOWDEER_ZOO_1_4\21_20201025 (2723).JPG;1
\vacia\empty_caltechCameraTraps\5a0b0074-23d2-11e8-a6a3-ec086b02610b.jpg;0
\cervidae\CERVIDREDORFALLOWDEER_ZOO_1_4\39_20201019 (234).JPG;1
\leporido\rabbit_IslandConservationCameraTraps\chile_frances012013_2312201215636.jpg;1
\vacia\empty_IslandConservationCameraTraps\ecuador1_ic1617_20150101_000002_img_0053.jpg;0
\cervidae\CERVIDREDORFALLOWDEER_ZOO_1_4\29_20201117 (698).JPG;1
\lince\linces_fecha_Linces2_Leo_JC\2_Lince_flecha_Linces2_Leo_JC\lince224 (248).JPG;1
\jabali\WILDBOAR_ZOO_5_6_7_9\20_20210219 (970) (2021_04_15 06_16_22 UTC).JPG;1
\vaca\COW_ZOO_5_6_7_9\21_20210418 (2559).JPG;1
\ave\ave_ave_WellingtonCameraTraps_SS\100116173636007as431.JPG;1
\ave\ave_Soraya_Padilla_Alumno_1_TH\DSCF0016_frame000.jpg;1
\zorro\zorro_PNC_2012_JC\a27839IM000089.JPG;1
\jabali\WILDBOAR_ZOO_1_4\20_20210115 (1073).JPG;1
\vacia\vacia_Paco_Carro_JC\01130087.JPG;0
\cervidae\deer_CaltechCameraTrap\5a0c9c7e-23d2-11e8-a6a3-ec086b02610b.jpg;1
\vacia\vacias_2_de_2_PNC_2012_ISAAC\a53089IM000449.JPG;0
\gato_domestico\gato_WellingtonCameraTraps_SS\231016155614031a1601.JPG;1
\vaca\COW_ZOO_1_4\15_20201117 (1053).JPG;1
\leporido\conejo_Paco_Carro_JC\PICT0734.JPG;1
\mapache\raccoon_CaltechCameraTrap_ME\59c179b7-23d2-11e8-a6a3-ec086b02610b.jpg;1
\garduna\GARDUÑA_PNM_2012_ISAAC\d8081IMAG0031.JPG;1
\cervidae\deer_CaltechCameraTrap\5896090d-23d2-11e8-a6a3-ec086b02610b.jpg;1
\vacia\vacia_Paco_Carro_JC\IMG_1656.JPG;0
\cervidae\CERVIDREDORFALLOWDEER_ZOO_1_4\9_20210114 (1384).JPG;1
\micromamiferos\micromamiferos_ME_CASA\IMG_0366.JPG;1
\cervidae\Ciervo_PNM_2013-0_ME\f11693IM000084.JPG;1
\vacia\NOANIMAL_ZOO_1_4\43_20201217 (1934).JPG;0
\vaca\COW_ZOO_5_6_7_9\9_20210615 (2088).JPG;1
\vacia\vacia_buscar_cab_isaac_sin_contar\28_20201218 (960).JPG;0
\ave\2_ave_Soraya_Padilla_Alumno_1_TH\DSCF0090_frame130.jpg;1
\vaca\cow_CaltechCameraTrap\588dbaa9-23d2-11e8-a6a3-ec086b02610b.jpg;1
\ave\bird_CaltechCameraTrap\595c67e9-23d2-11e8-a6a3-ec086b02610b.jpg;1
\jabali\WILDBOAR_ZOO_1_4\37_20201116 (10431).JPG;1
\vacia\NOANIMAL_ZOO_1_4\7_20210115 (3074).JPG;0
\leporido\rabbit_CaltechCameraTrap_ME\59531ca7-23d2-11e8-a6a3-ec086b02610b.jpg;1
\cervidae\CERVIDREDORFALLOWDEER_ZOO_5_6_7_9\5_20210417 (4679).JPG;1
\humanovehiculo\humano_vehiculo_PNM_2013-O_ISAAC\f19135IM000007.JPG;1
\mapache\raccoon_CaltechCameraTrap_ME\598aceb6-23d2-11e8-a6a3-ec086b02610b.jpg;1
\cervidae\ciervo_simone_2\34_20201024 (5894).JPG;1
\jabali\WILDBOAR_ZOO_1_4\15_20210117 (6615).JPG;1
\vacia\NOANIMAL_ZOO_5_6_7_9\25_20210319 (7298).JPG;0
\humanovehiculo\car_CaltechCameraTrap_ME\vehiculo\5914f1b9-23d2-11e8-a6a3-ec086b02610b.jpg;1
\vacia\NOANIMAL_ZOO_5_6_7_9\50_20210417 (23804).JPG;0
\vaca\COW_ZOO_5_6_7_9\21_20210318 (15358).JPG;1
\leporido\rabbit_IslandConservationCameraTraps\chile_frances012013_2412201273409.jpg;1
\cervidae\CERVIDREDORFALLOWDEER_ZOO_1_4\34_20201024 (3646).JPG;1
\cervidae\CERVIDREDORFALLOWDEER_ZOO_1_4\1_20210115 (98).JPG;1
\vacia\NOANIMAL_ZOO_1_4\15_20210117 (690).JPG;0
\cervidae\ciervo_PNC_2013-I_RED_ME\7934IM000043.JPG;1
\vacia\empty_SnapshotKruger\KRU_S1_20_R1_IMAG0018.JPG;0
\gato_domestico\gato_WellingtonCameraTraps_SS\171016022622038as311.JPG;1
\vacia\empty_IslandConservationCameraTraps\dominicanrepublic_cam0425abril2015_20130828_023252_sunp6664.jpg;0
\cervidae\CERVIDREDORFALLOWDEER_ZOO_1_4\6_20201116 (8181).JPG;1
\vacia\Nothing_mammalWeb\45980.jpg;0
\vacia\empty_SnapshotMountainZebra\MTZ_S1_D07_R1_IMAG1192.JPG;0
\leporido\rabbit_IslandConservationCameraTraps\chile_frances012013_2312201275230.jpg;1
\zorro\zorro_PNC_2014_manuel\c26156IM000011.JPG;1
\humanovehiculo\car_CaltechCameraTrap_ME\vehiculo\59f2c360-23d2-11e8-a6a3-ec086b02610b.jpg;1
\jabali\WILDBOAR_ZOO_1_4\37_20201116 (12663).JPG;1
\vacia\empty_IslandConservationCameraTraps\dominicanrepublic_cam1401noviembre2015_20151030_172433_img_0060.jpg;0
\vacia\empty_IslandConservationCameraTraps\puertorico_26_20150302_155610_ek000698.jpg;0
\vacia\vacia_Paco_Carro_JC\IMG_1811.JPG;0
\gato_domestico\cat_CaltechCameraTrap\59d5b702-23d2-11e8-a6a3-ec086b02610b.jpg;1
\jabali\jabali_PNM_2013-O_ISAAC\f27562IMAG0115.JPG;1
\vacia\vacia_alumno_2_AM_JC\DSCF0126_frame290.jpg;0
\cervidae\cervidae_buscar_cab_isaac_sin_contar\9_20201118 (986).JPG;1
\vacia\vacias_1_de_2_PNC_2012_ISAAC\a38921IMAG0663.JPG;0
\lince\Lince_a_Linces2_Leo_JC\lince77 (289).JPG;1
\vacia\vacias_2_de_2_PNC_2012_ISAAC\a12127IM000552.JPG;0
\vacia\SnampshotEnonkishu\ENO_S1_D06_R1_IMAG2754.JPG;0
\vacia\NOANIMAL_ZOO_5_6_7_9\2_20210618 (13625).JPG;0
\jabali\jabali_PNC_2014_manuel\c6307IM000255.JPG;1
\zorro\REDFOX_ZOO_5_6_7_9\47_20210615 (500).JPG;1
\humanovehiculo\humano_vehiculo_PNM_2012_ISAAC\d3209IM000068.JPG;1
\vacia\empty_IslandConservationCameraTraps\dominicanrepublic_cam1826julio2015_20150707_090609_img_1275.jpg;0
\vacia\empty_IslandConservationCameraTraps\ecuador1_cam1612_20150509_211123_img_0701.jpg;0
\leporido\conejo_Paco_Carro_JC\01090446.JPG;1
\tejon\tejon_alumno_2_AM_JC\STC_0198_frame000.jpg;1
\lince\Lince_a_Linces2_Leo_JC\lince125 (265).JPG;1
\cervidae\4_ciervo_simone_2\34_20201024 (5781).JPG;1
\vacia\NOANIMAL_ZOO_1_4\6_20201812 (8800).JPG;0
\vacia\vacia_alumno_TH_3_TH_JC\26_20201020 (18031).JPG;0
\vacia\vacio_Saul Martin_FRAMES_SIN_REPETIDOS_REVISADOS_DIEGO\IMAG0025_frame420 - copia.jpg;0
\vacia\Vacia_ME_rev_3_donana\27_20201023 (7956).JPG;0
\vaca\COW_ZOO_5_6_7_9\9_20210615 (1856).JPG;1
\gato_domestico\gato_WellingtonCameraTraps_SS\1505150318400285S073.JPG;1
\tejon\tejon_alumno_2_AM_JC\SUNP0231_frame040.jpg;1
\micromamiferos\rat_IslandConservationCameraTraps\palau_cam1a12122018_20180829_024358_rcnx0061.jpg;1
\vacia\empty_IslandConservationCameraTraps\dominicanrepublic_cam0425abril2015_20130815_055358_sunp2721.jpg;0
\vacia\vacias_2_de_2_PNC_2012_ISAAC\a1792IM000761.JPG;0
\zorro\Zorro_PNC_2014_JC\c3029IM000137.JPG;1
\vacia\NOANIMAL_ZOO_5_6_7_9\9_20210218 (1386) (2021_04_15 06_16_22 UTC).JPG;0
\cervidae\3_ciervo_simone_2\34_20201024 (5267).JPG;1
\vacia\NOANIMAL_ZOO_5_6_7_9\2_20210319 (1301).JPG;0
\jabali\WILDBOAR_ZOO_1_4\7_20201118 (2867).JPG;1
\vacia\NOANIMAL_ZOO_5_6_7_9\24_20210318 (9763).JPG;0
\zorro\fox_CaltechCameraTrap_ME\58823e93-23d2-11e8-a6a3-ec086b02610b.jpg;1
\ave\ave_IslandConservationCameraTraps\ecuador2_ic1605_20181024_051515_img_0211.jpg;1
\zorro\Zorro_Pepe_IREC\Zorro_Pepe_Irec_ME\IMAG0112_(6).JPG;1
\vacia\NOANIMAL_ZOO_5_6_7_9\50_20210417 (23018).JPG;0
\vacia\SnampshotEnonkishu\ENO_S1_D06_R1_IMAG5237.JPG;0
\vacia\empty_IslandConservationCameraTraps\puertorico_16_20141118_201840_img_0070.jpg;0
\cervidae\CERVIDREDORFALLOWDEER_ZOO_1_4\25_20201024 (370).JPG;1
\meloncillo\Meloncillo_PEPE_IREC_JC\IMAG0116_(4).JPG;1
\humanovehiculo\humano_vehiculo_PNM_2013-O_ISAAC\f110IM000005.JPG;1
\cervidae\2_ciervo_simone_2\34_20201024 (6307).JPG;1
\ave\OTHERSPECIES_ZOO_5_6_7_9\38_20210618 (989).JPG;1
\vacia\vacia_alumno_2_AM\Lutlut 07_frame380.jpg;0
\cervidae\ciervo_PNC_2013-I_ME\5519IMAG0060.JPG;1
\vacia\empty_caltechCameraTraps\5a116bb4-23d2-11e8-a6a3-ec086b02610b.jpg;0
\gato_domestico\Gato_domestico_alumno_2_AM_JC\Felcat _frame040.jpg;1
\vacia\NOANIMAL_ZOO_5_6_7_9\25_20210417 (5922).JPG;0
\cervidae\Ciervo_PNC_2012_JC\a18044IM000026.JPG;1
\vacia\NOANIMAL_ZOO_5_6_7_9\24_20210418 (5103).JPG;0
\leporido\conejo_alumno_1_TH\Conejo_alumno_2_AM_JC\Orycun (44)_frame120.jpg;1
\vacia\empty_SnapshotMountainZebra\MTZ_S1_D05_R1_IMAG1886.JPG;0
\zorro\zorro_PNC_2013-I_RED_ME\1061IMAG0084.JPG;1
\cervidae\ciervo_Javi_3_JC\25_20201024 (909).JPG;1
\micromamiferos\micromamifero_WellingtonCameraTraps_SS\030716033624038bs232.JPG;1
\vacia\vacia_Paco_Carro_JC\MDGC0374 (2).JPG;0
\meloncillo\Meloncillo_PEPE_IREC_JC\IMAG0789.JPG;1
\vacia\empty_IslandConservationCameraTraps\ecuador1_ic1611_20150101_000003_img_1526.jpg;0
\jabali\WILDBOAR_ZOO_1_4\1_20210115 (500).JPG;1
\cervidae\ciervo_PNC_2013-O_RED_ISAAC\b12401IM000032.JPG;1
\vacia\empty_IslandConservationCameraTraps\micronesia_cam04april2019_20190414_184003_rcnx0076.jpg;0
\humanovehiculo\car_CaltechCameraTrap_ME\vehiculo\59c805b3-23d2-11e8-a6a3-ec086b02610b.jpg;1
\vaca\Vaca3_diego_1_rev_donana\15_20201024 (3629).JPG;1
\cervidae\CERVIDREDORFALLOWDEER_ZOO_5_6_7_9\36_20210618 (6901).JPG;1
\ave\ave_ave_WellingtonCameraTraps_SS\040416175800022c2391.JPG;1
\caballo\HORSE_ZOO_1_4\15_20210117 (13195).JPG;1
\vacia\empty_caltechCameraTraps\59d27d01-23d2-11e8-a6a3-ec086b02610b.jpg;0
\cervidae\deer_CaltechCameraTrap\58d7a274-23d2-11e8-a6a3-ec086b02610b.jpg;1
\vacia\vacia_alumno_AM_2\10_20201019 (9661).JPG;0
\zorro\zorro_PNM_2013-O_ISAAC\f11813IM000099.JPG;1
\leporido\conejo_Paco_Carro_JC\PICT1119 (2).JPG;1
\ave\ave_PNC_2013-O_RED_ME\b4683IMAG0571.JPG;1
\vacia\NOANIMAL_ZOO_5_6_7_9\24_20210318 (16943).JPG;0
\cervidae\CERVIDREDORFALLOWDEER_ZOO_5_6_7_9\19_20210219 (355) (2021_04_15 06_16_22 UTC).JPG;1
\humanovehiculo\car_CaltechCameraTrap_ME\vehiculo\59d0e472-23d2-11e8-a6a3-ec086b02610b.jpg;1
\vaca\COW_ZOO_5_6_7_9\49_20210418 (2194).JPG;1
\jabali\jabali_PNC_2014_manuel\c8815IM000111.JPG;1
\humanovehiculo\HUMANORVEHICLE_ZOO_5_6_7_9\46_20210418 (1).JPG;1
\caballo\HORSE_ZOO_1_4\24_20201218 (22).JPG;1
\cervidae\CERVIDREDORFALLOWDEER_ZOO_5_6_7_9\19_20210319 (3017).JPG;1
\vacia\NOANIMAL_ZOO_1_4\7_20210115 (1795).JPG;0
\humanovehiculo\humanovehiculo_PNC_2014_manuel\c13511IMAG0216.JPG;1
\jabali\WILDBOAR_ZOO_1_4\28_20201019 (1374).JPG;1
\humanovehiculo\humanovehiculo_PNC_2014_manuel\c25542IM000016.JPG;1
\gato_domestico\cat_IslandConservationCameraTraps\palau_cam02a12132018_20181016_075307_rcnx0954.jpg;1
\leporido\conejo_WellingtonCameraTraps_SS\1304150923200889S041.JPG;1
\zorro\zorro_PNC_2014_manuel\c3232IM000173.JPG;1
\vacia\empty_SnapshotMountainZebra\MTZ_S1_D06_R1_IMAG1011.JPG;0
\vaca\COW_ZOO_1_4\35_20201218 (1758).JPG;1
\gineta\gineta_Saul Martin_FRAMES_SIN_REPETIDOS_REVISADOS_DIEGO\IMAG0008_frame360.jpg;1
\vacia\NOANIMAL_ZOO_1_4\40_20201024 (7176).JPG;0
\cervidae\3_ciervo_Javi_3_JC\21_20201025 (2682).JPG;1
\vacia\SnampshotEnonkishu\ENO_S1_D06_R1_IMAG2880.JPG;0
\leporido\rabbit_CaltechCameraTrap_ME\59bfde83-23d2-11e8-a6a3-ec086b02610b.jpg;1
\vaca\COW_ZOO_1_4\21_20210114 (350).JPG;1
\caballo\caballos_alumno_AM\caballos_alumno_AM\9_20201712 (2092).JPG;1
\vacia\vacias_PNM_2013-O_ISAAC\f2961IMAG0723.JPG;0
\vacia\empty_SnapshotKaroo\KAR_S1_C03_R1_IMAG0317.JPG;0
\humanovehiculo\humano_vehiculo_PNM_2013-O_ISAAC\f5573IMAG0003.JPG;1
\vacia\NOANIMAL_ZOO_5_6_7_9\10_20210417 (2216).JPG;0
\cervidae\CERVIDREDORFALLOWDEER_ZOO_5_6_7_9\19_20210219 (861) (2021_04_15 06_16_22 UTC).JPG;1
\vacia\NOANIMAL_ZOO_5_6_7_9\5_20210618 (507).JPG;0
\cervidae\CERVIDREDORFALLOWDEER_ZOO_1_4\10_20210115 (4893).JPG;1
\zorro\Zorro_PNC_2014_JC\c26163IM000019.JPG;1
\vacia\empty_SnapshotMountainZebra\MTZ_S1_E06_R3_IMAG0852.JPG;0
\humanovehiculo\car_CaltechCameraTrap_ME\vehiculo\59104bda-23d2-11e8-a6a3-ec086b02610b.jpg;1
\garduna\garduna_PNC_2013-I_RED_ME\4046IMAG0026.JPG;1
\jabali\WILDBOAR_ZOO_1_4\7_20201118 (1692).JPG;1
\vacia\NOANIMAL_ZOO_5_6_7_9\2_20210417 (19481).JPG;0
\cervidae\ciervo_simone_2\37_20201024 (1635).JPG;1
\vacia\empty_caltechCameraTraps\5971fbc4-23d2-11e8-a6a3-ec086b02610b.jpg;0
\leporido\rabbit_CaltechCameraTrap_ME\59dc27d4-23d2-11e8-a6a3-ec086b02610b.jpg;1
\vacia\NOANIMAL_ZOO_5_6_7_9\19_20210219 (1351) (2021_04_15 06_16_22 UTC).JPG;0
\vacia\empty_caltechCameraTraps\598de8d2-23d2-11e8-a6a3-ec086b02610b.jpg;0
\cervidae\corzo_alumno_2_AM_JC\IMAG0019_frame048.jpg;1
\cervidae\CERVIDREDORFALLOWDEER_ZOO_5_6_7_9\5_20210219 (856) (2021_04_15 06_16_22 UTC).JPG;1
\zorro\Zorro_PNC_2013-O_ME\b19538IMAG0109.JPG;1
\tejon\Tejon_PEPE_IREC_JC\IMAG1499_(2).JPG;1
\cervidae\ciervo_PNC_2014_ISAAC\c29090IM000060.JPG;1
\cervidae\CERVIDREDORFALLOWDEER_ZOO_1_4\21_20201025 (3901).JPG;1
\vacia\empty_IslandConservationCameraTraps\dominicanrepublic_cam1826junio2015_20150505_105115_img_2357.jpg;0
\vacia\NOANIMAL_ZOO_5_6_7_9\50_20210408 (8231).JPG;0
\jabali\WILDBOAR_ZOO_5_6_7_9\11_20210318 (502).JPG;1
\jabali\Jabali_PNC_2014_JC\c70IM000075.JPG;1
\vacia\empty_SnapshotCamdeboo\CDB_S1_B06_R2_IMAG0131.JPG;0
\vacia\NOANIMAL_ZOO_5_6_7_9\24_20210418 (7480).JPG;0
\vacia\NOANIMAL_ZOO_5_6_7_9\25_20210319 (5779).JPG;0
\cervidae\CERVIDREDORFALLOWDEER_ZOO_5_6_7_9\35_20210218 (1301) (2021_04_15 06_16_22 UTC).JPG;1
\cervidae\ciervo_vacías_humanos_PNC_2012_ME\a33015IM000032.JPG;1
\gato_domestico\cat_CaltechCameraTrap\58ce3f8b-23d2-11e8-a6a3-ec086b02610b.jpg;1
\cervidae\ciervo_PNM_2013-O_ISAAC\f29408IMAG0986.JPG;1
\micromamiferos\rodent_CaltechCameraTrap_JC\Roedor_ rodent_CaltechCameraTrap_JC\593a4cf4-23d2-11e8-a6a3-ec086b02610b.jpg;1
\zorro\REDFOX_ZOO_1_4\7_20210115 (100).JPG;1
\vacia\NOANIMAL_ZOO_5_6_7_9\24_20210318 (3079).JPG;0
\vacia\empty_IslandConservationCameraTraps\dominicanrepublic_cam0425abril2015_20130809_024955_sunp1501.jpg;0
\vacia\NOANIMAL_ZOO_1_4\26_20201020 (2090).JPG;0
\cervidae\CERVIDREDORFALLOWDEER_ZOO_5_6_7_9\10_20210319 (4889).JPG;1
\vacia\Nothing_mammalWeb\56499.jpg;0
\lince\Lince_b_Linces2_Leo_JC\lince184 (25).JPG;1
\vacia\empty_IslandConservationCameraTraps\dominicanrepublic_cam0425abril2015_20130808_065456_sunp1366.jpg;0
\vacia\NOANIMAL_ZOO_1_4\37_20201215 (166).JPG;0
\ave\bird_CaltechCameraTrap\595636cb-23d2-11e8-a6a3-ec086b02610b.jpg;1
\vacia\empty_SnapshotMountainZebra\MTZ_S1_D07_R1_IMAG0151.JPG;0
\jabali\jabali_PNC_2014_manuel\c3750IMAG0108.JPG;1
\zorro\zorro_PNC_2012_JC\a36920IM000031.JPG;1
\mapache\raccoon_CaltechCameraTrap_ME\59a49b78-23d2-11e8-a6a3-ec086b02610b.jpg;1
\cervidae\deer_CaltechCameraTrap\5a07cdc8-23d2-11e8-a6a3-ec086b02610b.jpg;1
\vacia\vacias_2_de_2_PNC_2012_ISAAC\a8012IM000341.JPG;0
\vacia\empty_IslandConservationCameraTraps\dominicanrepublic_cam1725abril2015_20150406_093426_img_0099.jpg;0
\cervidae\CERVIDREDORFALLOWDEER_ZOO_1_4\16_20201025 (251).JPG;1
\cervidae\ciervo_vacías_humanos_PNC_2012_ME\a52352IM000152.JPG;1
\vacia\NOANIMAL_ZOO_5_6_7_9\49_20210615 (2256).JPG;0
\tejon\EUROPEANBADGER_ZOO_1_4\24_20210115 (2041).JPG;1
\humanovehiculo\humano_vehiculo_PNC_2013-I_ISAAC\6687IM000003.JPG;1
\vacia\empty_SnapshotMountainZebra\MTZ_S1_G04_R3_IMAG2982.JPG;0
\ave\chicken_IslandConservationCameraTraps\palau_cam04a12132018_20181101_065808_rcnx2029.jpg;1
\zorro\zorro_PNC_2014_manuel\c25966IM000020.JPG;1
\zorro\Zorro_PNC_2013-O_ME\b1867IMAG0087.JPG;1
\vaca\cow_CaltechCameraTrap\58767f42-23d2-11e8-a6a3-ec086b02610b.jpg;1
\leporido\rabbit_IslandConservationCameraTraps\chile_frances022013_06052013131114.jpg;1
\vaca\COW_ZOO_1_4\21_20201217 (1623).JPG;1
\cervidae\CERVIDREDORFALLOWDEER_ZOO_5_6_7_9\49_20210408 (481).JPG;1
\jabali\WILDBOAR_ZOO_5_6_7_9\15_20210219 (10301) (2021_04_15 06_16_22 UTC).JPG;1
\cervidae\ciervo_PNC_2014_ISAAC\c6865IM000097.JPG;1
\jabali\WILDBOAR_ZOO_1_4\6_20201116 (2157).JPG;1
\caballo\HORSE_ZOO_5_6_7_9\46_20210618 (1365).JPG;1
\jabali\WILDBOAR_ZOO_1_4\43_20201118 (623).JPG;1
\cervidae\CERVIDREDORFALLOWDEER_ZOO_1_4\9_20201118 (838).JPG;1
\lince\Lince_b_Linces2_Leo_JC\lince171 (72).JPG;1
\vacia\NOANIMAL_ZOO_1_4\43_20201217 (1984).JPG;0
\leporido\rabbit_CaltechCameraTrap_ME\596d641a-23d2-11e8-a6a3-ec086b02610b.jpg;1
\vacia\vacia_alumno_TH_3_TH_JC\37_20201024 (2040).JPG;0
\vacia\NOANIMAL_ZOO_1_4\15_20201117 (1694).JPG;0
\vacia\vacia_PNM_2013-O_ME\f17085IM000034.JPG;0
\vaca\COW_ZOO_1_4\15_20201024 (3109).JPG;1
\cervidae\cervidae_ME_rev_3_donana\10_20201019 (1806).JPG;1
\cervidae\ciervo_PNC_2013-I_RED_ME\9830IM000014.JPG;1
\vaca\COW_ZOO_5_6_7_9\9_20210615 (1506).JPG;1
\leporido\conejo_WellingtonCameraTraps_SS\13111518363010965021.JPG;1
\vacia\NOANIMAL_ZOO_5_6_7_9\32_20210615 (17339).JPG;0
\cervidae\6_Ciervos_PNC2012_JC\a27885IM000124.JPG;1
\cervidae\CERVIDREDORFALLOWDEER_ZOO_5_6_7_9\28_20210615 (3830).JPG;1
\vacia\vacia_alumno_1_AM\6_20201023 (2101).JPG;0
\vacia\empty_IslandConservationCameraTraps\dominicanrepublic_cam1826junio2015_20150505_134607_img_3219.jpg;0
\vacia\vacia_alumno_AM_2\6_20201023 (1129).JPG;0
\lince\Lince_a_Linces2_Leo_JC\Lince68 (30).JPG;1
\vacia\vacia_alumno_1_TH\IMAG0013_frame040.jpg;0
\gato_domestico\cat_IslandConservationCameraTraps\palau_cam13a12132018_20180906_142452_rcnx0272.jpg;1
\lince\linces_fecha_Linces2_Leo_JC\2_Lince_flecha_Linces2_Leo_JC\lince71 (86).JPG;1
\ave\Pheasant_mammalWeb\41471.jpg;1
\vaca\COW_ZOO_1_4\21_20201217 (1851).JPG;1
\garduna\garduna_PNC_2013-I_ME\9646IM000006.JPG;1
\vacia\NOANIMAL_ZOO_5_6_7_9\39_20210417 (1387).JPG;0
\vacia\NOANIMAL_ZOO_5_6_7_9\49_20210418 (1131).JPG;0
\caballo\HORSE_ZOO_1_4\15_20210117 (2349).JPG;1
\jabali\jabali_PNM_2013-O_ISAAC\f27560IMAG0113.JPG;1
\gato_domestico\cat_IslandConservationCameraTraps\palau_cam04a12132018_20180919_084839_rcnx1380.jpg;1
\vacia\Nothing_mammalWeb\15759.jpg;0
\vacia\NOANIMAL_ZOO_5_6_7_9\24_20210318 (13267).JPG;0
\leporido\rabbit_CaltechCameraTrap_ME\592c4f0d-23d2-11e8-a6a3-ec086b02610b.jpg;1
\leporido\rabbit_CaltechCameraTrap_ME\58adc30a-23d2-11e8-a6a3-ec086b02610b.jpg;1
\vacia\empty_IslandConservationCameraTraps\dominicanrepublic_cam1725abril2015_20150419_071439_img_0704.jpg;0
\zorro\zorro_PNM_2013-I_ISAAC\e1968IM000458.JPG;1
\zorro\Zorro_PNC_2014_JC\c7350IM000028.JPG;1
\jabali\Jabali_PNM_2013-0_ME\f10902IM000020.JPG;1
\ave\rooster_IslandConservationCameraTraps\palau_cam02a12132018_20180826_090120_rcnx0104.jpg;1
\jabali\WILDBOAR_ZOO_1_4\7_20201118 (719).JPG;1
\cervidae\2_ciervo_Javi_3_JC\21_20201025 (1803).JPG;1
\humanovehiculo\humanovehiculo_PNC_2014_manuel\c5742IM000004.JPG;1
\vacia\NOANIMAL_ZOO_5_6_7_9\9_20210218 (1974) (2021_04_15 06_16_22 UTC).JPG;0
\gato_domestico\gato_WellingtonCameraTraps_SS\0404151250120745L091.JPG;1
\vacia\empty_SnapshotMountainZebra\MTZ_S1_E06_R3_IMAG0048.JPG;0
\zorro\zorro_PNC_2013-I_RED_ME\7435IM000010.JPG;1
\ave\shearwater_IslandConservationCameraTraps\chile_vaqueria2013_1612201245047.jpg;1
\vaca\cow_CaltechCameraTrap\58910fec-23d2-11e8-a6a3-ec086b02610b.jpg;1
\cervidae\CERVIDREDORFALLOWDEER_ZOO_1_4\39_20210115 (1384).JPG;1
\zorro\zorro_PNC_2014_manuel\c8983IM000074.JPG;1
\vacia\NOANIMAL_ZOO_1_4\34_20210115 (6978).JPG;0
\cervidae\CERVIDREDORFALLOWDEER_ZOO_5_6_7_9\49_20210408 (419).JPG;1
\cervidae\CERVIDREDORFALLOWDEER_ZOO_1_4\15_20210117 (4561).JPG;1
\micromamiferos\rat_IslandConservationCameraTraps\micronesia_cam05april2019_20190411_191339_rcnx0020.jpg;1
\leporido\rabbit_IslandConservationCameraTraps\chile_vaqueria2013_03012013200413.jpg;1
\meloncillo\meloncillo_PNM_2013-I_ME\e1149IMAG0059.JPG;1
\vacia\empty_SnapshotKaroo\KAR_S1_C02_R1_IMAG0275.JPG;0
\jabali\WILDBOAR_ZOO_1_4\15_20210117 (6887).JPG;1
\vacia\empty_caltechCameraTraps\5a26381f-23d2-11e8-a6a3-ec086b02610b.jpg;0
\jabali\jabali_PNM_2013-O_ISAAC\f20416IM000163.JPG;1
\lince\Lince_b_Linces2_Leo_JC\lince155 (37).JPG;1
\jabali\2_jabali_Leo_Otra_fauna_PASADA_POR_LA_RED_JC\Otrafauna (1452).JPG;1
\humanovehiculo\car_CaltechCameraTrap_ME\vehiculo\59ec550f-23d2-11e8-a6a3-ec086b02610b.jpg;1
\cervidae\CERVIDREDORFALLOWDEER_ZOO_1_4\38_20201019 (199).JPG;1
\cervidae\CERVIDREDORFALLOWDEER_ZOO_1_4\26_20201117 (715).JPG;1
\cervidae\Ciervo_PNC_2014_JC\c26380IM000129.JPG;1
\cervidae\CERVIDREDORFALLOWDEER_ZOO_5_6_7_9\8_20210219 (791) (2021_04_15 06_16_22 UTC).JPG;1
\vacia\vacias_PNC_2013-O_RED_ISAAC\b17320IM000015.JPG;0
\cervidae\ciervo_vacías_humanos_PNC_2012_ME\a10163IM000125.JPG;1
\zorro\zorro_PNC_2012_JC\a29120IM000031.JPG;1
\vacia\vacias_PNM_2013-O_ISAAC\f3135IMAG0019.JPG;0
\lince\Lince_a_Linces2_Leo_JC\lince123 (116).JPG;1
\cervidae\ciervo_simone_2\37_20201024 (741).JPG;1
\vacia\NOANIMAL_ZOO_5_6_7_9\11_20210615 (8218).JPG;0
\leporido\rabbit_IslandConservationCameraTraps\chile_frances022013_26052013121301.jpg;1
\jabali\WILDBOAR_ZOO_1_4\11_20210114 (669).JPG;1
\ave\bird_CaltechCameraTrap\594b5f54-23d2-11e8-a6a3-ec086b02610b.jpg;1
\cervidae\ciervo_PNC_2014_ISAAC\c17537IM000105.JPG;1
\vacia\NOANIMAL_ZOO_1_4\34_20210115 (4953).JPG;0
\leporido\conejo_Paco_Carro_JC\01090440.JPG;1
\cervidae\corzo_alumno_2_AM_JC\DSCF0184_frame136.jpg;1
\vaca\COW_ZOO_1_4\21_20201025 (957).JPG;1
\gato_domestico\cat_IslandConservationCameraTraps\puertorico_18_20150120_151636_img_0206.jpg;1
\vacia\NOANIMAL_ZOO_5_6_7_9\2_20210319 (8934).JPG;0
\jabali\WILDBOAR_ZOO_1_4\37_20201215 (131).JPG;1
\humanovehiculo\car_CaltechCameraTrap_ME\vehiculo\59b93915-23d2-11e8-a6a3-ec086b02610b.jpg;1
\cervidae\CERVIDREDORFALLOWDEER_ZOO_5_6_7_9\8_20210318 (264).JPG;1
\micromamiferos\micromamifero_WellingtonCameraTraps_SS\250616052232038cs522.JPG;1
\ave\white-winged_dove_IslandConservationCameraTraps\dominicanrepublic_cam1814marzo2016_20160310_080103_img_0038.jpg;1
\lince\Lince_a_Linces2_Leo_JC\lince78 (69).JPG;1
\garduna\Garduna_PNC_2013-O_ME\b19663IMAG0241.JPG;1
\vacia\empty_IslandConservationCameraTraps\palau_cam12a083118_20180828_120000_rcnx0049.jpg;0
\vacia\empty_IslandConservationCameraTraps\dominicanrepublic_cam1826junio2015_20150505_073621_img_1236.jpg;0
\micromamiferos\rodent_CaltechCameraTrap_JC\Roedor_ rodent_CaltechCameraTrap_JC\58c7f23e-23d2-11e8-a6a3-ec086b02610b.jpg;1
\zorro\Zorro_Pepe_IREC\Zorro_Pepe_Irec_ME\IMAG0006_(4).JPG;1
\vacia\Nothing_mammalWeb\46951.jpg;0
\leporido\rabbit_CaltechCameraTrap_ME\597388ae-23d2-11e8-a6a3-ec086b02610b.jpg;1
\vacia\NOANIMAL_ZOO_5_6_7_9\18_20210417 (3935).JPG;0
\vacia\Nothing_mammalWeb\57009.jpg;0
\vacia\empty_IslandConservationCameraTraps\dominicanrepublic_cam0425abril2015_20130825_055729_sunp5766.jpg;0
\vacia\NOANIMAL_ZOO_1_4\6_20201812 (13142).JPG;0
\gato_domestico\gato_WellingtonCameraTraps_SS\061116024028031cs121.JPG;1
\cervidae\CERVIDREDORFALLOWDEER_ZOO_5_6_7_9\9_20210218 (233) (2021_04_15 06_16_22 UTC).JPG;1
\cervidae\CERVIDREDORFALLOWDEER_ZOO_5_6_7_9\5_20210319 (59).JPG;1
\cervidae\Ciervo_PNC_2014_JC\c10254IM000045.JPG;1
\vaca\cow_CaltechCameraTrap\58a6e8f8-23d2-11e8-a6a3-ec086b02610b.jpg;1
\vacia\empty_SnapshotMountainZebra\MTZ_S1_E06_R1_IMAG1394.JPG;0
\ave\shearwater_IslandConservationCameraTraps\chile_vaqueria2013_2712201245436.jpg;1
\cervidae\CERVIDREDORFALLOWDEER_ZOO_1_4\29_20201117 (912).JPG;1
\leporido\rabbit_IslandConservationCameraTraps\chile_frances012013_2112201283744.jpg;1
\micromamiferos\rodent_CaltechCameraTrap_JC\Roedor_ rodent_CaltechCameraTrap_JC\59ddc185-23d2-11e8-a6a3-ec086b02610b.jpg;1
\zorro\Zorro_Pepe_IREC\Zorro_Pepe_Irec_ME\CA_16-04.22-04_47.JPG;1
\leporido\conejo_alumno_1_TH\Conejo_alumno_2_AM_JC\Orycun (4)_frame090.jpg;1
\humanovehiculo\HUMANORVEHICLE_ZOO_5_6_7_9\18_20210417 (5).JPG;1
\cervidae\CERVIDREDORFALLOWDEER_ZOO_1_4\21_20201025 (5301).JPG;1
\jabali\WILDBOAR_ZOO_1_4\33_20201217 (412).JPG;1
\caballo\HORSE_ZOO_1_4\15_20201117 (8072).JPG;1
\cervidae\deer_CaltechCameraTrap\597fee8b-23d2-11e8-a6a3-ec086b02610b.jpg;1
\cervidae\CERVIDREDORFALLOWDEER_ZOO_1_4\21_20201119 (3457).JPG;1
\vacia\Nothing_mammalWeb\79111.jpg;0
\jabali\jabali_PNM_2013-I_ISAAC\e2609IM000481.JPG;1
\humanovehiculo\car_CaltechCameraTrap_ME\vehiculo\58f8cc72-23d2-11e8-a6a3-ec086b02610b.jpg;1
\vacia\SnampshotEnonkishu\ENO_S1_D06_R1_IMAG1588.JPG;0
\vacia\NOANIMAL_ZOO_1_4\26_20201020 (4788).JPG;0
\vacia\NOANIMAL_ZOO_5_6_7_9\47_20210615 (1077).JPG;0
\humanovehiculo\humanovehiculo_PNC_2014_manuel\c24678IMAG0001.JPG;1
\gato_domestico\gato_WellingtonCameraTraps_SS\201215111934012as121.JPG;1
\ave\ave_ave_WellingtonCameraTraps_SS\1505151621020244S411.JPG;1
\perro\dog_IslandConservationCameraTraps\dominicanrepublic_cam228noviembre2015_20151105_071232_img_0134.jpg;1
\vacia\vacias_1_de_2_PNC_2012_ISAAC\a38635IMAG0377.JPG;0
\cervidae\CERVIDREDORFALLOWDEER_ZOO_1_4\21_20201025 (2242).JPG;1
\gato_domestico\gato_WellingtonCameraTraps_SS\25111507201602375956.JPG;1
\vacia\NOANIMAL_ZOO_1_4\15_20210117 (11194).JPG;0
\vacia\NOANIMAL_ZOO_5_6_7_9\49_20210418 (13084).JPG;0
\jabali\jabali_alumno_2_TH\37_20201024 (1439).JPG;1
\zorro\zorro_vacías_humanos_PNC_2012_ME\a23288IM000109.JPG;1
\cervidae\deer_CaltechCameraTrap\59e1026d-23d2-11e8-a6a3-ec086b02610b.jpg;1
\vacia\NOANIMAL_ZOO_1_4\15_20210117 (5493).JPG;0
\cervidae\cervidae_buscar_cab_isaac_sin_contar\28_20201117 (730).JPG;1
\vacia\empty_IslandConservationCameraTraps\dominicanrepublic_cam1826junio2015_20150505_142600_img_3258.jpg;0
\vacia\empty_SnapshotMountainZebra\MTZ_S1_C06_R3_IMAG1728.JPG;0
\jabali\Jabalí_PNC_2013-O_ME\b20012IMAG0090.JPG;1
\leporido\rabbit_CaltechCameraTrap_ME\5865e441-23d2-11e8-a6a3-ec086b02610b.jpg;1
\vacia\empty_IslandConservationCameraTraps\dominicanrepublic_cam1725abril2015_20150414_101135_img_0572.jpg;0
\vacia\NOANIMAL_ZOO_1_4\6_20201812 (10141).JPG;0
\ave\ave_ave_WellingtonCameraTraps_SS\021116183732027bs242.JPG;1
\vaca\COW_ZOO_1_4\21_20201217 (2757).JPG;1
\vacia\empty_SnapshotMountainZebra\MTZ_S1_G04_R3_IMAG1055.JPG;0
\vacia\NOANIMAL_ZOO_1_4\9_20210114 (878).JPG;0
\leporido\2_conejo_Paco_Carro_JC\PICT1003.JPG;1
\gato_domestico\gato_WellingtonCameraTraps_SS\22111517403603592543.JPG;1
\ave\birdother_SnapshotKgalagai\KGA_S1_A04_R1_IMAG0106.JPG;1
\humanovehiculo\humanovehiculo_PNC_2014_manuel\c10186IM000074.JPG;1
\vacia\empty_caltechCameraTraps\598de926-23d2-11e8-a6a3-ec086b02610b.jpg;0
\ave\ave_ave_WellingtonCameraTraps_SS\090216150124031a2542.JPG;1
\vacia\NOANIMAL_ZOO_5_6_7_9\2_20210417 (20130).JPG;0
\jabali\WILDBOAR_ZOO_1_4\20_20210115 (549).JPG;1
\caballo\HORSE_ZOO_1_4\10_20201117 (1533).JPG;1
\vacia\NOANIMAL_ZOO_1_4\9_20210114 (1043).JPG;0
\vacia\SnampshotEnonkishu\ENO_S1_B03_R1_IMAG0907.JPG;0
\vacia\empty_IslandConservationCameraTraps\dominicanrepublic_cam1125abril2015_20150402_153803_img_0153.jpg;0
\zorro\fox_CaltechCameraTrap_ME\58f5afdf-23d2-11e8-a6a3-ec086b02610b.jpg;1
\vacia\empty_SnapshotMountainZebra\MTZ_S1_D05_R1_IMAG0211.JPG;0
\gato_domestico\2_gato_WellingtonCameraTraps_SS\2103152025140194S221.JPG;1
\cervidae\CERVIDREDORFALLOWDEER_ZOO_1_4\15_20201215 (6720).JPG;1
\cervidae\ciervo_PNC_2014_ISAAC\c10975FILE0029.JPG;1
\ave\short-eared_owl_IslandConservationCameraTraps\ecuador2_ic1605_20181024_044850_img_0119.jpg;1
\leporido\conejo_WellingtonCameraTraps_SS\020516072616002cs143.JPG;1
\jabali\jabali_PNC_2014_manuel\c10638IM000028.JPG;1
\vacia\NOANIMAL_ZOO_5_6_7_9\24_20210219 (531) (2021_04_15 06_16_22 UTC).JPG;0
\vacia\SnampshotEnonkishu\ENO_S1_B03_R1_IMAG1464.JPG;0
\vacia\vacias_2_de_2_PNC_2012_ISAAC\a43399IM000205.JPG;0
\micromamiferos\rat_IslandConservationCameraTraps\micronesia_cam09_cam09june2019_20190614170149_rcnx0004.jpg;1
\vacia\empty_IslandConservationCameraTraps\palau_cam04a12132018_20181213_095700_rcnx2400.jpg;0
\vacia\vacia_alumno_AM_2\24_20201019 (1021).JPG;0
\jabali\WILDBOAR_ZOO_1_4\7_20201118 (2168).JPG;1
\meloncillo\Meloncillo_PEPE_IREC_JC\IMAG0800_(5).JPG;1
\zorro\Zorro_PNM_2013-0_ME\f15081IM000089.JPG;1
\cervidae\ciervo_simone_2\34_20201024 (3576).JPG;1
\micromamiferos\micromamiferos_Paco_Carro_JC\PICT0233.JPG;1
\ave\MIRLO_PNM_2013-I_ISAAC\e417IM000017.JPG;1
\leporido\rabbit_IslandConservationCameraTraps\chile_frances012013_27122012104419.jpg;1
\cervidae\ciervo_simone_2\34_20201024 (4300).JPG;1
\vaca\COW_ZOO_5_6_7_9\21_20210418 (3255).JPG;1
\cervidae\ciervo_vacías_humanos_PNC_2012_ME\a33735IM000233.JPG;1
\vacia\NOANIMAL_ZOO_1_4\34_20210115 (1675).JPG;0
\jabali\WILDBOAR_ZOO_1_4\7_20201118 (1723).JPG;1
\vacia\NOANIMAL_ZOO_5_6_7_9\19_20210417 (468).JPG;0
\cervidae\deer_CaltechCameraTrap\59055dbd-23d2-11e8-a6a3-ec086b02610b.jpg;1
\gato_domestico\cat_IslandConservationCameraTraps\puertorico_23_20141119_112052_ek000186.jpg;1
\zorro\zorro_PNC_2013-I_RED_ME\4605IM000045.JPG;1
\vacia\vacia_alumno_AM_2\30_20201021 (605).JPG;0
\humanovehiculo\HUMANORVEHICLE_ZOO_5_6_7_9\28_20210318 (16271).JPG;1
\ave\ave_PNC_2013-O_RED_ISAAC\b4373IMAG0243.JPG;1
\vacia\NOANIMAL_ZOO_5_6_7_9\20_20210219 (362) (2021_04_15 06_16_22 UTC).JPG;0
\leporido\conejo_Paco_Carro_JC\PICT0158.JPG;1
\jabali\jabali_buscar_cab_isaac_sin_contar\28_20201117 (982).JPG;1
\leporido\rabbit_IslandConservationCameraTraps\chile_frances022013_19052013143019.jpg;1
\vaca\COW_ZOO_1_4\21_20201217 (111).JPG;1
\jabali\WILDBOAR_ZOO_1_4\20_20210115 (1345).JPG;1
\cervidae\CERVIDREDORFALLOWDEER_ZOO_5_6_7_9\28_20210615 (3411).JPG;1
\vacia\empty_caltechCameraTraps\5a23118d-23d2-11e8-a6a3-ec086b02610b.jpg;0
\vacia\NOANIMAL_ZOO_1_4\2_20201215 (6472).JPG;0
\leporido\rabbit_IslandConservationCameraTraps\chile_frances012013_19122012162731.jpg;1
\vacia\NOANIMAL_ZOO_5_6_7_9\25_20210417 (2084).JPG;0
\ave\bird_CaltechCameraTrap\585a6460-23d2-11e8-a6a3-ec086b02610b.jpg;1
\cervidae\Ciervo_PNC_2012_JC\a4046IM000046.JPG;1
\cervidae\CERVIDREDORFALLOWDEER_ZOO_1_4\5_20210115 (673).JPG;1
\cervidae\CERVIDREDORFALLOWDEER_ZOO_1_4\40_20201024 (1201).JPG;1
\cervidae\Ciervo_PNM_2013-0_ME\f29247IMAG0844.JPG;1
\lince\linces_fecha_Linces2_Leo_JC\2_Lince_flecha_Linces2_Leo_JC\lince199 (46).JPG;1
\caballo\HORSE_ZOO_1_4\15_20201215 (156).JPG;1
\ave\OTHERSPECIES_ZOO_1_4\15_20210117 (8415).JPG;1
\vacia\empty_SnapshotKruger\KRU_S1_16_R1_IMAG0073.JPG;0
\caballo\HORSE_ZOO_1_4\15_20201117 (4021).JPG;1
\cervidae\deer_CaltechCameraTrap\597fee1c-23d2-11e8-a6a3-ec086b02610b.jpg;1
\vacia\NOANIMAL_ZOO_5_6_7_9\5_20210417 (1026).JPG;0
\vacia\NOANIMAL_ZOO_5_6_7_9\25_20210615 (9962).JPG;0
\ave\ave_ave_WellingtonCameraTraps_SS\080116074308043c1601.JPG;1
\caballo\HORSE_ZOO_5_6_7_9\2_20210219 (311) (2021_04_15 06_16_22 UTC).JPG;1
\vacia\empty_caltechCameraTraps\59a7bc3e-23d2-11e8-a6a3-ec086b02610b.jpg;0
\vacia\NOANIMAL_ZOO_1_4\43_20201217 (1921).JPG;0
\lince\Lince_b_Linces2_Leo_JC\lince161 (109).JPG;1
\humanovehiculo\humanovehiculo_PNC_2014_manuel\c5673IM000081.JPG;1
\vaca\COW_ZOO_1_4\21_20201217 (1729).JPG;1
\vacia\empty_SnapshotMountainZebra\MTZ_S1_D05_R1_IMAG0574.JPG;0
\cervidae\CERVIDREDORFALLOWDEER_ZOO_1_4\37_20201116 (1041).JPG;1
\perro\dog_IslandConservationCameraTraps\dominicanrepublic_cam139noviembre_20151108_075645_img_0012.jpg;1
\humanovehiculo\humano_vehiculo_PNM_2013-O_ISAAC\f27431IMAG0039.JPG;1
\vaca\COW_ZOO_5_6_7_9\17_20210615 (257).JPG;1
\vacia\empty_SnapshotMountainZebra\MTZ_S1_G04_R3_IMAG0341.JPG;0
\vacia\vacia_ss\28_20201019 (1154).JPG;0
\vacia\NOANIMAL_ZOO_1_4\26_20201020 (3175).JPG;0
\garduna\Garduña_PNC_2014_JC\c9283IM000039.JPG;1
\vacia\vacias_PNM_2013-O_ISAAC\f15771IMAG0557.JPG;0
\vacia\empty_IslandConservationCameraTraps\dominicanrepublic_cam1826junio2015_20150505_054203_img_0715.jpg;0
\zorro\Zorro_PNC_2014_JC\c25827IM000045.JPG;1
\leporido\rabbit_CaltechCameraTrap_ME\58823d38-23d2-11e8-a6a3-ec086b02610b.jpg;1
\vacia\NOANIMAL_ZOO_5_6_7_9\28_20210615 (5097).JPG;0
\leporido\rabbit_CaltechCameraTrap_ME\595ded0e-23d2-11e8-a6a3-ec086b02610b.jpg;1
\ave\shearwater_IslandConservationCameraTraps\chile_vaqueria2013_1412201242148.jpg;1
\gato_domestico\gato_WellingtonCameraTraps_SS\160916194542046c9704.JPG;1
\micromamiferos\micromamifero_WellingtonCameraTraps_SS\120116220442030bs102.JPG;1
\vacia\NOANIMAL_ZOO_1_4\6_20201812 (12163).JPG;0
\cervidae\CIERVO_PNM_2013-I_ISAAC\e5308IMAG0126.JPG;1
\zorro\Red fox_mammalWeb\29749.jpg;1
\vacia\NOANIMAL_ZOO_1_4\7_20210115 (3221).JPG;0
\vacia\empty_SnapshotMountainZebra\MTZ_S1_G04_R3_IMAG3416.JPG;0
\perro\dog_caltechCameraTraps\5965aab4-23d2-11e8-a6a3-ec086b02610b.jpg;1
\vacia\NOANIMAL_ZOO_5_6_7_9\50_20210417 (22801).JPG;0
\cervidae\ciervo_PNM_2013-I_ISAAC\e2899IM000010.JPG;1
\zorro\zorro_PNC_2013-I_ME\5195IM000034.JPG;1
\vacia\NOANIMAL_ZOO_1_4\6_20201812 (11386).JPG;0
\cervidae\CERVIDREDORFALLOWDEER_ZOO_5_6_7_9\35_20210318 (609).JPG;1
\cervidae\CERVIDREDORFALLOWDEER_ZOO_1_4\15_20201215 (990).JPG;1
\caballo\HORSE_ZOO_1_4\15_20210117 (13122).JPG;1
\vaca\cow_CaltechCameraTrap\587b7c33-23d2-11e8-a6a3-ec086b02610b.jpg;1
\vacia\NOANIMAL_ZOO_1_4\6_20201812 (15391).JPG;0
\cervidae\ciervo_PNC_2014_ISAAC\c18961IMAG0147.JPG;1
\leporido\conejo_WellingtonCameraTraps_SS\180716071420038cs522.JPG;1
\tejon\Tejon_PEPE_IREC_JC\IMAG0423_(5).JPG;1
\vacia\empty_IslandConservationCameraTraps\palau_cam07a083118_20180825_120000_rcnx0019.jpg;0
\vacia\empty_caltechCameraTraps\5a07cd5f-23d2-11e8-a6a3-ec086b02610b.jpg;0
\vacia\empty_IslandConservationCameraTraps\puertorico_7a_20141122_120737_img_0075.jpg;0
\vacia\empty_SnapshotMountainZebra\MTZ_S1_D06_R1_IMAG1932.JPG;0
\cervidae\CERVIDREDORFALLOWDEER_ZOO_5_6_7_9\15_20210219 (6970) (2021_04_15 06_16_22 UTC).JPG;1
\humanovehiculo\car_CaltechCameraTrap_ME\vehiculo\58f5b0b5-23d2-11e8-a6a3-ec086b02610b.jpg;1
\ave\ave_Soraya_Padilla_Alumno_1_TH\STC_0162_frame220.jpg;1
\vaca\COW_ZOO_5_6_7_9\21_20210318 (15195).JPG;1
\humanovehiculo\humanovehiculo_vacías_humanos_PNC_2012_ME\a10075IM000045.JPG;1
\jabali\jabali_javi_JC\28_20201019 (1705).JPG;1
\vacia\NOANIMAL_ZOO_5_6_7_9\25_20210417 (16509).JPG;0
\humanovehiculo\humanovehiculo_PNC_2013-O_RED_ISAAC\b12491IM000049.JPG;1
\cervidae\cervidae_ME_rev_1_donana\37_20201024 (9066).JPG;1
\cervidae\CERVIDREDORFALLOWDEER_ZOO_1_4\28_20201117 (1484).JPG;1
\leporido\rabbit_IslandConservationCameraTraps\chile_frances012013_19122012193729.jpg;1
\jabali\WILDBOAR_ZOO_1_4\29_20201023 (482).JPG;1
\humanovehiculo\humano_vehiculo_PNC_2013-I_ISAAC\2306IM000001.JPG;1
\vaca\COW_ZOO_5_6_7_9\46_20210618 (749).JPG;1
\gato_domestico\gato_WellingtonCameraTraps_SS\151215152458012as121.JPG;1
\cervidae\CERVIDREDORFALLOWDEER_ZOO_5_6_7_9\19_20210618 (384).JPG;1
\vacia\NOANIMAL_ZOO_5_6_7_9\24_20210418 (4038).JPG;0
\ave\ave_Soraya_Padilla_Alumno_1_TH\STC_0545_frame130.jpg;1
\cervidae\2_cervidae_alumno_2_TH\21_20201025 (466).JPG;1
\vacia\empty_IslandConservationCameraTraps\dominicanrepublic_cam2015abril2015_20150325_142618_img_0791.jpg;0
\micromamiferos\rat_IslandConservationCameraTraps\micronesia_cam09_cam09june2019_20190614200729_rcnx0027.jpg;1
\cervidae\ciervo_PNC_2013-I_ME\6777IM000087.JPG;1
\vacia\NOANIMAL_ZOO_5_6_7_9\2_20210618 (9068).JPG;0
\zorro\zorro_PNC_2014_manuel\c25154IM000128.JPG;1
\ave\ave_ave_WellingtonCameraTraps_SS\081016122924040cs101.JPG;1
\micromamiferos\rat_IslandConservationCameraTraps\micronesia_cam06_cam06june2019_pig_20190629195658_1858.jpg;1
\vacia\empty_IslandConservationCameraTraps\dominicanrepublic_cam1125abril2015_20150411_173020_img_0991.jpg;0
\vacia\NOANIMAL_ZOO_5_6_7_9\36_20210219 (2899) (2021_04_15 06_16_22 UTC).JPG;0
\ave\ave_ave_WellingtonCameraTraps_SS\060416074906047c7303.JPG;1
\vacia\vacia_alumno_1_AM_2\26_20201020 (9755).JPG;0
\vacia\NOANIMAL_ZOO_5_6_7_9\2_20210417 (5046).JPG;0
\cervidae\CERVIDREDORFALLOWDEER_ZOO_1_4\15_20210117 (9821).JPG;1
\ave\ave_ave_WellingtonCameraTraps_SS\010216093202023as383.JPG;1
\ave\ave_Soraya_Padilla_Alumno_1_TH\DSCF0119_frame070.jpg;1
\vacia\NOANIMAL_ZOO_5_6_7_9\36_20210618 (8292).JPG;0
\caballo\caballos_alumno_AM\caballos_alumno_AM\9_20201712 (2124).JPG;1
\cervidae\CERVIDREDORFALLOWDEER_ZOO_1_4\37_20210115 (2612).JPG;1
\vacia\NOANIMAL_ZOO_1_4\6_20201812 (13990).JPG;0
\micromamiferos\micromamiferos_Paco_Carro_JC\IMG_0290.JPG;1
\jabali\jabali_vacías_humanos_PNC_2012_ME\a35688IMAG0012.JPG;1
\vacia\vacias_PNC_2014_ISAAC\c19805IM000008.JPG;0
\micromamiferos\micromamiferos_fotosManuelEmilio20200912\IMG_0616.JPG;1
\humanovehiculo\humano_vehiculo_PNM_2012_ISAAC\d15702IM000052.JPG;1
\jabali\2_jabali_javi_JC\28_20201019 (1965).JPG;1
\vacia\vacia_Paco_Carro_JC\MDGC0350.JPG;0
\vacia\NOANIMAL_ZOO_1_4\7_20210115 (3897).JPG;0
\caballo\HORSE_ZOO_1_4\10_20201218 (2424).JPG;1
\jabali\WILDBOAR_ZOO_1_4\20_20210115 (1186).JPG;1
\perro\Domestic dog_mammalWeb\51319.jpg;1
\vacia\empty_SnapshotMountainZebra\MTZ_S1_E06_R3_IMAG1227.JPG;0
\cervidae\ciervo_PNC_2014_ISAAC\c191IM000037.JPG;1
\vacia\NOANIMAL_ZOO_1_4\15_20201215 (2160).JPG;0
\vaca\COW_ZOO_1_4\15_20201117 (1481).JPG;1
\humanovehiculo\humano_vehiculo_PNC_2013-I_ISAAC\6355IMAG0010.JPG;1
\leporido\conejo_Paco_Carro_JC\PICT0756.JPG;1
\humanovehiculo\humanovehiculo_vacías_humanos_PNC_2012_ME\a2018IM000009.JPG;1
\cervidae\CERVIDREDORFALLOWDEER_ZOO_5_6_7_9\38_20210219 (1008) (2021_04_15 06_16_22 UTC).JPG;1
\vacia\empty_IslandConservationCameraTraps\dominicanrepublic_cam1826julio2015_20150713_094332_img_2116.jpg;0
\tejon\Tejon_PEPE_IREC_JC\IMAG0085_(3).JPG;1
\cervidae\CERVIDREDORFALLOWDEER_ZOO_5_6_7_9\5_20210219 (1187) (2021_04_15 06_16_22 UTC).JPG;1
\humanovehiculo\humanovehiculo_Caltech\59641cff-23d2-11e8-a6a3-ec086b02610b.jpg;1
\vacia\NOANIMAL_ZOO_1_4\2_20210115 (10379).JPG;0
\lince\Lince_b_Linces2_Leo_JC\lince153 (21).JPG;1
\cervidae\ciervo_vacías_humanos_PNC_2012_ME\a18529IM000122.JPG;1
\micromamiferos\rodent_CaltechCameraTrap_JC\Roedor_ rodent_CaltechCameraTrap_JC\590b9cff-23d2-11e8-a6a3-ec086b02610b.jpg;1
\caballo\caballos_alumno_AM\caballos_alumno_AM\9_20201712 (324).JPG;1
\leporido\rabbit_IslandConservationCameraTraps\chile_frances022013_19042013112908.jpg;1
\cervidae\CERVIDREDORFALLOWDEER_ZOO_5_6_7_9\36_20210319 (12142).JPG;1
\cervidae\ciervo_vacías_humanos_PNC_2012_ME\a33989IM000208.JPG;1
\vacia\vacia_Paco_Carro_JC\IMG_2030.JPG;0
\vacia\NOANIMAL_ZOO_1_4\6_20201812 (10641).JPG;0
\vacia\vacia_alumno_AM_2\25_20201024 (312).JPG;0
\micromamiferos\micromamiferos_Paco_Carro_JC\IMG_0086.JPG;1
\humanovehiculo\humanovehiculo_PNM_2013-I_ME\e128IM000001.JPG;1
\micromamiferos\rat_IslandConservationCameraTraps\micronesia_cam03april2019_20190411_211945_rcnx0280.jpg;1
\vacia\empty_IslandConservationCameraTraps\ecuador2_ic1607_20150122_054835_img_0417.jpg;0
\cervidae\CERVIDREDORFALLOWDEER_ZOO_1_4\21_20201025 (2172).JPG;1
\cervidae\2_cervido_simone_2\34_20201024 (4015).JPG;1
\cervidae\ciervo_PNC_2014_manuel\c11951IMAG0187.JPG;1
\vacia\empty_SnapshotMountainZebra\MTZ_S1_D06_R1_IMAG0018.JPG;0
\vacia\vacias_PNC_2014_ISAAC\c10901IMAG0001.JPG;0
\vaca\COW_ZOO_5_6_7_9\21_20210418 (495).JPG;1
\cervidae\ciervo_simone_2\34_20201024 (4231).JPG;1
\cervidae\Ciervo_PNC_2014_JC\c6849IM000086.JPG;1
\jabali\jabali_alumno_2_2_TH_JC\33_20201025 (225).JPG;1
\cervidae\CERVIDREDORFALLOWDEER_ZOO_5_6_7_9\15_20210219 (6181) (2021_04_15 06_16_22 UTC).JPG;1
\leporido\conejo_WellingtonCameraTraps_SS\311016060224040bs153.JPG;1
\jabali\WILDBOAR_ZOO_1_4\31_20210115 (438).JPG;1
\cervidae\2CIERVO_PNM_2013-I_ISAAC\e5650IMAG0071.JPG;1
\vacia\empty_IslandConservationCameraTraps\palau_cam09a12132018_20181113_152252_rcnx1010.jpg;0
\cervidae\CIERVO_PNM_2012_ISAAC\d14472IMAG0025.JPG;1
\cervidae\CERVIDREDORFALLOWDEER_ZOO_1_4\34_20201024 (6262).JPG;1
\jabali\WILDBOAR_ZOO_1_4\11_20210114 (883).JPG;1
\cervidae\Ciervo_PNC_2012_JC\a40172IM000167.JPG;1
\vacia\NOANIMAL_ZOO_1_4\26_20201020 (15949).JPG;0
\zorro\fox_CaltechCameraTrap_ME\59055d5d-23d2-11e8-a6a3-ec086b02610b.jpg;1
\zorro\REDFOX_ZOO_1_4\11_20201217 (320).JPG;1
\gineta\Gineta_ME\f19872IM000753.JPG;1
\lince\Lince_a_Linces2_Leo_JC\Lince51 (105).JPG;1
\humanovehiculo\HUMANORVEHICLE_ZOO_5_6_7_9\16_20210418 (5).JPG;1
\cervidae\ciervo_PNM_2012_ISAAC\d55FILE0018.JPG;1
\leporido\conejo_leo_donana\0004273.JPG;1
\vacia\empty_caltechCameraTraps\59e441da-23d2-11e8-a6a3-ec086b02610b.jpg;0
\caballo\HORSE_ZOO_1_4\10_20201117 (1391).JPG;1
\humanovehiculo\car_CaltechCameraTrap_ME\vehiculo\58c036cc-23d2-11e8-a6a3-ec086b02610b.jpg;1
\vacia\NOANIMAL_ZOO_5_6_7_9\49_20210418 (13104).JPG;0
\vaca\cow_CaltechCameraTrap\59088184-23d2-11e8-a6a3-ec086b02610b.jpg;1
\vacia\NOANIMAL_ZOO_1_4\6_20201812 (9083).JPG;0
\vaca\cow_CaltechCameraTrap\5865e31e-23d2-11e8-a6a3-ec086b02610b.jpg;1
\humanovehiculo\humanovehiculo_PNM_2013-I_ME\e594IM000022.JPG;1
\jabali\WILDBOAR_ZOO_1_4\37_20201116 (7902).JPG;1
\vaca\cow_CaltechCameraTrap\58e5981f-23d2-11e8-a6a3-ec086b02610b.jpg;1
\tejon\tejon_alumno_2_AM_JC\STC_0294_frame120.jpg;1
\caballo\caballos_javier_JC\2_20201117 (5191).JPG;1
\leporido\conejo_Paco_Carro_JC\PICT0633 (2).JPG;1
\humanovehiculo\humano_vehiculo_PNM_2012_ISAAC\d11248IM000015.JPG;1
\jabali\jabali_PNC_2013-O_RED_ISAAC\b177IM000176.JPG;1
\lince\linces_fecha_Linces2_Leo_JC\2_Lince_flecha_Linces2_Leo_JC\lince172 (66).JPG;1
\vacia\NOANIMAL_ZOO_1_4\25_20210115 (1608).JPG;0
\vacia\empty_caltechCameraTraps\5998cfbe-23d2-11e8-a6a3-ec086b02610b.jpg;0
\vacia\empty_IslandConservationCameraTraps\puertorico_23_20150120_001647_ek001880.jpg;0
\cervidae\Ciervo_PNC_2013-O_ME\b18303IM000133.JPG;1
\cervidae\cervidae_mancha\c27836IM000089.JPG;1
\vacia\NOANIMAL_ZOO_1_4\26_20201020 (11848).JPG;0
\vacia\empty_caltechCameraTraps\5a02fa49-23d2-11e8-a6a3-ec086b02610b.jpg;0
\jabali\WILDBOAR_ZOO_1_4\37_20201024 (596).JPG;1
\vacia\vacia_alumno_2_2_TH_JC\27_20201023 (6202).JPG;0
\cervidae\deer_CaltechCameraTrap\5a17dfc6-23d2-11e8-a6a3-ec086b02610b.jpg;1
\caballo\caballos_alumno_AM\caballos_alumno_AM\2_20201215 (535).JPG;1
\vacia\NOANIMAL_ZOO_5_6_7_9\20_20210618 (12177).JPG;0
\zorro\zorro_PNC_2012_JC\a47562IM000056.JPG;1
\vacia\NOANIMAL_ZOO_1_4\15_20201024 (18924).JPG;0
\vacia\NOANIMAL_ZOO_5_6_7_9\50_20210408 (4409).JPG;0
\vacia\empty_IslandConservationCameraTraps\ecuador1_ic1611_20150101_000002_img_3060.jpg;0
\jabali\WILDBOAR_ZOO_1_4\43_20201118 (168).JPG;1
\vacia\NOANIMAL_ZOO_1_4\26_20201020 (3692).JPG;0
\vacia\empty_IslandConservationCameraTraps\dominicanrepublic_cam3317mayo2017_20170504_150108_img_1338.jpg;0
\vacia\vacias_2_de_2_PNC_2012_ISAAC\a41445IM000726.JPG;0
\vacia\vacia_Paco_Carro_JC\MDGC0225.JPG;0
\cervidae\2CIERVO_PNM_2012_ISAAC\d3467IM000027.JPG;1
\cervidae\ciervo_Javi_3_JC\21_20201025 (2238).JPG;1
\leporido\rabbit_IslandConservationCameraTraps\chile_frances012013_06012013133750.jpg;1
\lince\Lince_b_Linces2_Leo_JC\lince228 (645).JPG;1
\cervidae\ciervo_simone_2\34_20201024 (4630).JPG;1
\vacia\Nothing_mammalWeb\12184.jpg;0
\vacia\empty_SnapshotMountainZebra\MTZ_S1_E06_R3_IMAG1092.JPG;0
\vacia\NOANIMAL_ZOO_1_4\34_20210115 (2039).JPG;0
\vacia\NOANIMAL_ZOO_5_6_7_9\20_20210319 (12014).JPG;0
\humanovehiculo\car_CaltechCameraTrap_ME\vehiculo\58c03357-23d2-11e8-a6a3-ec086b02610b.jpg;1
\caballo\HORSE_ZOO_1_4\10_20201218 (2366).JPG;1
\zorro\zorro_PNC_2013-I_RED_ME\5215IM000056.JPG;1
\cervidae\2_ciervo_simone_2\37_20201024 (272).JPG;1
\cervidae\ciervo_PNM_2012_ME\d16208IM000044.JPG;1
\vacia\SnampshotEnonkishu\ENO_S1_D06_R1_IMAG3499.JPG;0
\vacia\NOANIMAL_ZOO_5_6_7_9\25_20210319 (7469).JPG;0
\cervidae\CERVIDREDORFALLOWDEER_ZOO_1_4\38_20201117 (292).JPG;1
\gineta\gineta_Saul Martin_FRAMES_SIN_REPETIDOS_REVISADOS_DIEGO\IMAG0012_frame000.jpg;1
\cervidae\ciervo_PNC_2014_ISAAC\c27997IM000246.JPG;1
\jabali\WILDBOAR_ZOO_5_6_7_9\28_20210318 (16240).JPG;1
\cervidae\corzo_alumno_2_AM_JC\STC_0017_frame160.jpg;1
\caballo\HORSE_ZOO_1_4\35_20210114 (1497).JPG;1
\zorro\zorro_vacías_humanos_PNC_2012_ME\a34938IMAG0059.JPG;1
\cervidae\CERVIDREDORFALLOWDEER_ZOO_1_4\9_20201025 (87).JPG;1
\vaca\COW_ZOO_1_4\24_20201019 (1395).JPG;1
\jabali\WILDBOAR_ZOO_1_4\12_20210116 (104).JPG;1
\vacia\NOANIMAL_ZOO_1_4\37_20201116 (2428).JPG;0
\cervidae\CERVIDREDORFALLOWDEER_ZOO_5_6_7_9\15_20210219 (6563) (2021_04_15 06_16_22 UTC).JPG;1
\cervidae\ciervo_PNC_2013-I_RED_ME\1535IM000085.JPG;1
\vacia\empty_IslandConservationCameraTraps\dominicanrepublic_cam1125abril2015_20150408_153428_img_0552.jpg;0
\cervidae\2_ciervo_Leo_Otra_fauna_PASADA_POR_LA_RED_JC\Otrafauna (609).JPG;1
\vacia\empty_IslandConservationCameraTraps\dominicanrepublic_cam1725abril2015_20150409_092024_img_0237.jpg;0
\humanovehiculo\HUMANORVEHICLE_ZOO_1_4\32_20201022 (772).JPG;1
\gato_domestico\cat_IslandConservationCameraTraps\palau_cam09a12132018_20180930_223741_rcnx0430.jpg;1
\zorro\fox_CaltechCameraTrap_ME\59ec52b4-23d2-11e8-a6a3-ec086b02610b.jpg;1
\jabali\WILDBOAR_ZOO_1_4\15_20210117 (2966).JPG;1
\leporido\rabbit_IslandConservationCameraTraps\chile_frances012013_30122012161333.jpg;1
\humanovehiculo\HUMANORVEHICLE_ZOO_1_4\24_20201019 (9059).JPG;1
\vaca\cow_CaltechCameraTrap\587b7fd8-23d2-11e8-a6a3-ec086b02610b.jpg;1
\vacia\NOANIMAL_ZOO_1_4\6_20201812 (12372).JPG;0
\vacia\empty_SnapshotMountainZebra\MTZ_S1_G04_R3_IMAG2215.JPG;0
\cervidae\CERVIDREDORFALLOWDEER_ZOO_1_4\15_20201215 (4273).JPG;1
\cervidae\CERVIDREDORFALLOWDEER_ZOO_5_6_7_9\2_20210417 (2964).JPG;1
\jabali\WILDBOAR_ZOO_1_4\37_20201116 (4630).JPG;1
\humanovehiculo\humanos_Paco_Carro_JC\PICT0011 (2).JPG;1
\vacia\NOANIMAL_ZOO_1_4\7_20210115 (1257).JPG;0
\vacia\NOANIMAL_ZOO_1_4\6_20201116 (6590).JPG;0
\cervidae\CIERVO_PNM_2012_ISAAC\d423IM000053.JPG;1
\ave\ave_ave_WellingtonCameraTraps_SS\030216113136003a9703.JPG;1
\vacia\NOANIMAL_ZOO_1_4\7_20210115 (3434).JPG;0
\vacia\empty_caltechCameraTraps\59f128b8-23d2-11e8-a6a3-ec086b02610b.jpg;0
\humanovehiculo\humano_vehiculo_PNC_2013-I_ISAAC\1292IM000011.JPG;1
\meloncillo\Meloncillo_PEPE_IREC_JC\IMAG0545_(5).JPG;1
\jabali\WILDBOAR_ZOO_1_4\20_20210115 (1508).JPG;1
\zorro\Zorro_PNC_2014_JC\c16459IM000074.JPG;1
\jabali\jabali_PNM_2013-O_ISAAC\f14559IMAG0483.JPG;1
\leporido\conejo_Paco_Carro_JC\PICT2300.JPG;1
\vacia\NOANIMAL_ZOO_1_4\34_20210115 (2476).JPG;0
\ave\bird_CaltechCameraTrap\58b4a892-23d2-11e8-a6a3-ec086b02610b.jpg;1
\zorro\Zorro_Pepe_IREC\Zorro_Pepe_Irec_ME\IMAG1602.JPG;1
\gineta\gineta_PNC_2013-O_RED_ISAAC\b19090IMAG0142.JPG;1
\vacia\empty_SnapshotMountainZebra\MTZ_S1_D05_R1_IMAG1911.JPG;0
\gato_domestico\gato_WellingtonCameraTraps_SS\270916025322046bs523.JPG;1
\humanovehiculo\humanovehiculo_PNC_2014_manuel\c23382IM000005.JPG;1
\humanovehiculo\car_CaltechCameraTrap_ME\vehiculo\59d27d4f-23d2-11e8-a6a3-ec086b02610b.jpg;1
\ave\bird_CaltechCameraTrap\58629326-23d2-11e8-a6a3-ec086b02610b.jpg;1
\vacia\NOANIMAL_ZOO_1_4\34_20210115 (3526).JPG;0
\vaca\COW_ZOO_1_4\2_20210115 (5569).JPG;1
\zorro\zorro_PNC_2012_JC\a11355IM000448.JPG;1
\vacia\NOANIMAL_ZOO_5_6_7_9\13_20210218 (1463) (2021_04_15 06_16_22 UTC).JPG;0
\cervidae\CERVIDREDORFALLOWDEER_ZOO_1_4\37_20201024 (11015).JPG;1
\zorro\Zorro_PNC_2014_JC\c21185IM000005.JPG;1
\humanovehiculo\humanovehiculo_PNC_2014_manuel\c13655IMAG0117.JPG;1
\vacia\empty_SnapshotMountainZebra\MTZ_S1_D07_R1_IMAG0616.JPG;0
\vacia\NOANIMAL_ZOO_5_6_7_9\2_20210417 (3811).JPG;0
\vacia\Nothing_mammalWeb\9789.jpg;0
\humanovehiculo\car_CaltechCameraTrap_ME\vehiculo\5879d403-23d2-11e8-a6a3-ec086b02610b.jpg;1
\vacia\empty_caltechCameraTraps\5965a8a5-23d2-11e8-a6a3-ec086b02610b.jpg;0
\vacia\empty_caltechCameraTraps\596ef0cb-23d2-11e8-a6a3-ec086b02610b.jpg;0
\cervidae\CERVIDREDORFALLOWDEER_ZOO_1_4\24_20201117 (168).JPG;1
\jabali\jabali_Saul Martin_FRAMES_SIN_REPETIDOS_REVISADOS_DIEGO\IMAG0020_frame500.jpg;1
\gato_domestico\gato_WellingtonCameraTraps_SS\09101506414208305351.JPG;1
\humanovehiculo\humanovehiculo_ss\28_20201019 (2878).JPG;1
\humanovehiculo\humano_vehiculo_PNM_2012_ISAAC\d11503IM000001.JPG;1
\gineta\gineta_Leo_Otra_fauna_PASADA_POR_LA_RED_JC\Otrafauna (323).JPG;1
\perro\perro_WellingtonCameraTraps_SS\22111515002203249702.JPG;1
\vacia\NOANIMAL_ZOO_5_6_7_9\22_20210417 (6129).JPG;0
\vaca\COW_ZOO_1_4\21_20201217 (1872).JPG;1
\vacia\NOANIMAL_ZOO_5_6_7_9\2_20210417 (20251).JPG;0
\vacia\NOANIMAL_ZOO_5_6_7_9\25_20210417 (10964).JPG;0
\zorro\zorro_PNC_2013-I_ME\5372IMAG0101.JPG;1
\cervidae\CERVIDREDORFALLOWDEER_ZOO_5_6_7_9\5_20210319 (3253).JPG;1
\cervidae\Ciervo_PNC_2013-O_ME\b17124IM000040.JPG;1
\cervidae\CERVIDREDORFALLOWDEER_ZOO_5_6_7_9\28_20210615 (1413).JPG;1
\vacia\NOANIMAL_ZOO_1_4\4_20201220 (2627).JPG;0
\gato_domestico\cat_CaltechCameraTrap\588dbc3e-23d2-11e8-a6a3-ec086b02610b.jpg;1
\cervidae\ciervo_PNM_2012_ME\d11056IM000447.JPG;1
\ave\OTHERSPECIES_ZOO_5_6_7_9\38_20210618 (1468).JPG;1
\cervidae\CERVIDREDORFALLOWDEER_ZOO_1_4\37_20201024 (12346).JPG;1
\mapache\raccoon_CaltechCameraTrap_ME\585c038b-23d2-11e8-a6a3-ec086b02610b.jpg;1
\leporido\rabbit_IslandConservationCameraTraps\chile_frances012013_05012013165316.jpg;1
\jabali\Jabali_ME_rev_1_donana\37_20201024 (523).JPG;1
\leporido\rabbit_CaltechCameraTrap_ME\595df093-23d2-11e8-a6a3-ec086b02610b.jpg;1
\vacia\NOANIMAL_ZOO_1_4\7_20210115 (4014).JPG;0
\vacia\vacias_PNC_2013-O_RED_ISAAC\b14758IMAG0058.JPG;0
\humanovehiculo\humanovehiculo_PNM_2013-I_ME\e3900IM000022.JPG;1
\vaca\COW_ZOO_5_6_7_9\17_20210218 (55) (2021_04_15 06_16_22 UTC).JPG;1
\gato_domestico\gato_WellingtonCameraTraps_SS\210116185122001bs313.JPG;1
\jabali\Jabali_PNC_2014_JC\c10301IM000035.JPG;1
\vacia\vacias_PNM_2012_ISAAC\d5049IM000140.JPG;0
\gato_domestico\gato_WellingtonCameraTraps_SS\190816210358003cs073.JPG;1
\vacia\empty_IslandConservationCameraTraps\dominicanrepublic_cam1826junio2015_20150504_132224_img_0368.jpg;0
\ave\Ave_Leo_Otra_fauna_PASADA_POR_LA_RED_JC\Otrafauna (631).JPG;1
\cervidae\ciervo_PNM_2012_ME\d7969IMAG0018.JPG;1
\vacia\vacias_PNM_2013-O_ISAAC\f13497IMAG0541.JPG;0
\vacia\NOANIMAL_ZOO_5_6_7_9\24_20210418 (9168).JPG;0
\vacia\NOANIMAL_ZOO_5_6_7_9\50_20210417 (25678).JPG;0
\gato_domestico\cat_CaltechCameraTrap\58f4250c-23d2-11e8-a6a3-ec086b02610b.jpg;1
\cervidae\CERVIDREDORFALLOWDEER_ZOO_1_4\40_20201024 (688).JPG;1
\vacia\vacias_2_de_2_PNC_2012_ISAAC\a2345IM000138.JPG;0
\micromamiferos\rodent_CaltechCameraTrap_JC\Roedor_ rodent_CaltechCameraTrap_JC\5a14a72e-23d2-11e8-a6a3-ec086b02610b.jpg;1
\gato_domestico\gato_WellingtonCameraTraps_SS\02121522323602359701.JPG;1
\vacia\NOANIMAL_ZOO_5_6_7_9\2_20210319 (9395).JPG;0
\cervidae\CERVIDREDORFALLOWDEER_ZOO_5_6_7_9\28_20210615 (3062).JPG;1
\ave\ave_ave_WellingtonCameraTraps_SS\070216051420020b7305.JPG;1
\cervidae\CERVIDREDORFALLOWDEER_ZOO_5_6_7_9\2_20210219 (2040) (2021_04_15 06_16_22 UTC).JPG;1
\vacia\NOANIMAL_ZOO_1_4\6_20201812 (8657).JPG;0
\jabali\WILDBOAR_ZOO_5_6_7_9\1_20210219 (243) (2021_04_15 06_16_22 UTC).JPG;1
\lince\Lince_b_Linces2_Leo_JC\lince133 (1).JPG;1
\vacia\NOANIMAL_ZOO_1_4\7_20210115 (2053).JPG;0
\vacia\NOANIMAL_ZOO_5_6_7_9\25_20210417 (2571).JPG;0
\vacia\empty_IslandConservationCameraTraps\dominicanrepublic_cam1826julio2015_20150717_100543_img_2751.jpg;0
\vacia\NOANIMAL_ZOO_1_4\28_20210115 (2480).JPG;0
\garduna\garduña_Saul Martin_FRAMES_SIN_REPETIDOS_REVISADOS_DIEGO\IMAG0032_frame400.jpg;1
\perro\perro_Paco_Garcia_JC\IMAG0136.JPG;1
\caballo\HORSE_ZOO_5_6_7_9\46_20210618 (243).JPG;1
\caballo\caballos_alumno_AM\caballos_alumno_AM\9_20201712 (2265).JPG;1
\garduna\Garduña_PNC_2014_JC\c15107IMAG0581.JPG;1
\vacia\NOANIMAL_ZOO_5_6_7_9\11_20210418 (3060).JPG;0
\jabali\WILDBOAR_ZOO_1_4\15_20210117 (133).JPG;1
\vacia\vacia_Paco_Carro_JC\01130383.JPG;0
\garduna\garduna_PNC_2013-I_RED_ME\9647IM000007.JPG;1
\jabali\Jabali2_diego_1_rev_donana\29_20201023 (664).JPG;1
\cervidae\ciervo_PNM_2013-O_ISAAC\f27720IMAG0282.JPG;1
\cervidae\deer_CaltechCameraTrap\5965ab80-23d2-11e8-a6a3-ec086b02610b.jpg;1
\vacia\vacia_Paco_Carro_JC\IMG_1816.JPG;0
\jabali\WILDBOAR_ZOO_1_4\37_20201116 (5006).JPG;1
\cervidae\3_ciervo_Javi_3_JC\34_20201024 (826).JPG;1
\caballo\HORSE_ZOO_1_4\35_20210114 (1993).JPG;1
\ave\ave_alumno_1_TH\Ave (5)_frame080.jpg;1
\cervidae\CERVIDREDORFALLOWDEER_ZOO_5_6_7_9\18_20210417 (3030).JPG;1
\cervidae\deer_CaltechCameraTrap\5a1fe804-23d2-11e8-a6a3-ec086b02610b.jpg;1
\humanovehiculo\humano_vehiculo_PNM_2013-O_ISAAC\f10600IMAG0108.JPG;1
\vaca\COW_ZOO_5_6_7_9\2_20210219 (2912) (2021_04_15 06_16_22 UTC).JPG;1
\caballo\HORSE_ZOO_1_4\2_20201117 (269).JPG;1
\jabali\WILDBOAR_ZOO_1_4\37_20201116 (10275).JPG;1
\vaca\cow_CaltechCameraTrap\58cfc95e-23d2-11e8-a6a3-ec086b02610b.jpg;1
\vacia\NOANIMAL_ZOO_5_6_7_9\50_20210408 (6948).JPG;0
\vacia\NOANIMAL_ZOO_5_6_7_9\39_20210615 (5645).JPG;0
\caballo\caballos_alumno_AM\caballos_alumno_AM\9_20201712 (821).JPG;1
\jabali\WILDBOAR_ZOO_1_4\31_20210115 (98).JPG;1
\jabali\WILDBOAR_ZOO_5_6_7_9\31_20210318 (222).JPG;1
\vacia\vacia_alumno_1_AM\6_20201023 (1027).JPG;0
\vacia\empty_caltechCameraTraps\5968c0bc-23d2-11e8-a6a3-ec086b02610b.jpg;0
\vacia\vacias_2_de_2_PNC_2012_ISAAC\a687IM000043.JPG;0
\vacia\NOANIMAL_ZOO_5_6_7_9\32_20210417 (11586).JPG;0
\vacia\NOANIMAL_ZOO_1_4\28_20201218 (2459).JPG;0
\cervidae\ciervo_simone_2\37_20201024 (501).JPG;1
\zorro\Zorro_Pepe_IREC\Zorro_Pepe_Irec_ME\IMAG0364_(3).JPG;1
\zorro\zorro_PNM_2013-O_ISAAC\f3750IM000077.JPG;1
\ave\petrel_chick_IslandConservationCameraTraps\ecuador2_ic1618_20181108_050029_img_0179.jpg;1
\zorro\zorro_PNM_2013-I_ME\e1364IMAG0064.JPG;1
\vacia\NOANIMAL_ZOO_1_4\21_20210114 (920).JPG;0
\leporido\rabbit_IslandConservationCameraTraps\chile_piedra012013_1901201314204.jpg;1
\cervidae\Ciervo_PNC_2012_JC\a23420IM000069.JPG;1
\caballo\HORSE_ZOO_1_4\15_20210117 (1636).JPG;1
\humanovehiculo\humanovehiculo_PNC_2014_manuel\c14800IMAG0256.JPG;1
\vacia\vacia_alumno_2_AM\Perros_frame360.jpg;0
\jabali\WILDBOAR_ZOO_5_6_7_9\24_20210418 (9092).JPG;1
\vacia\vacia_alumno_TH_3_TH_JC\15_20201024 (2445).JPG;0
\jabali\WILDBOAR_ZOO_1_4\29_20201023 (170).JPG;1
\vaca\COW_ZOO_5_6_7_9\21_20210418 (2819).JPG;1
\vaca\COW_ZOO_1_4\2_20201215 (4325).JPG;1
\vacia\NOANIMAL_ZOO_5_6_7_9\24_20210418 (8095).JPG;0
\vacia\empty_IslandConservationCameraTraps\dominicanrepublic_cam1826junio2015_20150505_085755_img_1705.jpg;0
\vacia\NOANIMAL_ZOO_5_6_7_9\2_20210417 (17505).JPG;0
\micromamiferos\micromamifero_WellingtonCameraTraps_SS\040716194150038as243.JPG;1
\leporido\rabbit_IslandConservationCameraTraps\chile_piedra012013_2305201301342.jpg;1
\ave\ave_Soraya_Padilla_Alumno_1_TH\DSCF0041_frame140.jpg;1
\micromamiferos\micromamiferos_Paco_Carro_JC\IMG_0088 (4).JPG;1
\vacia\NOANIMAL_ZOO_5_6_7_9\8_20210219 (1661) (2021_04_15 06_16_22 UTC).JPG;0
\vacia\NOANIMAL_ZOO_5_6_7_9\25_20210319 (9848).JPG;0
\vacia\NOANIMAL_ZOO_5_6_7_9\25_20210417 (4155).JPG;0
\vacia\NOANIMAL_ZOO_5_6_7_9\50_20210417 (23568).JPG;0
\vacia\NOANIMAL_ZOO_1_4\34_20210115 (8837).JPG;0
\cervidae\ciervo_PNM_2012_ISAAC\d1301IM000011.JPG;1
\zorro\Red fox_mammalWeb\19789.jpg;1
\zorro\Zorro_Pepe_IREC\Zorro_Pepe_Irec_ME\CA_29-02.24-19_34.JPG;1
\vaca\cow_CaltechCameraTrap\5948446a-23d2-11e8-a6a3-ec086b02610b.jpg;1
\vacia\NOANIMAL_ZOO_1_4\43_20201217 (1567).JPG;0
\ave\Pheasant_mammalWeb\25420.jpg;1
\cervidae\CERVIDREDORFALLOWDEER_ZOO_1_4\37_20201024 (4655).JPG;1
\humanovehiculo\humanovehiculo_ss\24_20201019 (10).JPG;1
\cervidae\ciervo_PNC_2014_ISAAC\c21688IM000064.JPG;1
\vaca\COW_ZOO_1_4\15_20201024 (7599).JPG;1
\humanovehiculo\HUMANORVEHICLE_ZOO_5_6_7_9\32_20210417 (4).JPG;1
\zorro\Zorro_PNC_2014_JC\c23042IM000018.JPG;1
\cervidae\CERVIDREDORFALLOWDEER_ZOO_5_6_7_9\36_20210219 (2150) (2021_04_15 06_16_22 UTC).JPG;1
\vaca\COW_ZOO_1_4\15_20201117 (752).JPG;1
\lince\linces_fecha_Linces2_Leo_JC\3_Lince_flecha_Linces2_Leo_JC\Lince55 (16).jpg;1
\humanovehiculo\HumanoVehiculo_diego_2_rev_donana\28_20201019 (18).JPG;1
\cervidae\CERVIDREDORFALLOWDEER_ZOO_1_4\21_20201025 (5350).JPG;1
\cervidae\ciervo_vacías_humanos_PNC_2012_ME\a6614IM000101.JPG;1
\jabali\jabali_javi_JC\28_20201019 (1506).JPG;1
\cervidae\deer_CaltechCameraTrap\59d27ca5-23d2-11e8-a6a3-ec086b02610b.jpg;1
\ave\raven_IslandConservationCameraTraps\dominicanrepublic_cam1814marzo2016_20160224_085045_img_0019.jpg;1
\cervidae\CERVIDREDORFALLOWDEER_ZOO_1_4\21_20201119 (3106).JPG;1
\cervidae\ciervo_PNC_2014_ISAAC\c15863IM000045.JPG;1
\gato_domestico\gato_WellingtonCameraTraps_SS\150616033714034a5171.JPG;1
\cervidae\ciervo_Javi_3_JC\7_20201025 (322).JPG;1
\lince\Lince_b_Linces2_Leo_JC\lince228 (279).jpg;1
\leporido\Rabbit_mammalWeb\10422.jpg;1
\vacia\empty_SnapshotCamdeboo\CDB_S1_D05_R2_IMAG0160.JPG;0
\humanovehiculo\humano_vehiculo_PNC_2013-I_ISAAC\5017IMAG0003.JPG;1
\humanovehiculo\humano_vehiculo_PNM_2012_ISAAC\d3730IM000034.JPG;1
\caballo\HORSE_ZOO_1_4\38_20201117 (1349).JPG;1
\jabali\jabali_PNM_2013-O_ISAAC\f28045IMAG0626.JPG;1
\vacia\NOANIMAL_ZOO_5_6_7_9\50_20210417 (20147).JPG;0
\leporido\rabbit_IslandConservationCameraTraps\chile_frances022013_04052013105943.jpg;1
\cervidae\CERVIDREDORFALLOWDEER_ZOO_5_6_7_9\33_20210615 (112).JPG;1
\vaca\COW_ZOO_5_6_7_9\39_20210417 (1761).JPG;1
\vaca\COW_ZOO_1_4\21_20201217 (2110).JPG;1
\zorro\zorro_Leo_Otra_fauna_PASADA_POR_LA_RED_JC\Otrafauna (621).JPG;1
\cervidae\ciervo_PNM_2013-O_ISAAC\f11228IM000239.JPG;1
\cervidae\ciervo_alumno_2_TH\34_20201024 (3271).JPG;1
\vacia\NOANIMAL_ZOO_5_6_7_9\10_20210417 (2461).JPG;0
\cervidae\ciervo_vacías_humanos_PNC_2012_ME\a6490IM000188.JPG;1
\ave\aves_ME_CASA\IMG_0345.JPG;1
\gato_domestico\gato_WellingtonCameraTraps_SS\071016201400031a1602.JPG;1
\vacia\NOANIMAL_ZOO_5_6_7_9\25_20210417 (8706).JPG;0
\cervidae\Ciervo_PNC_2013-O_ME\b12158IMAG0613.JPG;1
\lince\linces_Linces2_Leo_JC\2_Lince_Linces2_Leo_JC\lince216 (336).JPG;1
\vacia\NOANIMAL_ZOO_5_6_7_9\24_20210615 (22007).JPG;0
\cervidae\CERVIDREDORFALLOWDEER_ZOO_1_4\7_20201118 (157).JPG;1
\gato_domestico\gato_WellingtonCameraTraps_SS\14091508445202859193.JPG;1
\ave\rooster_IslandConservationCameraTraps\palau_cam03a08312018_20180824_142242_rcnx0087.jpg;1
\vacia\Nothing_mammalWeb\157345.jpg;0
\vacia\NOANIMAL_ZOO_1_4\34_20210115 (5453).JPG;0
\ave\ave_ave_WellingtonCameraTraps_SS\100216175234039a1162.JPG;1
\cervidae\CERVIDREDORFALLOWDEER_ZOO_5_6_7_9\5_20210319 (210).JPG;1
\ave\ave_ave_WellingtonCameraTraps_SS\181016103710004c2392.JPG;1
\zorro\zorro_PNC_2013-I_ME\5647IM000036.JPG;1
\leporido\Rabbit_mammalWeb\47123.jpg;1
\lince\Lince_a_Linces2_Leo_JC\lince86 (13).JPG;1
\cervidae\deer_CaltechCameraTrap\59c31bed-23d2-11e8-a6a3-ec086b02610b.jpg;1
\gato_domestico\gato_WellingtonCameraTraps_SS\2405150827180106S472.JPG;1
\vacia\NOANIMAL_ZOO_1_4\6_20201812 (9794).JPG;0
\micromamiferos\rodent_CaltechCameraTrap_JC\Roedor_ rodent_CaltechCameraTrap_JC\58f5aeed-23d2-11e8-a6a3-ec086b02610b.jpg;1
\vacia\NOANIMAL_ZOO_5_6_7_9\50_20210417 (22440).JPG;0
\ave\ave_ave_WellingtonCameraTraps_SS\100716133608030a2392.JPG;1
\vacia\NOANIMAL_ZOO_5_6_7_9\2_20210417 (3392).JPG;0
\leporido\rabbit_IslandConservationCameraTraps\chile_piedra012013_2201201364526.jpg;1
\cervidae\ciervo_PNM_2012_ISAAC\d1451IM000081.JPG;1
\vacia\empty_caltechCameraTraps\596ef124-23d2-11e8-a6a3-ec086b02610b.jpg;0
\cervidae\ciervo_PNC_2014_ISAAC\c22257IM000056.JPG;1
\micromamiferos\rodent_CaltechCameraTrap_JC\Roedor_ rodent_CaltechCameraTrap_JC\587d4121-23d2-11e8-a6a3-ec086b02610b.jpg;1
\vacia\NOANIMAL_ZOO_1_4\15_20210117 (8063).JPG;0
\cervidae\CERVIDREDORFALLOWDEER_ZOO_1_4\34_20201024 (4899).JPG;1
\cervidae\deer_CaltechCameraTrap\5a14a448-23d2-11e8-a6a3-ec086b02610b.jpg;1
\caballo\HORSE_ZOO_5_6_7_9\15_20210219 (8698) (2021_04_15 06_16_22 UTC).JPG;1
\humanovehiculo\humano_vehiculo_PNM_2013-O_ISAAC\f18161IM000003.JPG;1
\lince\Lince_a_Linces2_Leo_JC\lince71 (140).JPG;1
\lince\Lince_b_Linces2_Leo_JC\lince144 (280).JPG;1
\cervidae\CERVIDREDORFALLOWDEER_ZOO_5_6_7_9\19_20210219 (1132) (2021_04_15 06_16_22 UTC).JPG;1
\vacia\vacias_2_de_2_PNC_2012_ISAAC\a5821IM000522.JPG;0
\cervidae\ciervo_PNC_2014_ISAAC\c29278IM000056.JPG;1
\cervidae\CERVIDREDORFALLOWDEER_ZOO_1_4\1_20210115 (298).JPG;1
\lince\Lince_a_Linces2_Leo_JC\Lince46 (110).JPG;1
\cervidae\CERVIDREDORFALLOWDEER_ZOO_5_6_7_9\2_20210618 (12667).JPG;1
\vacia\vacia_alumno_2_AM_JC\cachorro de día cola_frame220.jpg;0
\gato_domestico\gato_WellingtonCameraTraps_SS\12111517050601940152.JPG;1
\jabali\jabali_PNC_2013-I_RED_ME\2402IM000041.JPG;1
\zorro\REDFOX_ZOO_1_4\31_20201023 (63).JPG;1
\vaca\COW_ZOO_5_6_7_9\46_20210618 (922).JPG;1
\vaca\COW_ZOO_1_4\21_20201217 (4459).JPG;1
\vacia\NOANIMAL_ZOO_1_4\6_20201812 (9463).JPG;0
\garduna\garduna_PNM_2013-O_ME\f4451IM000111.JPG;1
\cervidae\2_gamo_Leo_Otra_fauna_PASADA_POR_LA_RED_JC\Otrafauna (1897).JPG;1
\zorro\zorro_Leo_Otra_fauna_PASADA_POR_LA_RED_JC\Otrafauna (702).JPG;1
\vacia\Nothing_mammalWeb\91996.jpg;0
\leporido\Rabbit_mammalWeb\6375.jpg;1
\vacia\NOANIMAL_ZOO_5_6_7_9\24_20210318 (8804).JPG;0
\vacia\empty_IslandConservationCameraTraps\dominicanrepublic_cam0425abril2015_20130809_024743_sunp1492.jpg;0
\mapache\raccoon_CaltechCameraTrap_ME\58fd7bf4-23d2-11e8-a6a3-ec086b02610b.jpg;1
\vacia\NOANIMAL_ZOO_1_4\34_20210115 (1502).JPG;0
\vacia\NOANIMAL_ZOO_5_6_7_9\39_20210417 (1652).JPG;0
\zorro\zorro_alumno_1_AM_2\32_20201022 (456).JPG;1
\vacia\NOANIMAL_ZOO_5_6_7_9\25_20210417 (9201).JPG;0
\micromamiferos\micromamiferos_fotosManuelEmilio20200912\IMG_1269.JPG;1
\cervidae\ciervo_PNC_2013-O_RED_ISAAC\b17561IM000097.JPG;1
\jabali\jabali_javi_JC\31_20201023 (270).JPG;1
\gato_domestico\gato_WellingtonCameraTraps_SS\2805151327000549S262.JPG;1
\jabali\jabali_PNM_2013-O_ISAAC\f28075IMAG0641.JPG;1
\ave\chicken_IslandConservationCameraTraps\palau_cam09a12132018_20181016_072002_rcnx0663.jpg;1
\zorro\zorro_PNM_2012_ISAAC\d11266IM000034.JPG;1
\ave\ave_Soraya_Padilla_Alumno_1_TH\STC_0568_frame010.jpg;1
\leporido\rabbit_IslandConservationCameraTraps\chile_frances012013_07012013193254.jpg;1
\jabali\jabali_PNC_2014_manuel\c5569IM000152.JPG;1
\cervidae\ciervo_PNC_2014_ISAAC\c11089FILE0019.JPG;1
\ave\ave_ave_WellingtonCameraTraps_SS\211215071806046c6373.JPG;1
\vacia\empty_caltechCameraTraps\59be3f9b-23d2-11e8-a6a3-ec086b02610b.jpg;0
\vacia\empty_IslandConservationCameraTraps\dominicanrepublic_cam0527septiembre2015_20130806_112715_sunp0512.jpg;0
\leporido\rabbit_IslandConservationCameraTraps\chile_frances012013_3012201204245.jpg;1
\vacia\empty_SnapshotMountainZebra\MTZ_S1_E06_R3_IMAG0171.JPG;0
\vacia\NOANIMAL_ZOO_1_4\7_20210115 (2720).JPG;0
\cervidae\CERVIDREDORFALLOWDEER_ZOO_5_6_7_9\5_20210219 (353) (2021_04_15 06_16_22 UTC).JPG;1
\ave\ave_ave_WellingtonCameraTraps_SS\050416134002007c1603.JPG;1
\cervidae\CERVIDREDORFALLOWDEER_ZOO_5_6_7_9\22_20210417 (3970).JPG;1
\cervidae\ciervo_vacías_humanos_PNC_2012_ME\a19728IM000397.JPG;1
\jabali\WILDBOAR_ZOO_5_6_7_9\44_20210418 (182).JPG;1
\cervidae\ciervo_Javi_3_JC\34_20201024 (2154).JPG;1
\vacia\vacia_alumno_TH_3_TH_JC\26_20201020 (4556).JPG;0
\vacia\NOANIMAL_ZOO_5_6_7_9\2_20210417 (11073).JPG;0
\leporido\conejo_alumno_1_TH\Conejo_alumno_2_AM_JC\Orycun (20)_frame040.jpg;1
\zorro\zorro_PNM_2013-I_ME\e1966IM000456.JPG;1
\caballo\HORSE_ZOO_1_4\10_20201117 (1294).JPG;1
\leporido\rabbit_IslandConservationCameraTraps\chile_piedra012013_1101201303840.jpg;1
\leporido\rabbit_CaltechCameraTrap_ME\5a2c84c1-23d2-11e8-a6a3-ec086b02610b.jpg;1
\cervidae\CERVIDREDORFALLOWDEER_ZOO_5_6_7_9\36_20210319 (557).JPG;1
\cervidae\CERVIDREDORFALLOWDEER_ZOO_1_4\37_20201116 (3185).JPG;1
\leporido\rabbit_IslandConservationCameraTraps\chile_piedra012013_1901201312537.jpg;1
\cervidae\CERVIDREDORFALLOWDEER_ZOO_5_6_7_9\36_20210219 (1842) (2021_04_15 06_16_22 UTC).JPG;1
\cervidae\CERVIDREDORFALLOWDEER_ZOO_5_6_7_9\5_20210319 (1366).JPG;1
\jabali\4_Jabali_PNC_2014_JC\c17608IM000180.JPG;1
\zorro\Zorro_PNC_2014_JC\c28238FILE0025.JPG;1
\meloncillo\Meloncillo_PEPE_IREC_JC\IMAG1838_(2).JPG;1
\vacia\empty_SnapshotMountainZebra\MTZ_S1_D07_R1_IMAG1804.JPG;0
\vacia\NOANIMAL_ZOO_5_6_7_9\32_20210615 (1106).JPG;0
\vacia\NOANIMAL_ZOO_5_6_7_9\50_20210408 (26814).JPG;0
\cervidae\CERVIDREDORFALLOWDEER_ZOO_5_6_7_9\35_20210318 (419).JPG;1
\vacia\empty_SnapshotMountainZebra\MTZ_S1_C06_R1_IMAG2239.JPG;0
\jabali\WILDBOAR_ZOO_1_4\37_20201116 (9440).JPG;1
\vacia\empty_SnapshotKaroo\KAR_S1_D01_R1_IMAG0072.JPG;0
\vacia\vacias_1_de_2_PNC_2012_ISAAC\a38531IMAG0267.JPG;0
\vacia\Vacia_Paco_Carro_camarasliron_4_2_PASADAS_POR_LA_RED_JC\MDGC0515.JPG;0
\leporido\rabbit_CaltechCameraTrap_ME\592f6f8d-23d2-11e8-a6a3-ec086b02610b.jpg;1
\gato_domestico\gato_WellingtonCameraTraps_SS\281215163158046c6371.JPG;1
\cervidae\CERVIDREDORFALLOWDEER_ZOO_5_6_7_9\22_20210417 (10795).JPG;1
\zorro\zorro_PNM_2013-I_ISAAC\e2192IM000068.JPG;1
\cervidae\CERVIDREDORFALLOWDEER_ZOO_5_6_7_9\10_20210219 (600) (2021_04_15 06_16_22 UTC).JPG;1
\lince\Lince_b_Linces2_Leo_JC\lince216 (225).jpg;1
\vacia\vacia_Paco_Carro_JC\MDGC0381.JPG;0
\leporido\rabbit_IslandConservationCameraTraps\chile_frances012013_0401201362238.jpg;1
\vacia\empty_IslandConservationCameraTraps\micronesia_cam14_june2019_20190622120000_rcnx0454.jpg;0
\vacia\NOANIMAL_ZOO_5_6_7_9\24_20210615 (14557).JPG;0
\zorro\zorro_PNC_2013-O_RED_ISAAC\b17392IM000033.JPG;1
\vacia\Nothing_mammalWeb\42752.jpg;0
\jabali\WILDBOAR_ZOO_5_6_7_9\28_20210219 (2415) (2021_04_15 06_16_22 UTC).JPG;1
\cervidae\CERVIDREDORFALLOWDEER_ZOO_1_4\21_20201025 (5886).JPG;1
\cervidae\CERVIDREDORFALLOWDEER_ZOO_1_4\34_20201024 (2187).JPG;1
\caballo\caballos_alumno_AM\caballos_alumno_AM\2_20201215 (2007).JPG;1
\perro\Domestic dog_mammalWeb\10234.jpg;1
\vacia\NOANIMAL_ZOO_5_6_7_9\32_20210218 (4921) (2021_04_15 06_16_22 UTC).JPG;0
\cervidae\2_Ciervos_PNC2012_JC\a20266IM000021.JPG;1
\vacia\vacia_alumno_2_AM_JC\DSCF0247_frame270.jpg;0
\cervidae\ciervo_PNC_2013-I_RED_ME\9845IM000030.JPG;1
\gato_domestico\gato_WellingtonCameraTraps_SS\2404151328180235S133.JPG;1
\vacia\NOANIMAL_ZOO_5_6_7_9\17_20210418 (163).JPG;0
\vacia\empty_IslandConservationCameraTraps\ecuador2_ic1607_20150122_063008_img_0689.jpg;0
\vacia\NOANIMAL_ZOO_5_6_7_9\50_20210417 (22584).JPG;0
\lince\Lince_a_Linces2_Leo_JC\lince86 (107).JPG;1
\leporido\rabbit_CaltechCameraTrap_ME\58f73de9-23d2-11e8-a6a3-ec086b02610b.jpg;1
\lince\Lince_b_Linces2_Leo_JC\lince133 (140).JPG;1
\vaca\COW_ZOO_1_4\21_20201025 (2087).JPG;1
\cervidae\deer_CaltechCameraTrap\59a30bc9-23d2-11e8-a6a3-ec086b02610b.jpg;1
\zorro\zorro_PNC_2013-I_ME\3753IM000267.JPG;1
\leporido\conejo_Paco_Carro_JC\PICT1635.JPG;1
\cervidae\CERVIDREDORFALLOWDEER_ZOO_5_6_7_9\19_20210219 (1297) (2021_04_15 06_16_22 UTC).JPG;1
\jabali\WILDBOAR_ZOO_5_6_7_9\11_20210318 (605).JPG;1
\vacia\Nothing_mammalWeb\49342.jpg;0
\cervidae\6_ciervo_simone_2\37_20201024 (9151).JPG;1
\vacia\NOANIMAL_ZOO_1_4\37_20201116 (9605).JPG;0
\ave\OTHERSPECIES_ZOO_5_6_7_9\38_20210618 (1703).JPG;1
\cervidae\CERVIDREDORFALLOWDEER_ZOO_5_6_7_9\1_20210417 (1165).JPG;1
\jabali\WILDBOAR_ZOO_1_4\21_20201025 (2366).JPG;1
\vacia\NOANIMAL_ZOO_1_4\6_20201116 (4346).JPG;0
\vacia\empty_SnapshotMountainZebra\MTZ_S1_D06_R1_IMAG1691.JPG;0
\cervidae\ciervo_Paco_Carro_JC\PICT0118.JPG;1
\vacia\empty_IslandConservationCameraTraps\ecuador1_ic1611_20150101_000003_img_0671.jpg;0
\vaca\COW_ZOO_1_4\2_20201215 (1606).JPG;1
\vacia\vacias_ME_CASA\IMG_0537.JPG;0
\vacia\NOANIMAL_ZOO_1_4\40_20201024 (3097).JPG;0
\jabali\WILDBOAR_ZOO_5_6_7_9\2_20210417 (751).JPG;1
\vacia\empty_SnapshotMountainZebra\MTZ_S1_G04_R3_IMAG1257.JPG;0
\cervidae\CERVIDREDORFALLOWDEER_ZOO_1_4\21_20201025 (1179).JPG;1
\vacia\Vacio__diego_2_rev_donana\6_20201023 (3486).JPG;0
\micromamiferos\micromamifero_WellingtonCameraTraps_SS\161016010822021bl212.JPG;1
\ave\OTHERSPECIES_ZOO_5_6_7_9\50_20210417 (98).JPG;1
\vacia\vacia_alumno_TH_3_TH_JC\10_20201019 (9063).JPG;0
\vacia\Nothing_mammalWeb\7998.jpg;0
\cervidae\ciervo_PNC_2014_ISAAC\c24311IMAG0046.JPG;1
\tejon\Badger_mammalWeb\4212.jpg;1
\lince\Lince_b_Linces2_Leo_JC\lince134 (17).JPG;1
\gato_domestico\gato_WellingtonCameraTraps_SS\1205151953300359L103.JPG;1
\ave\ave_ave_WellingtonCameraTraps_SS\060516130404023as224.JPG;1
\vacia\empty_caltechCameraTraps\5a2638b7-23d2-11e8-a6a3-ec086b02610b.jpg;0
\zorro\Zorro_PNC_2014_JC\c28776IM000046.JPG;1
\vaca\COW_ZOO_1_4\21_20201217 (3449).JPG;1
\humanovehiculo\car_CaltechCameraTrap_ME\vehiculo\58b4ac0c-23d2-11e8-a6a3-ec086b02610b.jpg;1
\vacia\empty_IslandConservationCameraTraps\palau_cam13a12132018_20181015_120000_rcnx0817.jpg;0
\vacia\vacia_Soraya_Padilla_Alumno_1_TH\IMAG0036_frame260.jpg;0
\vacia\empty_IslandConservationCameraTraps\puertorico_16_20141223_184519_img_0149.jpg;0
\vacia\empty_SnapshotMountainZebra\MTZ_S1_D06_R1_IMAG2205.JPG;0
\cervidae\CERVIDREDORFALLOWDEER_ZOO_1_4\2_20201117 (2254).JPG;1
\ave\raven_IslandConservationCameraTraps\dominicanrepublic_cam1526julio2015_20150708_080537_img_0035.jpg;1
\humanovehiculo\car_CaltechCameraTrap_ME\vehiculo\58a02092-23d2-11e8-a6a3-ec086b02610b.jpg;1
\vacia\NOANIMAL_ZOO_5_6_7_9\17_20210218 (331) (2021_04_15 06_16_22 UTC).JPG;0
\jabali\WILDBOAR_ZOO_1_4\37_20201215 (1090).JPG;1
\vacia\empty_IslandConservationCameraTraps\ecuador1_ic1611_20150101_000001_img_0673.jpg;0
\cervidae\ciervo_PNC_2013-O_RED_ISAAC\b19735IMAG0317.JPG;1
\jabali\WILDBOAR_ZOO_1_4\37_20201116 (14741).JPG;1
\vacia\empty_SnapshotKaroo\KAR_S1_E02_R1_IMAG2748.JPG;0
\vacia\NOANIMAL_ZOO_5_6_7_9\25_20210319 (3005).JPG;0
\lince\Lince_b_Linces2_Leo_JC\lince165 (13).JPG;1
\vacia\NOANIMAL_ZOO_1_4\37_20201116 (6269).JPG;0
\cervidae\Ciervo_PNC_2014_JC\c27863IM000104.JPG;1
\vacia\vacia_alumno_AM_2\30_20201021 (12500).JPG;0
\humanovehiculo\Humanos_Javier_vacias_humanos_PNC_2012_ME_JC\a8054IM000003.JPG;1
\cervidae\CERVIDREDORFALLOWDEER_ZOO_5_6_7_9\15_20210219 (7048) (2021_04_15 06_16_22 UTC).JPG;1
\jabali\jabali_javi_JC\16_20201025 (282).JPG;1
\cervidae\CERVIDREDORFALLOWDEER_ZOO_1_4\21_20201025 (3766).JPG;1
\vacia\empty_caltechCameraTraps\59ac6b7a-23d2-11e8-a6a3-ec086b02610b.jpg;0
\leporido\rabbit_IslandConservationCameraTraps\chile_frances022013_26042013143302.jpg;1
\jabali\WILDBOAR_ZOO_5_6_7_9\33_20210418 (216).JPG;1
\vacia\NOANIMAL_ZOO_1_4\15_20201024 (7754).JPG;0
\zorro\zorro_PNC_2013-O_RED_ISAAC\b592IMAG0073.JPG;1
\zorro\zorro_PNC_2012_JC\a28788IM000077.JPG;1
\vacia\empty_IslandConservationCameraTraps\dominicanrepublic_cam0425abril2015_20130808_030538_sunp0876.jpg;0
\zorro\zorro_PNC_2012_JC\a172IM000034.JPG;1
\vacia\empty_caltechCameraTraps\596eeec2-23d2-11e8-a6a3-ec086b02610b.jpg;0
\vacia\NOANIMAL_ZOO_5_6_7_9\5_20210319 (140).JPG;0
\lince\Lince_a_Linces2_Leo_JC\lince81 (8).JPG;1
\leporido\rabbit_IslandConservationCameraTraps\chile_piedra012013_18052013104801.jpg;1
\cervidae\CERVIDREDORFALLOWDEER_ZOO_1_4\34_20201024 (4474).JPG;1
\humanovehiculo\car_CaltechCameraTrap_ME\vehiculo\59adfeb2-23d2-11e8-a6a3-ec086b02610b.jpg;1
\leporido\CONEJO_PNM_2012_ISAAC\d11111IM000506.JPG;1
\vacia\NOANIMAL_ZOO_5_6_7_9\24_20210615 (7947).JPG;0
\ave\bird_CaltechCameraTrap\59b93941-23d2-11e8-a6a3-ec086b02610b.jpg;1
\leporido\rabbit_CaltechCameraTrap_ME\59247a73-23d2-11e8-a6a3-ec086b02610b.jpg;1
\caballo\caballos_alumno_AM\caballos_alumno_AM\2_20201215 (5640).JPG;1
\vacia\vacias_PNM_2013-O_ISAAC\f3447IMAG0328.JPG;0
\vacia\NOANIMAL_ZOO_1_4\34_20210115 (1475).JPG;0
\leporido\conejo_leo_donana\0008342.JPG;1
\perro\dog_caltechCameraTraps\597fecd3-23d2-11e8-a6a3-ec086b02610b.jpg;1
\cervidae\Ciervo_PNC_2012_JC\a33932IM000148.JPG;1
\vacia\NOANIMAL_ZOO_1_4\6_20201116 (5437).JPG;0
\cervidae\ciervo_PNM_2012_ME\d16142IMAG0041.JPG;1
\vacia\empty_caltechCameraTraps\597e61fc-23d2-11e8-a6a3-ec086b02610b.jpg;0
\ave\ave_ave_WellingtonCameraTraps_SS\021016093136049cs461.JPG;1
\leporido\rabbit_IslandConservationCameraTraps\chile_frances012013_0301201305651.jpg;1
\humanovehiculo\humanovehiculo_PNC_2013-O_RED_ME\b15571IM000002.JPG;1
\vacia\empty_SnapshotMountainZebra\MTZ_S1_G04_R3_IMAG2424.JPG;0
\vacia\NOANIMAL_ZOO_1_4\34_20210115 (7417).JPG;0
\cervidae\deer_CaltechCameraTrap\59f5fd4a-23d2-11e8-a6a3-ec086b02610b.jpg;1
\gineta\gineta_Saul Martin_FRAMES_SIN_REPETIDOS_REVISADOS_DIEGO\IMAG0013_frame240.jpg;1
\cervidae\ciervo_PNC_2013-I_RED_ME\8834IM000108.JPG;1
\vacia\NOANIMAL_ZOO_5_6_7_9\36_20210618 (5021).JPG;0
\jabali\WILDBOAR_ZOO_5_6_7_9\50_20210408 (63).JPG;1
\humanovehiculo\car_CaltechCameraTrap_ME\vehiculo\587b7dee-23d2-11e8-a6a3-ec086b02610b.jpg;1
\caballo\HORSE_ZOO_1_4\15_20210117 (10463).JPG;1
\vacia\NOANIMAL_ZOO_5_6_7_9\20_20210219 (697) (2021_04_15 06_16_22 UTC).JPG;0
\jabali\WILDBOAR_ZOO_1_4\37_20201116 (640).JPG;1
\ave\OTHERSPECIES_ZOO_5_6_7_9\38_20210618 (1723).JPG;1
\leporido\rabbit_CaltechCameraTrap_ME\58bd19e8-23d2-11e8-a6a3-ec086b02610b.jpg;1
\vacia\NOANIMAL_ZOO_5_6_7_9\32_20210417 (3313).JPG;0
\vacia\Vacio__diego_2_rev_donana\41_20201025 (69).JPG;0
\cervidae\CERVIDREDORFALLOWDEER_ZOO_1_4\23_20201117 (119).JPG;1
\vacia\empty_caltechCameraTraps\5956387c-23d2-11e8-a6a3-ec086b02610b.jpg;0
\vacia\NOANIMAL_ZOO_5_6_7_9\2_20210618 (19589).JPG;0
\ave\ave_ave_WellingtonCameraTraps_SS\100116155342043c1603.JPG;1
\humanovehiculo\4_humano_alumno_1_AM_2\28_20201019 (15).JPG;1
\vacia\empty_SnapshotMountainZebra\MTZ_S1_D06_R1_IMAG2532.JPG;0
\humanovehiculo\humano_vehiculo_PNC_2013-I_ISAAC\9162IM000004.JPG;1
\ave\raven_IslandConservationCameraTraps\dominicanrepublic_cam10701agosto2017_20170218_174638_img_0139.jpg;1
\vacia\empty_caltechCameraTraps\59c17a24-23d2-11e8-a6a3-ec086b02610b.jpg;0
\vacia\NOANIMAL_ZOO_5_6_7_9\28_20210318 (589).JPG;0
\cervidae\CERVIDREDORFALLOWDEER_ZOO_5_6_7_9\19_20210417 (1559).JPG;1
\cervidae\CERVIDREDORFALLOWDEER_ZOO_1_4\1_20201220 (83).JPG;1
\cervidae\ciervo_Javi_3_JC\34_20201024 (2758).JPG;1
\vacia\NOANIMAL_ZOO_1_4\2_20201117 (3146).JPG;0
\caballo\HORSE_ZOO_1_4\15_20210117 (4195).JPG;1
\ave\ave_ave_WellingtonCameraTraps_SS\020716084946008as311.JPG;1
\ave\ave_ave_WellingtonCameraTraps_SS\080416170152007as143.JPG;1
\vacia\NOANIMAL_ZOO_1_4\6_20201812 (13804).JPG;0
\vacia\empty_IslandConservationCameraTraps\dominicanrepublic_cam2015abril2015_20150402_144946_img_3112.jpg;0
\mapache\raccoon_CaltechCameraTrap_ME\598c5bad-23d2-11e8-a6a3-ec086b02610b.jpg;1
\vacia\NOANIMAL_ZOO_1_4\15_20210117 (2774).JPG;0
\jabali\WILDBOAR_ZOO_5_6_7_9\12_20210219 (126) (2021_04_15 06_16_22 UTC).JPG;1
\leporido\2_conejo_Paco_Carro_JC\PICT2397.JPG;1
\leporido\rabbit_IslandConservationCameraTraps\chile_frances022013_27042013105108.jpg;1
\vacia\empty_IslandConservationCameraTraps\micronesia_cam16april2019_20190414_141003_rcnx0258.jpg;0
\cervidae\ciervo_PNC_2014_ISAAC\c12263IMAG0014.JPG;1
\cervidae\CERVIDREDORFALLOWDEER_ZOO_5_6_7_9\3_20210417 (252).JPG;1
\humanovehiculo\humano_vehiculo_PNM_2013-O_ISAAC\f21299IM000008.JPG;1
\vacia\empty_caltechCameraTraps\5a296481-23d2-11e8-a6a3-ec086b02610b.jpg;0
\vacia\Vacio__diego_2_rev_donana\12_20201025 (191).JPG;0
\caballo\HORSE_ZOO_1_4\2_20201117 (3464).JPG;1
\vacia\NOANIMAL_ZOO_5_6_7_9\25_20210417 (5719).JPG;0
\vacia\empty_IslandConservationCameraTraps\dominicanrepublic_cam1826junio2015_20150504_130102_img_0260.jpg;0
\caballo\HORSE_ZOO_1_4\35_20210114 (1983).JPG;1
\zorro\zorro_PNC_2014_manuel\c15221IM000016.JPG;1
\cervidae\ciervo_Javi_3_JC\21_20201025 (132).JPG;1
\humanovehiculo\humanovehiculo_PNC_2013-O_RED_ISAAC\b224IM000004.JPG;1
\vacia\SnampshotEnonkishu\ENO_S1_D06_R1_IMAG1402.JPG;0
\gato_domestico\cat_IslandConservationCameraTraps\chile_vaqueria2013_1912201232257.jpg;1
\cervidae\cervidae_vacías_humanos_PNC_2012_ME\a6750IM000031.JPG;1
\leporido\LEPORIDRABBITORHARE_ZOO_1_4\21_20201025 (1425).JPG;1
\vaca\COW_ZOO_5_6_7_9\9_20210615 (2054).JPG;1
\jabali\WILDBOAR_ZOO_5_6_7_9\31_20210318 (749).JPG;1
\cervidae\ciervo_PNC_2014_ISAAC\c12507IMAG0052.JPG;1
\humanovehiculo\humanovehiculo_vacías_humanos_PNC_2012_ME\a29202IM000011.JPG;1
\ave\ave_Soraya_Padilla_Alumno_1_TH\IMAG0216_frame060.jpg;1
\vacia\NOANIMAL_ZOO_1_4\10_20201117 (2809).JPG;0
\jabali\WILDBOAR_ZOO_1_4\37_20201024 (844).JPG;1
\cervidae\CERVIDREDORFALLOWDEER_ZOO_5_6_7_9\28_20210615 (1945).JPG;1
\cervidae\ciervo_simone_2\35_20201021 (116).JPG;1
\vacia\empty_IslandConservationCameraTraps\chile_frances022013_29042013123317.jpg;0
\cervidae\CERVIDREDORFALLOWDEER_ZOO_5_6_7_9\18_20210417 (612).JPG;1
\caballo\HORSE_ZOO_1_4\15_20201117 (9149).JPG;1
\mapache\raccoon_CaltechCameraTrap_ME\58adc221-23d2-11e8-a6a3-ec086b02610b.jpg;1
\cervidae\ciervo_vacías_humanos_PNC_2012_ME\a14868IM000793.JPG;1
\humanovehiculo\humanovehiculo_PNC_2014_manuel\c30370IM000004.JPG;1
\humanovehiculo\HUMANORVEHICLE_ZOO_5_6_7_9\11_20210318 (2467).JPG;1
\gato_domestico\cat_IslandConservationCameraTraps\palau_cam02a12132018_20181130_043626_rcnx1589.jpg;1
\humanovehiculo\humanovehiculo_vacías_humanos_PNC_2012_ME\a14076IM000004.JPG;1
\cervidae\CERVIDREDORFALLOWDEER_ZOO_5_6_7_9\35_20210218 (1299) (2021_04_15 06_16_22 UTC).JPG;1
\vacia\NOANIMAL_ZOO_5_6_7_9\25_20210417 (5959).JPG;0
\ave\Zorzal_PNC_2013-O_ME\b5127IMAG0999.JPG;1
\jabali\jabali_PNC_2014_manuel\c27045IMAG0015.JPG;1
\cervidae\CERVIDREDORFALLOWDEER_ZOO_1_4\14_20201218 (543).JPG;1
\gato_domestico\cat_IslandConservationCameraTraps\chile_vaqueria2013_2002201365452.jpg;1
\vacia\NOANIMAL_ZOO_1_4\6_20201812 (12781).JPG;0
\zorro\Zorro_Pepe_IREC\Zorro_Pepe_Irec_ME\IMAG0084_(5).JPG;1
\cervidae\CERVIDREDORFALLOWDEER_ZOO_1_4\21_20201217 (1152).JPG;1
\vacia\NOANIMAL_ZOO_1_4\6_20201812 (8397).JPG;0
\zorro\zorro_vacías_humanos_PNC_2012_ME\a33170IM000105.JPG;1
\cervidae\ciervo_Javi_3_JC\21_20201025 (2201).JPG;1
\caballo\caballos_TH_JC\28_20201218 (662).JPG;1
\vacia\Nothing_mammalWeb\58234.jpg;0
\vacia\empty_IslandConservationCameraTraps\puertorico_19_20150326_122937_img_0312.jpg;0
\vacia\empty_IslandConservationCameraTraps\dominicanrepublic_cam0425abril2015_20130824_044031_sunp5175.jpg;0
\ave\ave_Soraya_Padilla_Alumno_1_TH\STC_0223_frame040.jpg;1
\lince\Lince_b_Linces2_Leo_JC\lince230 (55).JPG;1
\lince\Lince_a_Linces2_Leo_JC\lince120 (125).JPG;1
\vacia\vacias_PNM_2013-O_ISAAC\f3250IMAG0119.JPG;0
\cervidae\CERVIDREDORFALLOWDEER_ZOO_1_4\9_20201025 (923).JPG;1
\zorro\zorro_PNC_2013-O_RED_ISAAC\b15340IMAG0263.JPG;1
\caballo\HORSE_ZOO_1_4\15_20201117 (7092).JPG;1
\vacia\NOANIMAL_ZOO_5_6_7_9\25_20210417 (8663).JPG;0
\vacia\empty_IslandConservationCameraTraps\puertorico_17b_20150307_103154_img_0247.jpg;0
\humanovehiculo\humanos_Paco_Carro_JC\IMG_0013 (3).JPG;1
\humanovehiculo\humanovehiculo_vacías_humanos_PNC_2012_ME\a33505IM000004.JPG;1
\vacia\NOANIMAL_ZOO_1_4\6_20201812 (9839).JPG;0
\humanovehiculo\HUMANORVEHICLE_ZOO_5_6_7_9\24_20210219 (4262) (2021_04_15 06_16_22 UTC).JPG;1
\ave\OTHERSPECIES_ZOO_5_6_7_9\17_20210615 (17).JPG;1
\leporido\liebre\liebre_WellingtonCameraTraps_SS\22101515363804600052.JPG;1
\cervidae\ciervo_simone_2\35_20201021 (125).JPG;1
\micromamiferos\rat_IslandConservationCameraTraps\micronesia_cam08_cam08june2019_20190629172417_rcnx0072.jpg;1
\zorro\REDFOX_ZOO_1_4\32_20201117 (209).JPG;1
\cervidae\CERVIDREDORFALLOWDEER_ZOO_5_6_7_9\36_20210618 (6952).JPG;1
\lince\Lince_b_Linces2_Leo_JC\lince198 (64).JPG;1
\cervidae\ciervo_simone_2\37_20201024 (1647).JPG;1
\caballo\HORSE_ZOO_5_6_7_9\46_20210618 (168).JPG;1
\gato_domestico\gato_WellingtonCameraTraps_SS\160616130844016a1601.JPG;1
\ave\bird_CaltechCameraTrap\595ded48-23d2-11e8-a6a3-ec086b02610b.jpg;1
\jabali\WILDBOAR_ZOO_5_6_7_9\33_20210318 (44).JPG;1
\cervidae\CERVIDREDORFALLOWDEER_ZOO_5_6_7_9\32_20210218 (645) (2021_04_15 06_16_22 UTC).JPG;1
\jabali\jabali_PNC_2014_manuel\c6981IM000078.JPG;1
\perro\perro_WellingtonCameraTraps_SS\21101512385603249701.JPG;1
\vacia\NOANIMAL_ZOO_1_4\34_20210115 (2915).JPG;0
\vacia\NOANIMAL_ZOO_5_6_7_9\25_20210417 (13141).JPG;0
\vacia\NOANIMAL_ZOO_1_4\7_20210115 (2015).JPG;0
\zorro\zorro_PNC_2012_JC\a23191IM000012.JPG;1
\leporido\rabbit_IslandConservationCameraTraps\chile_piedra012013_2103201371521.jpg;1
\vacia\NOANIMAL_ZOO_5_6_7_9\20_20210417 (371).JPG;0
\leporido\conejo_WellingtonCameraTraps_SS\250116183024011bs121.JPG;1
\vacia\vacias_PNC_2014_ISAAC\c6154IM000093.JPG;0
\cervidae\ciervo_simone_2\37_20201024 (8673).JPG;1
\cervidae\deer_CaltechCameraTrap\599fbf2e-23d2-11e8-a6a3-ec086b02610b.jpg;1
\vacia\empty_IslandConservationCameraTraps\dominicanrepublic_cam1826julio2015_20150707_130135_img_1450.jpg;0
\cervidae\CERVIDREDORFALLOWDEER_ZOO_5_6_7_9\19_20210319 (1460).JPG;1
\vacia\vacia_alumno_AM_2\10_20201019 (11819).JPG;0
\zorro\fox_CaltechCameraTrap_ME\5865e22d-23d2-11e8-a6a3-ec086b02610b.jpg;1
\vaca\Vaca_Paco_Carro_camarasliron_4_2_PASADAS_POR_LA_RED_JC\PICT0015.JPG;1
\vacia\empty_IslandConservationCameraTraps\puertorico_17b_20150125_122104_img_0150.jpg;0
\vacia\empty_IslandConservationCameraTraps\dominicanrepublic_cam0425abril2015_20130825_055450_sunp5750.jpg;0
\cervidae\ciervo_PNM_2012_ISAAC\d3393IM000087.JPG;1
\zorro\REDFOX_ZOO_5_6_7_9\31_20210417 (1060).JPG;1
\ave\ave_Soraya_Padilla_Alumno_1_TH\IMAG0140_frame200.jpg;1
\vacia\NOANIMAL_ZOO_5_6_7_9\50_20210417 (10534).JPG;0
\cervidae\2_ciervo_Javi_3_JC\34_20201024 (848).JPG;1
\cervidae\CERVIDREDORFALLOWDEER_ZOO_5_6_7_9\17_20210218 (118) (2021_04_15 06_16_22 UTC).JPG;1
\zorro\ZORRO_PNM_2013-I_ISAAC\e1645IM000116.JPG;1
\cervidae\CERVIDREDORFALLOWDEER_ZOO_5_6_7_9\21_20210418 (3743).JPG;1
\vacia\NOANIMAL_ZOO_1_4\7_20210115 (943).JPG;0
\leporido\rabbit_IslandConservationCameraTraps\chile_frances012013_21122012160550.jpg;1
\lince\linces_fecha_Linces2_Leo_JC\2_Lince_flecha_Linces2_Leo_JC\lince130 (556).JPG;1
\cervidae\Ciervo_PNC_2013-O_ME\b446IMAG0050.JPG;1
\cervidae\CERVIDREDORFALLOWDEER_ZOO_5_6_7_9\18_20210219 (8378) (2021_04_15 06_16_22 UTC).JPG;1
\cervidae\CERVIDREDORFALLOWDEER_ZOO_5_6_7_9\42_20210618 (165).JPG;1
\vacia\NOANIMAL_ZOO_5_6_7_9\5_20210417 (2897).JPG;0
\cervidae\CERVIDREDORFALLOWDEER_ZOO_1_4\10_20201218 (2277).JPG;1
\ave\OTHERSPECIES_ZOO_5_6_7_9\11_20210418 (1920).JPG;1
\vacia\vacia_Paco_Carro_JC\IMG_0154 (2).JPG;0
\jabali\jabali_PNC_2014_manuel\c9689IM000059.JPG;1
\ave\Zorzal_PNC_2013-O_ME\b1018IM000060.JPG;1
\cervidae\CERVIDREDORFALLOWDEER_ZOO_5_6_7_9\19_20210219 (995) (2021_04_15 06_16_22 UTC).JPG;1
\cervidae\ciervo_simone_2\37_20201024 (8780).JPG;1
\cervidae\deer_CaltechCameraTrap\5987b211-23d2-11e8-a6a3-ec086b02610b.jpg;1
\cervidae\Cervidae1___diego_1_rev_donana\30_20201021 (12175).JPG;1
\vacia\empty_IslandConservationCameraTraps\dominicanrepublic_cam1226junio2015_20150624_055955_img_0669.jpg;0
\leporido\rabbit_IslandConservationCameraTraps\chile_frances022013_29052013133808.jpg;1
\cervidae\deer_CaltechCameraTrap\596bd8de-23d2-11e8-a6a3-ec086b02610b.jpg;1
\cervidae\CERVIDREDORFALLOWDEER_ZOO_1_4\4_20201220 (586).JPG;1
\zorro\zorro_vacías_humanos_PNC_2012_ME\a52478IM000023.JPG;1
\vacia\empty_IslandConservationCameraTraps\dominicanrepublic_cam1825abril2015_20150411_085255_img_0091.jpg;0
\jabali\WILDBOAR_ZOO_1_4\15_20210117 (9183).JPG;1
\vacia\NOANIMAL_ZOO_1_4\21_20201119 (2254).JPG;0
\cervidae\CERVIDREDORFALLOWDEER_ZOO_1_4\39_20210115 (176).JPG;1
\vacia\empty_caltechCameraTraps\5a096958-23d2-11e8-a6a3-ec086b02610b.jpg;0
\caballo\HORSE_ZOO_5_6_7_9\15_20210219 (8852) (2021_04_15 06_16_22 UTC).JPG;1
\lince\Lince_b_Linces2_Leo_JC\lince216 (72).jpg;1
\vacia\NOANIMAL_ZOO_1_4\26_20201020 (5997).JPG;0
\vacia\NOANIMAL_ZOO_5_6_7_9\20_20210319 (6062).JPG;0
\gato_domestico\cat_CaltechCameraTrap\59ffbab4-23d2-11e8-a6a3-ec086b02610b.jpg;1
\vacia\NOANIMAL_ZOO_5_6_7_9\50_20210408 (17205).JPG;0
\zorro\fox_CaltechCameraTrap_ME\58ede434-23d2-11e8-a6a3-ec086b02610b.jpg;1
\vacia\NOANIMAL_ZOO_1_4\6_20201812 (14319).JPG;0
\cervidae\CERVIDREDORFALLOWDEER_ZOO_1_4\37_20201116 (14880).JPG;1
\gato_domestico\gato_WellingtonCameraTraps_SS\16101517355802375953.JPG;1
\zorro\REDFOX_ZOO_1_4\25_20201117 (97).JPG;1
\ave\raven_IslandConservationCameraTraps\dominicanrepublic_cam11601octubre2017_20170909_074735_img_0033.jpg;1
\cervidae\CERVIDREDORFALLOWDEER_ZOO_5_6_7_9\16_20210615 (163).JPG;1
\cervidae\CERVIDREDORFALLOWDEER_ZOO_5_6_7_9\19_20210219 (886) (2021_04_15 06_16_22 UTC).JPG;1
\vacia\empty_IslandConservationCameraTraps\dominicanrepublic_cam0425abril2015_20130828_033756_sunp6789.jpg;0
\vacia\vacia_Paco_Carro_JC\01130264.JPG;0
\cervidae\CIERVO_PNM_2012_ISAAC\d14654IMAG0015.JPG;1
\vacia\vacias_PNM_2013-O_ISAAC\f5891IMAG0299.JPG;0
\mapache\raccoon_CaltechCameraTrap_ME\59f5fca3-23d2-11e8-a6a3-ec086b02610b.jpg;1
\lince\Lince_a_Linces2_Leo_JC\lince102 (147).JPG;1
\vacia\empty_IslandConservationCameraTraps\dominicanrepublic_cam1425abril2015_20150409_134731_img_0750.jpg;0
\vacia\NOANIMAL_ZOO_1_4\34_20210115 (1545).JPG;0
\vacia\empty_IslandConservationCameraTraps\micronesia_cam04_cam04june2019_20190614053503_rcnx1824.jpg;0
\cervidae\CERVIDREDORFALLOWDEER_ZOO_1_4\10_20201218 (440).JPG;1
\vacia\NOANIMAL_ZOO_1_4\34_20210115 (5969).JPG;0
\cervidae\Ciervo_PNC_2014_JC\c245IM000072.JPG;1
\cervidae\CERVIDREDORFALLOWDEER_ZOO_5_6_7_9\28_20210318 (15096).JPG;1
\vacia\empty_IslandConservationCameraTraps\ecuador1_ic1616_20180720_131324_img_0063.jpg;0
\vacia\NOANIMAL_ZOO_5_6_7_9\25_20210417 (5838).JPG;0
\gineta\COMMONGENET_ZOO_1_4\9_20201025 (151).JPG;1
\vaca\COW_ZOO_5_6_7_9\21_20210318 (14459).JPG;1
\jabali\WILDBOAR_ZOO_1_4\20_20210115 (1520).JPG;1
\cervidae\CERVIDREDORFALLOWDEER_ZOO_5_6_7_9\3_20210218 (218) (2021_04_15 06_16_22 UTC).JPG;1
\vacia\empty_IslandConservationCameraTraps\micronesia_cam04_cam04june2019_20190625010503_rcnx0370.jpg;0
\garduna\garduna_PNC_2014_manuel\c28060IM000059.JPG;1
\gineta\gineta_PNC_2013-I_RED_ME\9623IM000099.JPG;1
\vacia\vacias_1_de_2_PNC_2012_ISAAC\a43276IM000036.JPG;0
\cervidae\CERVIDREDORFALLOWDEER_ZOO_1_4\21_20201025 (1841).JPG;1
\leporido\rabbit_IslandConservationCameraTraps\chile_frances012013_27122012173039.jpg;1
\caballo\caballos_simone\4_20201220 (7543).JPG;1
\vacia\NOANIMAL_ZOO_1_4\40_20201024 (3099).JPG;0
\leporido\rabbit_IslandConservationCameraTraps\chile_frances012013_27122012155034.jpg;1
\zorro\zorro_Leo_Otra_fauna_PASADA_POR_LA_RED_JC\Otrafauna (87).jpg;1
\humanovehiculo\humanovehiculo_PNC_2014_manuel\c14861IMAG0320.JPG;1
\vaca\cow_CaltechCameraTrap\58cb12fa-23d2-11e8-a6a3-ec086b02610b.jpg;1
\cervidae\CERVIDREDORFALLOWDEER_ZOO_1_4\29_20201117 (645).JPG;1
\caballo\HORSE_ZOO_1_4\15_20210117 (1930).JPG;1
\vacia\NOANIMAL_ZOO_1_4\14_20201118 (484).JPG;0
\cervidae\3_ciervo_simone_2\34_20201024 (3252).JPG;1
\vacia\NOANIMAL_ZOO_1_4\2_20201215 (7621).JPG;0
\vacia\NOANIMAL_ZOO_1_4\34_20210115 (6891).JPG;0
\jabali\Jabali_PNM_2013-0_ME\f28341IMAG0923.JPG;1
\jabali\WILDBOAR_ZOO_1_4\37_20201116 (12610).JPG;1
\caballo\caballos_alumno_AM\caballos_alumno_AM\9_20201712 (425).JPG;1
\vaca\COW_ZOO_1_4\21_20201217 (983).JPG;1
\zorro\zorro_PNM_2013-I_ME\e1962IM000452.JPG;1
\vacia\NOANIMAL_ZOO_5_6_7_9\24_20210318 (5866).JPG;0
\vacia\empty_IslandConservationCameraTraps\dominicanrepublic_cam1826julio2015_20150627_110042_img_0375.jpg;0
\zorro\fox_CaltechCameraTrap_ME\59420fe7-23d2-11e8-a6a3-ec086b02610b.jpg;1
\cervidae\CERVIDREDORFALLOWDEER_ZOO_5_6_7_9\24_20210318 (3809).JPG;1
\leporido\conejo_WellingtonCameraTraps_SS\231016193958040bs153.JPG;1
\vaca\cow_CaltechCameraTrap\592ac055-23d2-11e8-a6a3-ec086b02610b.jpg;1
\vacia\empty_SnapshotMountainZebra\MTZ_S1_D05_R1_IMAG1597.JPG;0
\vacia\empty_SnapshotKaroo\KAR_S1_C02_R1_IMAG1214.JPG;0
\meloncillo\meloncillo_Leo_Otra_fauna_PASADA_POR_LA_RED_JC\Otrafauna (192).JPG;1
\humanovehiculo\humano_vehiculo_PNM_2013-O_ISAAC\f38IM000039.JPG;1
\micromamiferos\micromamiferos_Paco_Carro_JC\IMG_0788.JPG;1
\vacia\NOANIMAL_ZOO_1_4\6_20201812 (10839).JPG;0
\ave\ave_ave_WellingtonCameraTraps_SS\120616151736047a8283.JPG;1
\ave\aves_ME_CASA\IMG_0833.JPG;1
\vacia\NOANIMAL_ZOO_1_4\7_20210115 (2355).JPG;0
\leporido\rabbit_IslandConservationCameraTraps\chile_frances022013_29052013141303.jpg;1
\cervidae\CERVIDREDORFALLOWDEER_ZOO_5_6_7_9\19_20210319 (1068).JPG;1
\ave\ave_ave_WellingtonCameraTraps_SS\041016065732007cs373.JPG;1
\jabali\WILDBOAR_ZOO_5_6_7_9\15_20210219 (10355) (2021_04_15 06_16_22 UTC).JPG;1
\vaca\COW_ZOO_1_4\21_20210114 (1820).JPG;1
\zorro\Zorro_PNM_2013-0_ME\f8956IM000091.JPG;1
\cervidae\2_ciervo_Javi_3_JC\21_20201025 (4006).JPG;1
\zorro\Zorro_PNC_2014_JC\c2921IM000031.JPG;1
\vaca\COW_ZOO_1_4\21_20201025 (3546).JPG;1
\vacia\empty_SnapshotMountainZebra\MTZ_S1_D05_R1_IMAG0975.JPG;0
\jabali\WILDBOAR_ZOO_1_4\37_20201116 (9393).JPG;1
\vacia\vacia_vacías_humanos_PNC_2012_ME\a31856IM001171.JPG;0
\jabali\WILDBOAR_ZOO_1_4\21_20201025 (4948).JPG;1
\vacia\NOANIMAL_ZOO_5_6_7_9\50_20210408 (19270).JPG;0
\gato_domestico\gato_WellingtonCameraTraps_SS\081116070522038as311.JPG;1
\vacia\NOANIMAL_ZOO_1_4\41_20210114 (319).JPG;0
\vaca\COW_ZOO_1_4\15_20201024 (7727).JPG;1
\vaca\cow_IslandConservationCameraTraps\dominicanrepublic_cam1025abril2015_20150331_085826_img_0036.jpg;1
\vacia\NOANIMAL_ZOO_5_6_7_9\24_20210318 (5961).JPG;0
\mapache\raccoon_CaltechCameraTrap_ME\5a2c8512-23d2-11e8-a6a3-ec086b02610b.jpg;1
\cervidae\ciervo_Javi_3_JC\34_20201024 (2403).JPG;1
\gato_domestico\gato_WellingtonCameraTraps_SS\050416024924017b7512.JPG;1
\cervidae\CERVIDREDORFALLOWDEER_ZOO_5_6_7_9\15_20210219 (5972) (2021_04_15 06_16_22 UTC).JPG;1
\vacia\NOANIMAL_ZOO_1_4\6_20201116 (4855).JPG;0
\vacia\vacias_PNC_2014_ISAAC\c9854IM000034.JPG;0
\ave\ave_ave_WellingtonCameraTraps_SS\050216150446044b7485.JPG;1
\vacia\vacias_1_de_2_PNC_2012_ISAAC\a40900IM000166.JPG;0
\cervidae\cervidae_ME_rev_2_donana\10_20201019 (1977).JPG;1
\vacia\NOANIMAL_ZOO_5_6_7_9\10_20210219 (598) (2021_04_15 06_16_22 UTC).JPG;0
\micromamiferos\micromamifero_WellingtonCameraTraps_SS\180616003046014bs151.JPG;1
\vacia\empty_SnapshotMountainZebra\MTZ_S1_E06_R3_IMAG1361.JPG;0
\cervidae\cervidae_alumno_2_TH\37_20201024 (2803).JPG;1
\humanovehiculo\HUMANORVEHICLE_ZOO_5_6_7_9\48_20210418 (899).JPG;1
\caballo\HORSE_ZOO_1_4\15_20210117 (1347).JPG;1
\humanovehiculo\humanovehiculo_PNM_2013-I_ME\e5583IMAG0001.JPG;1
\ave\ave_Soraya_Padilla_Alumno_1_TH\DSCF0055_frame080.jpg;1
\gato_domestico\gato_WellingtonCameraTraps_SS\121016192402044a1131.JPG;1
\vaca\COW_ZOO_1_4\21_20210114 (998).JPG;1
\vacia\NOANIMAL_ZOO_5_6_7_9\39_20210615 (867).JPG;0
\cervidae\CERVIDREDORFALLOWDEER_ZOO_5_6_7_9\19_20210618 (364).JPG;1
\vaca\COW_ZOO_5_6_7_9\17_20210318 (1275).JPG;1
\caballo\caballos_alumno_AM\caballos_alumno_AM\2_20201215 (4634).JPG;1
\humanovehiculo\humanovehiculo_ss\13_20201025 (6).JPG;1
\ave\ave_PNC_2014_manuel\c3874IMAG0215.JPG;1
\gato_domestico\cat_IslandConservationCameraTraps\palau_cam6a12132018_20180904_114854_rcnx0373.jpg;1
\micromamiferos\micromamiferos_Paco_Carro_JC\IMG_0097.JPG;1
\vacia\NOANIMAL_ZOO_1_4\37_20201116 (9553).JPG;0
\vacia\NOANIMAL_ZOO_5_6_7_9\20_20210319 (6101).JPG;0
\vacia\vacias_2_de_2_PNC_2012_ISAAC\a1317IM000287.JPG;0
\cervidae\ciervo_PNC_2014_ISAAC\c27983IM000231.JPG;1
\vacia\NOANIMAL_ZOO_1_4\6_20210115 (11747).JPG;0
\vacia\empty_SnapshotMountainZebra\MTZ_S1_D06_R1_IMAG2714.JPG;0
\lince\Lince_b_Linces2_Leo_JC\lince144 (64).JPG;1
\vacia\NOANIMAL_ZOO_1_4\6_20201812 (13554).JPG;0
\leporido\conejo_javi_2_JC\31_20201023 (446).JPG;1
\vacia\empty_SnapshotMountainZebra\MTZ_S1_D05_R1_IMAG1392.JPG;0
\zorro\ZORRO_PNM_2013-I_ISAAC\e3163IM000010.JPG;1
\zorro\Zorro_PNC_2013-O_ME\b16220IM000472.JPG;1
\ave\bustardkori_SnapshotKgalagai\KGA_S1_A08_R1_IMAG0309.JPG;1
\vacia\vacias_PNM_2013-O_ISAAC\f2479IMAG0245.JPG;0
\cervidae\CERVIDREDORFALLOWDEER_ZOO_1_4\21_20201119 (3520).JPG;1
\tejon\tejon_vacías_humanos_PNC_2012_ME\a2119IM000105.JPG;1
\zorro\zorro_PNC_2014_manuel\c26157IM000012.JPG;1
\vacia\NOANIMAL_ZOO_1_4\41_20210114 (307).JPG;0
\caballo\HORSE_ZOO_1_4\10_20201218 (2597).JPG;1
\humanovehiculo\humano_vehiculo_PNC_2013-I_ISAAC\7693IM000001.JPG;1
\zorro\Zorro_Pepe_IREC\Zorro_Pepe_Irec_ME\IMAG0048_(12).JPG;1
\vacia\vacias_PNC_2014_ISAAC\c9941IM000040.JPG;0
\gineta\gineta_vacías_humanos_PNC_2012_ME\a34962IMAG0084.JPG;1
\vacia\empty_caltechCameraTraps\5a1cb1fc-23d2-11e8-a6a3-ec086b02610b.jpg;0
\vacia\empty_IslandConservationCameraTraps\dominicanrepublic_cam11618mayo2017_20170510_161434_img_0267.jpg;0
\vaca\COW_ZOO_5_6_7_9\9_20210615 (1908).JPG;1
\jabali\WILDBOAR_ZOO_1_4\37_20201116 (735).JPG;1
\vacia\NOANIMAL_ZOO_5_6_7_9\24_20210418 (5874).JPG;0
\cervidae\ciervo_PNC_2014_ISAAC\c22251IM000049.JPG;1
\cervidae\ciervo_simone_2\37_20201024 (726).JPG;1
\vacia\NOANIMAL_ZOO_1_4\6_20201812 (10976).JPG;0
\vacia\NOANIMAL_ZOO_1_4\15_20201024 (3853).JPG;0
\vacia\empty_IslandConservationCameraTraps\ecuador1_ic1619_20181202_150512_img_2081.jpg;0
\vacia\empty_SnapshotMountainZebra\MTZ_S1_C06_R3_IMAG1109.JPG;0
\vacia\NOANIMAL_ZOO_1_4\6_20201812 (9929).JPG;0
\cervidae\ciervo_PNC_2013-O_RED_ISAAC\b6765FILE0067.JPG;1
\caballo\HORSE_ZOO_1_4\15_20210117 (14169).JPG;1
\jabali\WILDBOAR_ZOO_1_4\33_20201025 (2).JPG;1
\vacia\empty_SnapshotMountainZebra\MTZ_S1_D05_R1_IMAG0939.JPG;0
\vacia\vacia_alumno_AM_2\24_20201019 (601).JPG;0
\vacia\empty_caltechCameraTraps\59d5b5cf-23d2-11e8-a6a3-ec086b02610b.jpg;0
\vacia\vacia_Paco_Carro_JC\IMG_1871.JPG;0
\vacia\NOANIMAL_ZOO_1_4\6_20201812 (12893).JPG;0
\vacia\NOANIMAL_ZOO_5_6_7_9\32_20210615 (17360).JPG;0
\vaca\COW_ZOO_5_6_7_9\2_20210319 (4577).JPG;1
\zorro\zorro_PNC_2012_JC\a17994IM000020.JPG;1
\cervidae\CERVIDREDORFALLOWDEER_ZOO_5_6_7_9\9_20210218 (106) (2021_04_15 06_16_22 UTC).JPG;1
\vacia\NOANIMAL_ZOO_1_4\7_20210115 (2339).JPG;0
\jabali\WILDBOAR_ZOO_5_6_7_9\31_20210318 (228).JPG;1
\jabali\WILDBOAR_ZOO_1_4\37_20201116 (9613).JPG;1
\vaca\COW_ZOO_5_6_7_9\2_20210219 (860) (2021_04_15 06_16_22 UTC).JPG;1
\humanovehiculo\humanovehiculo_PNC_2014_manuel\c5292IM000028.JPG;1
\lince\Lince_a_Linces2_Leo_JC\Lince60 (190).JPG;1
\vacia\NOANIMAL_ZOO_1_4\6_20201812 (9693).JPG;0
\vacia\NOANIMAL_ZOO_1_4\6_20201812 (14822).JPG;0
\cervidae\CERVIDREDORFALLOWDEER_ZOO_1_4\37_20201024 (4616).JPG;1
\vacia\vacia_Soraya_Padilla_Alumno_1_TH\STC_0265_frame350.jpg;0
\jabali\WILDBOAR_ZOO_5_6_7_9\31_20210219 (914) (2021_04_15 06_16_22 UTC).JPG;1
\vacia\vacias_2_de_2_PNC_2012_ISAAC\a10035IM000003.JPG;0
\cervidae\deer_CaltechCameraTrap\5a263938-23d2-11e8-a6a3-ec086b02610b.jpg;1
\vacia\vacia_Paco_Carro_JC\IMG_0779.JPG;0
\vacia\vacia_alumno_1_TH\Ave (7)_frame140.jpg;0
\ave\ave_IslandConservationCameraTraps\ecuador2_ic1605_20181024_051150_img_0200.jpg;1
\humanovehiculo\HUMANORVEHICLE_ZOO_5_6_7_9\11_20210318 (449).JPG;1
\vacia\NOANIMAL_ZOO_1_4\43_20201217 (2155).JPG;0
\jabali\WILDBOAR_ZOO_1_4\33_20201217 (506).JPG;1
\cervidae\CERVIDREDORFALLOWDEER_ZOO_5_6_7_9\28_20210615 (418).JPG;1
\ave\American Crow_ena24\8560.jpg;1
\lince\Lince_b_Linces2_Leo_JC\lince228 (607).JPG;1
\cervidae\CERVIDREDORFALLOWDEER_ZOO_1_4\21_20201025 (302).JPG;1
\vaca\COW_ZOO_5_6_7_9\21_20210418 (427).JPG;1
\vacia\empty_caltechCameraTraps\597389e0-23d2-11e8-a6a3-ec086b02610b.jpg;0
\cervidae\CERVIDREDORFALLOWDEER_ZOO_5_6_7_9\36_20210319 (707).JPG;1
\cervidae\2_ciervo_Javi_3_JC\34_20201024 (2357).JPG;1
\leporido\rabbit_CaltechCameraTrap_ME\58910f67-23d2-11e8-a6a3-ec086b02610b.jpg;1
\perro\dog_caltechCameraTraps\5a2c83b9-23d2-11e8-a6a3-ec086b02610b.jpg;1
\leporido\conejo_WellingtonCameraTraps_SS\210516070922048cs512.JPG;1
\cervidae\cervidae_alumno_2_TH\34_20201024 (6213).JPG;1
\vaca\COW_ZOO_5_6_7_9\21_20210318 (15003).JPG;1
\caballo\caballos_simone\4_20201220 (2514).JPG;1
\cervidae\3_ciervo_Javi_3_JC\34_20201024 (885).JPG;1
\ave\ave_Soraya_Padilla_Alumno_1_TH\IMAG0214_frame020.jpg;1
\vacia\NOANIMAL_ZOO_5_6_7_9\32_20210318 (12952).JPG;0
\leporido\rabbit_CaltechCameraTrap_ME\593734a9-23d2-11e8-a6a3-ec086b02610b.jpg;1
\jabali\WILDBOAR_ZOO_1_4\12_20201118 (275).JPG;1
\ave\ave_PNC_2013-O_RED_ISAAC\b4477IMAG0353.JPG;1
\leporido\rabbit_CaltechCameraTrap_ME\58af77ad-23d2-11e8-a6a3-ec086b02610b.jpg;1
\leporido\Lagomorpha2__diego_1_rev_donana\6_20201023 (2574).JPG;1
\jabali\WILDBOAR_ZOO_1_4\17_20201026 (171).JPG;1
\leporido\Rabbit_mammalWeb\89412.jpg;1
\vacia\NOANIMAL_ZOO_1_4\43_20201026 (17).JPG;0
\cervidae\CERVIDREDORFALLOWDEER_ZOO_1_4\34_20201024 (6211).JPG;1
\zorro\Zorro_Pepe_IREC\Zorro_Pepe_Irec_ME\IMAG0063_(16).JPG;1
\vacia\NOANIMAL_ZOO_1_4\34_20210115 (5987).JPG;0
\cervidae\deer_CaltechCameraTrap\599103bd-23d2-11e8-a6a3-ec086b02610b.jpg;1
\vacia\empty_caltechCameraTraps\59ef8efb-23d2-11e8-a6a3-ec086b02610b.jpg;0
\leporido\conejo_WellingtonCameraTraps_SS\1404151258381096S362.JPG;1
\leporido\rabbit_IslandConservationCameraTraps\chile_frances012013_2112201265422.jpg;1
\vacia\empty_IslandConservationCameraTraps\dominicanrepublic_cam0425abril2015_20130827_033149_sunp6451.jpg;0
\micromamiferos\micromamifero_WellingtonCameraTraps_SS\191016232034021cs142.JPG;1
\jabali\WILDBOAR_ZOO_1_4\7_20201118 (1699).JPG;1
\vacia\NOANIMAL_ZOO_1_4\39_20201019 (481).JPG;0
\jabali\WILDBOAR_ZOO_1_4\37_20201024 (10572).JPG;1
\vacia\vacia_Paco_Carro_JC\01130015.JPG;0
\humanovehiculo\humanovehiculo_PNM_2013-I_ME\e1089IM000023.JPG;1
\vacia\NOANIMAL_ZOO_5_6_7_9\22_20210417 (9741).JPG;0
\ave\ave_Soraya_Padilla_Alumno_1_TH\DSCF0018_frame030.jpg;1
\vaca\vaca_Paco_Carro_JC\PICT0111.JPG;1
\vacia\empty_caltechCameraTraps\595191a3-23d2-11e8-a6a3-ec086b02610b.jpg;0
\vacia\NOANIMAL_ZOO_5_6_7_9\25_20210417 (12739).JPG;0
\vacia\NOANIMAL_ZOO_5_6_7_9\2_20210417 (21155).JPG;0
\vacia\vacia_javi_2_JC\37_20201024 (11657).JPG;0
\vacia\vacias_2_de_2_PNC_2012_ISAAC\a4972IM000829.JPG;0
\zorro\zorro_vacías_humanos_PNC_2012_ME\a49605IM000058.JPG;1
\jabali\WILDBOAR_ZOO_1_4\37_20201116 (6251).JPG;1
\meloncillo\Meloncillo_PEPE_IREC_JC\IMAG0062_(7).JPG;1
\zorro\REDFOX_ZOO_1_4\39_20201218 (208).JPG;1
\micromamiferos\micromamiferos_Paco_Carro_JC\IMG_0013 (2).JPG;1
\cervidae\ciervo_Javi_3_JC\21_20201025 (1268).JPG;1
\vacia\empty_SnapshotMountainZebra\MTZ_S1_G04_R3_IMAG0453.JPG;0
\jabali\jabali_Paco_Carro_camarasliron_4_2_PASADAS_POR_LA_RED_JC\MDGC0084.JPG;1
\vacia\empty_IslandConservationCameraTraps\puertorico_3a_20141214_120643_img_0018.jpg;0
\vacia\NOANIMAL_ZOO_1_4\2_20201117 (5274).JPG;0
\vacia\empty_SnapshotMountainZebra\MTZ_S1_D07_R1_IMAG0900.JPG;0
\ave\ave_PNC_2013-O_RED_ISAAC\b6027IM000037.JPG;1
\vacia\vacia_Paco_Carro_JC\IMG_0036.JPG;0
\gato_domestico\gato_WellingtonCameraTraps_SS\250716031110045a7353.JPG;1
\cervidae\Ciervo_PNC_2013-O_ME\b16178IM000427.JPG;1
\vacia\empty_IslandConservationCameraTraps\micronesia_cam04_cam04june2019_20190615022503_rcnx2058.jpg;0
\vacia\NOANIMAL_ZOO_5_6_7_9\50_20210417 (22203).JPG;0
\vacia\NOANIMAL_ZOO_1_4\34_20210115 (7901).JPG;0
\vacia\NOANIMAL_ZOO_5_6_7_9\2_20210417 (23295).JPG;0
\caballo\HORSE_ZOO_5_6_7_9\15_20210219 (1561) (2021_04_15 06_16_22 UTC).JPG;1
\jabali\Jabali_PNC_2014_JC\c5573IM000156.JPG;1
\vacia\empty_SnapshotMountainZebra\MTZ_S1_E06_R3_IMAG1497.JPG;0
\vacia\Nothing_mammalWeb\127579.jpg;0
\humanovehiculo\car_CaltechCameraTrap_ME\vehiculo\586fde31-23d2-11e8-a6a3-ec086b02610b.jpg;1
\vacia\empty_SnapshotMountainZebra\MTZ_S1_D06_R1_IMAG1787.JPG;0
\cervidae\CIERVO_PNM_2012_ISAAC\d14123IMAG0055.JPG;1
\perro\dog_caltechCameraTraps\599fbdbd-23d2-11e8-a6a3-ec086b02610b.jpg;1
\leporido\rabbit_CaltechCameraTrap_ME\598f7733-23d2-11e8-a6a3-ec086b02610b.jpg;1
\vacia\empty_IslandConservationCameraTraps\dominicanrepublic_cam11518mayo2017a_20161227_102647_img_0123.jpg;0
\vaca\cow_CaltechCameraTrap\58d2eb75-23d2-11e8-a6a3-ec086b02610b.jpg;1
\cervidae\CERVIDREDORFALLOWDEER_ZOO_5_6_7_9\28_20210615 (2039).JPG;1
\vacia\NOANIMAL_ZOO_5_6_7_9\20_20210319 (11857).JPG;0
\micromamiferos\rodent_CaltechCameraTrap_JC\Roedor_ rodent_CaltechCameraTrap_JC\58af74e1-23d2-11e8-a6a3-ec086b02610b.jpg;1
\cervidae\ciervo_PNM_2013-O_ISAAC\f28867IMAG0459.JPG;1
\vacia\NOANIMAL_ZOO_1_4\33_20201025 (13).JPG;0
\gato_domestico\gato_WellingtonCameraTraps_SS\250716164330023cs521.JPG;1
\vacia\vacia_alumno_1_TH\Nada (17)_frame010.jpg;0
\cervidae\CERVIDREDORFALLOWDEER_ZOO_5_6_7_9\5_20210417 (3253).JPG;1
\vaca\cow_CaltechCameraTrap\589e67a4-23d2-11e8-a6a3-ec086b02610b.jpg;1
\cervidae\ciervo_PNC_2013-I_RED_ME\9811IM000127.JPG;1
\jabali\JABALI_PNM_2013-I_ISAAC\e1880IM000365.JPG;1
\lince\Lince_b_Linces2_Leo_JC\lince228 (592).JPG;1
\vacia\NOANIMAL_ZOO_1_4\37_20201116 (12524).JPG;0
\leporido\rabbit_CaltechCameraTrap_ME\58d15e6e-23d2-11e8-a6a3-ec086b02610b.jpg;1
\vacia\vacia_PNM_2013-O_ME\f14270IMAG0177.JPG;0
\jabali\WILDBOAR_ZOO_5_6_7_9\20_20210219 (3519) (2021_04_15 06_16_22 UTC).JPG;1
\zorro\REDFOX_ZOO_1_4\32_20201218 (464).JPG;1
\vacia\NOANIMAL_ZOO_5_6_7_9\1_20210319 (614).JPG;0
\cervidae\deer_CaltechCameraTrap\59edf278-23d2-11e8-a6a3-ec086b02610b.jpg;1
\vacia\vacias_2_de_2_PNC_2012_ISAAC\a795IM000136.JPG;0
\vacia\vacia_alumno_AM_2\26_20201020 (2613).JPG;0
\cervidae\ciervo_PNC_2013-I_ME\9760IM000074.JPG;1
\gato_domestico\gato_WellingtonCameraTraps_SS\191016203252044a1133.JPG;1
\zorro\zorro_PNM_2012_ISAAC\d2762IM000020.JPG;1
\gineta\gineta_Soraya_Padilla_Alumno_1_TH\DSCF0314_frame020.jpg;1
\humanovehiculo\HUMANORVEHICLE_ZOO_5_6_7_9\49_20210408 (7).JPG;1
\vaca\cow_IslandConservationCameraTraps\dominicanrepublic_cam102junio2015b_20150511_064341_img_0169.jpg;1
\gato_domestico\gato_WellingtonCameraTraps_SS\080116080728034b9961.JPG;1
\zorro\zorro_PNC_2014_manuel\c25869IM000089.JPG;1
\vacia\NOANIMAL_ZOO_5_6_7_9\24_20210615 (8047).JPG;0
\vacia\vacias_2_de_2_PNC_2012_ISAAC\a2144IM000132.JPG;0
\cervidae\ciervo_PNC_2013-O_RED_ISAAC\b7154FILE0304.JPG;1
\ave\ave_Soraya_Padilla_Alumno_1_TH\DSCF0037_frame140.jpg;1
\leporido\rabbit_CaltechCameraTrap_ME\5a217615-23d2-11e8-a6a3-ec086b02610b.jpg;1
\caballo\HORSE_ZOO_5_6_7_9\15_20210219 (8781) (2021_04_15 06_16_22 UTC).JPG;1
\vacia\NOANIMAL_ZOO_5_6_7_9\1_20210417 (112).JPG;0
\leporido\rabbit_CaltechCameraTrap_ME\58b8238c-23d2-11e8-a6a3-ec086b02610b.jpg;1
\meloncillo\Meloncillo_PEPE_IREC_JC\IMAG2927_(2).JPG;1
\vacia\empty_caltechCameraTraps\59da8c15-23d2-11e8-a6a3-ec086b02610b.jpg;0
\ave\ave_ave_WellingtonCameraTraps_SS\100716160458008c3301.JPG;1
\tejon\Tejon_PEPE_IREC_JC\IMAG0020_(11).JPG;1
\lince\linces_fecha_Linces2_Leo_JC\2_Lince_flecha_Linces2_Leo_JC\lince183 (56).JPG;1
\vacia\empty_IslandConservationCameraTraps\dominicanrepublic_cam2015abril2015_20150412_134308_img_5065.jpg;0
\vacia\NOANIMAL_ZOO_1_4\26_20201020 (11474).JPG;0
\mapache\raccoon_CaltechCameraTrap_ME\5a0969cf-23d2-11e8-a6a3-ec086b02610b.jpg;1
\cervidae\CERVIDREDORFALLOWDEER_ZOO_5_6_7_9\39_20210218 (1324) (2021_04_15 06_16_22 UTC).JPG;1
\ave\ave_ave_WellingtonCameraTraps_SS\100516105410020b5101.JPG;1
\cervidae\CERVIDREDORFALLOWDEER_ZOO_5_6_7_9\28_20210417 (2359).JPG;1
\cervidae\CERVIDREDORFALLOWDEER_ZOO_5_6_7_9\15_20210219 (2723) (2021_04_15 06_16_22 UTC).JPG;1
\cervidae\Ciervo_PNC_2013-O_ME\b17946IM000250.JPG;1
\cervidae\CERVIDREDORFALLOWDEER_ZOO_5_6_7_9\35_20210418 (70).JPG;1
\ave\OTHERSPECIES_ZOO_5_6_7_9\15_20210219 (9282) (2021_04_15 06_16_22 UTC).JPG;1
\vacia\NOANIMAL_ZOO_1_4\6_20201116 (4865).JPG;0
\humanovehiculo\humano_vehiculo_PNM_2013-O_ISAAC\f14891IM000004.JPG;1
\vacia\empty_SnapshotMountainZebra\MTZ_S1_C06_R1_IMAG0357.JPG;0
\vaca\COW_ZOO_5_6_7_9\21_20210615 (1908).JPG;1
\vacia\empty_caltechCameraTraps\59ffbbb5-23d2-11e8-a6a3-ec086b02610b.jpg;0
\vacia\NOANIMAL_ZOO_1_4\7_20210115 (1742).JPG;0
\vacia\NOANIMAL_ZOO_5_6_7_9\2_20210417 (25534).JPG;0
\ave\ave_vacías_humanos_PNC_2012_ME\a30836IM000141.JPG;1
\vacia\NOANIMAL_ZOO_5_6_7_9\25_20210417 (3630).JPG;0
\vacia\NOANIMAL_ZOO_5_6_7_9\32_20210218 (5306) (2021_04_15 06_16_22 UTC).JPG;0
\vacia\NOANIMAL_ZOO_5_6_7_9\2_20210417 (11089).JPG;0
\vacia\NOANIMAL_ZOO_1_4\15_20201117 (1703).JPG;0
\cervidae\ciervo_vacías_humanos_PNC_2012_ME\a34274IM000510.JPG;1
\vacia\vacia_Paco_Carro_JC\IMG_0147.JPG;0
\vacia\NOANIMAL_ZOO_5_6_7_9\32_20210615 (8722).JPG;0
\cervidae\ciervo_PNC_2014_ISAAC\c14107IMAG0191.JPG;1
\vacia\empty_SnapshotMountainZebra\MTZ_S1_D06_R1_IMAG1395.JPG;0
\cervidae\deer_CaltechCameraTrap\58f5b1eb-23d2-11e8-a6a3-ec086b02610b.jpg;1
\cervidae\ciervo_simone_2\34_20201024 (4627).JPG;1
\vacia\vacia_alumno_1_TH\DSCF0216_frame030.jpg;0
\vacia\NOANIMAL_ZOO_5_6_7_9\24_20210418 (6091).JPG;0
\lince\Lince_a_Linces2_Leo_JC\lince77 (265).JPG;1
\humanovehiculo\car_CaltechCameraTrap_ME\vehiculo\58d7a31a-23d2-11e8-a6a3-ec086b02610b.jpg;1
\cervidae\2_ciervo_Javi_3_JC\21_20201025 (1962).JPG;1
\cervidae\CERVIDREDORFALLOWDEER_ZOO_5_6_7_9\35_20210218 (2491) (2021_04_15 06_16_22 UTC).JPG;1
\cervidae\CERVIDREDORFALLOWDEER_ZOO_1_4\2_20201215 (253).JPG;1
\humanovehiculo\humanovehiculo_PNM_2013-I_ME\e331IM000049.JPG;1
\leporido\rabbit_CaltechCameraTrap_ME\59f5fdf6-23d2-11e8-a6a3-ec086b02610b.jpg;1
\vacia\NOANIMAL_ZOO_5_6_7_9\2_20210417 (17471).JPG;0
\cervidae\CERVIDREDORFALLOWDEER_ZOO_5_6_7_9\2_20210219 (4694) (2021_04_15 06_16_22 UTC).JPG;1
\ave\bird_CaltechCameraTrap\589cb3b7-23d2-11e8-a6a3-ec086b02610b.jpg;1
\ave\shearwater_IslandConservationCameraTraps\chile_piedra012013_12052013230018.jpg;1
\vacia\Vacio__diego_2_rev_donana\28_20201019 (69).JPG;0
\micromamiferos\rat_IslandConservationCameraTraps\micronesia_cam17april2019_20190412_040231_rcnx0176.jpg;1
\cervidae\Ciervo_PNC_2012_JC\a42990IMAG0025.JPG;1
\zorro\zorro_PNC_2014_manuel\c13251IMAG0202.JPG;1
\leporido\rabbit_IslandConservationCameraTraps\chile_frances022013_17042013105452.jpg;1
\jabali\WILDBOAR_ZOO_1_4\24_20201117 (589).JPG;1
\lince\Lince_a_Linces2_Leo_JC\Lince59 (21).JPG;1
\humanovehiculo\humanovehiculo_leo_donana\0004121.JPG;1
\micromamiferos\micromamifero_WellingtonCameraTraps_SS\170716024216038bs233.JPG;1
\cervidae\CERVIDREDORFALLOWDEER_ZOO_1_4\21_20201025 (422).JPG;1
\humanovehiculo\car_CaltechCameraTrap_ME\vehiculo\5903ce10-23d2-11e8-a6a3-ec086b02610b.jpg;1
\vacia\empty_caltechCameraTraps\59ccd305-23d2-11e8-a6a3-ec086b02610b.jpg;0
\vacia\NOANIMAL_ZOO_1_4\7_20210115 (2504).JPG;0
\cervidae\Ciervo_PNC_2012_JC\a40296IM000298.JPG;1
\micromamiferos\Small rodent_mammalWeb\4964.jpg;1
\cervidae\ciervo_PNC_2014_ISAAC\c9965IM000065.JPG;1
\cervidae\CERVIDREDORFALLOWDEER_ZOO_5_6_7_9\18_20210319 (738).JPG;1
\vacia\NOANIMAL_ZOO_1_4\26_20201020 (16264).JPG;0
\vacia\empty_SnapshotMountainZebra\MTZ_S1_C06_R1_IMAG0459.JPG;0
\vacia\empty_SnapshotMountainZebra\MTZ_S1_D05_R1_IMAG0108.JPG;0
\jabali\WILDBOAR_ZOO_1_4\2_20210115 (2298).JPG;1
\cervidae\deer_CaltechCameraTrap\58f5afeb-23d2-11e8-a6a3-ec086b02610b.jpg;1
\zorro\ZORRO_PNM_2013-I_ISAAC\e5637IMAG0058.JPG;1
\vacia\NOANIMAL_ZOO_5_6_7_9\24_20210318 (7332).JPG;0
\vacia\NOANIMAL_ZOO_5_6_7_9\1_20210319 (84).JPG;0
\vacia\vacia_alumno_AM_2\10_20201019 (12238).JPG;0
\caballo\HORSE_ZOO_1_4\15_20201117 (7231).JPG;1
\micromamiferos\micromamifero_WellingtonCameraTraps_SS\090716175210049b7392.JPG;1
\vacia\empty_IslandConservationCameraTraps\dominicanrepublic_cam0526julio2015_20150627_112519_sunp1240.jpg;0
\cervidae\Cervidae1___diego_1_rev_donana\30_20201021 (12108).JPG;1
\vacia\NOANIMAL_ZOO_1_4\10_20201117 (7003).JPG;0
\leporido\rabbit_IslandConservationCameraTraps\chile_frances022013_28042013155359.jpg;1
\ave\petrel_chick_IslandConservationCameraTraps\ecuador2_ic1621a_20181031_004908_img_0125.jpg;1
\zorro\zorro_PNC_2014_manuel\c13472IMAG0175.JPG;1
\vacia\empty_caltechCameraTraps\5a1e515f-23d2-11e8-a6a3-ec086b02610b.jpg;0
\ave\ave_ave_WellingtonCameraTraps_SS\060216092102050b8831.JPG;1
\vacia\NOANIMAL_ZOO_1_4\21_20210114 (2305).JPG;0
\cervidae\CERVIDREDORFALLOWDEER_ZOO_1_4\37_20210115 (1200).JPG;1
\lince\Lince_a_Linces2_Leo_JC\lince130 (106).JPG;1
\cervidae\2_gamo_WellingtonCameraTraps_SS\280916072844024bs163.JPG;1
\vacia\NOANIMAL_ZOO_5_6_7_9\50_20210408 (1702).JPG;0
\cervidae\CERVIDREDORFALLOWDEER_ZOO_5_6_7_9\24_20210219 (286) (2021_04_15 06_16_22 UTC).JPG;1
\cervidae\CERVIDREDORFALLOWDEER_ZOO_1_4\21_20201025 (5848).JPG;1
\vacia\vacias_PNM_2013-I_ISAAC\e2467IM000331.JPG;0
\vacia\vacia_alumno_1_TH\Denmaj 21_frame000.jpg;0
\zorro\zorro_PNC_2013-O_RED_ISAAC\b17211IM000037.JPG;1
\vacia\vacia_alumno_AM_2\40_20201024 (4018).JPG;0
\cervidae\ciervo_vacías_humanos_PNC_2012_ME\a6550IM000039.JPG;1
\cervidae\ciervo_simone_2\37_20201024 (687).JPG;1
\tejon\tejon_alumno_2_AM_JC\STC_0206_frame130.jpg;1
\cervidae\gamo_Javi_3_JC\21_20201025 (336).JPG;1
\vacia\empty_SnapshotMountainZebra\MTZ_S1_D06_R1_IMAG1829.JPG;0
\vacia\vacia_Paco_Carro_JC\IMG_1207.JPG;0
\vaca\Vaca1_diego_1_rev_donana\24_20201019 (1332).JPG;1
\gato_domestico\gato_WellingtonCameraTraps_SS\17101506245003592543.JPG;1
\humanovehiculo\humanovehiculo_vacías_humanos_PNC_2012_ME\a39751IM000013.JPG;1
\cervidae\CERVIDREDORFALLOWDEER_ZOO_1_4\33_20201025 (74).JPG;1
\cervidae\gamo_Javi_3_JC\9_20201025 (108).JPG;1
\leporido\rabbit_CaltechCameraTrap_ME\595adde6-23d2-11e8-a6a3-ec086b02610b.jpg;1
\cervidae\ciervo_PNM_2012_ISAAC\d13945IM000015.JPG;1
\gato_domestico\cat_CaltechCameraTrap\59ccd164-23d2-11e8-a6a3-ec086b02610b.jpg;1
\vacia\empty_IslandConservationCameraTraps\micronesia_cam16april2019_20190413_090500_rcnx0322.jpg;0
\ave\Ave_Leo_Otra_fauna_PASADA_POR_LA_RED_JC\Otrafauna (1689).JPG;1
\leporido\conejo_Paco_Carro_JC\PICT2014.JPG;1
\vacia\NOANIMAL_ZOO_1_4\9_20201118 (74).JPG;0
\cervidae\ciervo_simone_2\34_20201024 (6130).JPG;1
\cervidae\CERVIDREDORFALLOWDEER_ZOO_1_4\34_20201024 (143).JPG;1
\jabali\jabali_revGinetasJC_REV1_4_donana\37_20201116 (8070).JPG;1
\vacia\NOANIMAL_ZOO_5_6_7_9\25_20210319 (10771).JPG;0
\cervidae\3_ciervo_simone_2\37_20201024 (1586).JPG;1
\zorro\Zorro_Pepe_IREC\Zorro_Pepe_Irec_ME\IMAG3369_(4).JPG;1
\gato_domestico\gato_WellingtonCameraTraps_SS\10111523395002359701.JPG;1
\vacia\empty_caltechCameraTraps\59d5b650-23d2-11e8-a6a3-ec086b02610b.jpg;0
\vacia\NOANIMAL_ZOO_5_6_7_9\24_20210318 (4378).JPG;0
\vacia\NOANIMAL_ZOO_1_4\7_20210115 (1553).JPG;0
\zorro\zorro_PNC_2014_manuel\c3092IM000035.JPG;1
\humanovehiculo\humanovehiculo_PNC_2014_manuel\c5672IM000080.JPG;1
\vacia\NOANIMAL_ZOO_1_4\7_20210115 (1170).JPG;0
\vacia\NOANIMAL_ZOO_5_6_7_9\2_20210417 (8349).JPG;0
\humanovehiculo\humanos_Paco_Carro_JC\PICT0024 (2).JPG;1
\vacia\empty_IslandConservationCameraTraps\dominicanrepublic_cam1826julio2015_20150628_125139_img_0702.jpg;0
\vacia\vacias_PNC_2013-O_RED_ISAAC\b8980IMAG0189.JPG;0
\leporido\rabbit_CaltechCameraTrap_ME\58c03361-23d2-11e8-a6a3-ec086b02610b.jpg;1
\humanovehiculo\humanovehiculo_leo_donana\0005905.JPG;1
\tejon\Tejon_PNC_2014_JC\c25218IM000052.JPG;1
\vacia\vacia_Paco_Carro_JC\01130348 (2).JPG;0
\caballo\HORSE_ZOO_5_6_7_9\15_20210219 (7403) (2021_04_15 06_16_22 UTC).JPG;1
\vacia\NOANIMAL_ZOO_1_4\6_20201812 (12349).JPG;0
\humanovehiculo\HUMANORVEHICLE_ZOO_5_6_7_9\28_20210219 (17) (2021_04_15 06_16_22 UTC).JPG;1
\ave\raven_IslandConservationCameraTraps\dominicanrepublic_cam3217mayo2017_20170327_092636_img_0210.jpg;1
\vacia\vacio_Saul Martin_FRAMES_SIN_REPETIDOS_REVISADOS_DIEGO\IMAG0033_frame240.jpg;0
\cervidae\ciervo_vacías_humanos_PNC_2012_ME\a2509IM000154.JPG;1
\cervidae\ciervo_PNC_2014_ISAAC\c30052IM000102.JPG;1
\vacia\NOANIMAL_ZOO_1_4\9_20210114 (1053).JPG;0
\mapache\raccoon_CaltechCameraTrap_ME\598495af-23d2-11e8-a6a3-ec086b02610b.jpg;1
\vacia\empty_IslandConservationCameraTraps\dominicanrepublic_cam0527septiembre2015_20130729_101339_sunp0079.jpg;0
\cervidae\CERVIDREDORFALLOWDEER_ZOO_1_4\21_20201025 (5182).JPG;1
\vacia\empty_SnapshotMountainZebra\MTZ_S1_D05_R1_IMAG2943.JPG;0
\cervidae\Ciervo_PNC_2013-O_ME\b18052IM000089.JPG;1
\cervidae\CERVIDREDORFALLOWDEER_ZOO_5_6_7_9\10_20210319 (5006).JPG;1
\gato_domestico\cat_CaltechCameraTrap\58ef6e4a-23d2-11e8-a6a3-ec086b02610b.jpg;1
\cervidae\ciervo_Javi_3_JC\21_20201025 (4905).JPG;1
\micromamiferos\micromamiferos_Paco_Carro_JC\IMG_0769.JPG;1
\vacia\Vacia_ME_rev_2_donana\6_20201023 (2746).JPG;0
\vacia\NOANIMAL_ZOO_1_4\10_20201117 (1784).JPG;0
\mapache\raccoon_CaltechCameraTrap_ME\5a015d6b-23d2-11e8-a6a3-ec086b02610b.jpg;1
\cervidae\2_ciervo_Leo_Otra_fauna_PASADA_POR_LA_RED_JC\Otrafauna (440).JPG;1
\zorro\zorro_PNC_2014_manuel\c331IM000048.JPG;1
\vacia\vacia_ave_WellingtonCameraTraps_SS\180816140438009as132.JPG;0
\perro\perro_Paco_Carro_JC\PICT0062.JPG;1
\cervidae\deer_CaltechCameraTrap\595dece5-23d2-11e8-a6a3-ec086b02610b.jpg;1
\zorro\Zorro_PNC_2014_JC\c29773IM000126.JPG;1
\cervidae\CERVIDREDORFALLOWDEER_ZOO_1_4\9_20201025 (333).JPG;1
\cervidae\cervidae_mancha\b17593IM000131.JPG;1
\jabali\WILDBOAR_ZOO_1_4\37_20201215 (628).JPG;1
\ave\ave_Paco_Carro_JC\IMG_0332.JPG;1
\zorro\fox_CaltechCameraTrap_ME\59180a92-23d2-11e8-a6a3-ec086b02610b.jpg;1
\lince\linces_fecha_Linces2_Leo_JC\2_Lince_flecha_Linces2_Leo_JC\lince197 (14).JPG;1
\leporido\rabbit_IslandConservationCameraTraps\chile_piedra012013_1603201355740.jpg;1
\humanovehiculo\HUMANORVEHICLE_ZOO_5_6_7_9\21_20210318 (14065).JPG;1
\vacia\empty_SnapshotMountainZebra\MTZ_S1_D05_R1_IMAG0853.JPG;0
\garduna\garduna_PNM_2013-O_ME\f11137IM000142.JPG;1
\gato_domestico\cat_CaltechCameraTrap\596bd894-23d2-11e8-a6a3-ec086b02610b.jpg;1
\ave\raven_IslandConservationCameraTraps\dominicanrepublic_cam11101agosto2017_20170525_080422_img_0027.jpg;1
\vacia\NOANIMAL_ZOO_1_4\7_20210115 (1070).JPG;0
\vacia\vacia_Paco_Carro_JC\IMG_0386.JPG;0
\vacia\empty_IslandConservationCameraTraps\dominicanrepublic_cam1814marzo2016_20160314_100702_img_0049.jpg;0
\leporido\conejo_Paco_Carro_JC\PICT1547.JPG;1
\garduna\garduna_PNC_2014_manuel\c18991IMAG0014.JPG;1
\vacia\vacia_alumno_1_AM\40_20201024 (5548).JPG;0
\micromamiferos\rat_IslandConservationCameraTraps\micronesia_cam06_cam06june2019_pig_20190629195910_1822.jpg;1
\cervidae\3_ciervo_simone_2\34_20201024 (3904).JPG;1
\zorro\zorro_PNM_2013-O_ISAAC\f1885IM000078.JPG;1
\humanovehiculo\HUMANORVEHICLE_ZOO_1_4\28_20201218 (16254).JPG;1
\jabali\WILDBOAR_ZOO_5_6_7_9\20_20210219 (1394) (2021_04_15 06_16_22 UTC).JPG;1
\cervidae\CERVIDREDORFALLOWDEER_ZOO_5_6_7_9\5_20210319 (2290).JPG;1
\humanovehiculo\HUMANORVEHICLE_ZOO_5_6_7_9\20_20210618 (2).JPG;1
\vacia\NOANIMAL_ZOO_5_6_7_9\25_20210319 (7289).JPG;0
\vacia\vacia_Paco_Carro_JC\MDGC0216.JPG;0
\gato_domestico\gato_WellingtonCameraTraps_SS\22101516085608357203.JPG;1
\leporido\3_conejo_Paco_Carro_JC\PICT0683.JPG;1
\humanovehiculo\humano_vehiculo_PNM_2013-O_ISAAC\f36IM000037.JPG;1
\cervidae\2_ciervo_Paco_Carro_JC\PICT0070.JPG;1
\vacia\empty_SnapshotMountainZebra\MTZ_S1_C06_R1_IMAG0557.JPG;0
\leporido\rabbit_CaltechCameraTrap_ME\5a231042-23d2-11e8-a6a3-ec086b02610b.jpg;1
\vacia\NOANIMAL_ZOO_5_6_7_9\39_20210417 (3066).JPG;0
\gato_domestico\cat_IslandConservationCameraTraps\chile_frances012013_0401201320643.jpg;1
\vacia\empty_IslandConservationCameraTraps\dominicanrepublic_cam0425abril2015_20130807_045842_sunp0622.jpg;0
\humanovehiculo\humanovehiculo_ss\31_20201023 (466).JPG;1
\zorro\zorro_vacías_humanos_PNC_2012_ME\a30498IM000052.JPG;1
\vacia\NOANIMAL_ZOO_1_4\6_20201812 (12234).JPG;0
\zorro\REDFOX_ZOO_5_6_7_9\1_20210219 (168) (2021_04_15 06_16_22 UTC).JPG;1
\cervidae\3_ciervo_PNC_2013-I_ME\7729IM000039.JPG;1
\ave\ave_Soraya_Padilla_Alumno_1_TH\STC_0225_frame000.jpg;1
\jabali\WILDBOAR_ZOO_1_4\37_20201116 (7128).JPG;1
\caballo\HORSE_ZOO_5_6_7_9\15_20210219 (1894) (2021_04_15 06_16_22 UTC).JPG;1
\cervidae\2_Ciervos_PNC2012_JC\a19742IM000411.JPG;1
\caballo\HORSE_ZOO_5_6_7_9\15_20210219 (8739) (2021_04_15 06_16_22 UTC).JPG;1
\vacia\vacia_Paco_Carro_JC\01110644.JPG;0
\cervidae\ciervo_simone_2\34_20201024 (5513).JPG;1
\cervidae\Ciervo_PNC_2012_JC\a15713IMAG0102.JPG;1
\lince\linces_Linces2_Leo_JC\3_Lince_Linces2_Leo_JC\lince103 (290).JPG;1
\vacia\NOANIMAL_ZOO_1_4\34_20210115 (4202).JPG;0
\vacia\empty_caltechCameraTraps\5987b3d0-23d2-11e8-a6a3-ec086b02610b.jpg;0
\vaca\COW_ZOO_1_4\21_20201217 (1604).JPG;1
\humanovehiculo\humano_vehiculo_PNM_2012_ISAAC\d11513IM000002.JPG;1
\humanovehiculo\humano_vehiculo_PNC_2013-I_ISAAC\1457IM000015.JPG;1
\ave\ave_ave_WellingtonCameraTraps_SS\100416112446022as465.JPG;1
\vacia\NOANIMAL_ZOO_1_4\6_20201812 (11184).JPG;0
\vacia\NOANIMAL_ZOO_1_4\34_20210115 (8719).JPG;0
\zorro\zorro_vacías_humanos_PNC_2012_ME\a44398IM000080.JPG;1
\cervidae\Ciervo_PNC_2014_javier\f29531IMAG1116.JPG;1
\leporido\conejo_WellingtonCameraTraps_SS\151215160834024b7484.JPG;1
\zorro\zorro_PNM_2013-O_ISAAC\f27817IMAG0385.JPG;1
\leporido\rabbit_CaltechCameraTrap_ME\594cec38-23d2-11e8-a6a3-ec086b02610b.jpg;1
\vacia\vacias_1_de_2_PNC_2012_ISAAC\a42719IM000924.JPG;0
\vacia\NOANIMAL_ZOO_5_6_7_9\50_20210408 (26536).JPG;0
\vacia\NOANIMAL_ZOO_5_6_7_9\15_20210219 (3603) (2021_04_15 06_16_22 UTC).JPG;0
\ave\OTHERSPECIES_ZOO_1_4\21_20201025 (5548).JPG;1
\vacia\NOANIMAL_ZOO_1_4\34_20210115 (2520).JPG;0
\micromamiferos\rodent_CaltechCameraTrap_JC\Roedor_ rodent_CaltechCameraTrap_JC\58fd7ea7-23d2-11e8-a6a3-ec086b02610b.jpg;1
\zorro\ZORRO_PNM_2012_ISAAC\d14866IMAG0026.JPG;1
\lince\linces_fecha_Linces2_Leo_JC\3_Lince_flecha_Linces2_Leo_JC\Lince69 (21).JPG;1
\vacia\empty_IslandConservationCameraTraps\dominicanrepublic_cam1826julio2015_20150717_090941_img_2634.jpg;0
\vacia\empty_IslandConservationCameraTraps\dominicanrepublic_cam1826julio2015_20150624_133751_img_0126.jpg;0
\vacia\vacia_PNM_2013-O_ME\f27648IMAG0206.JPG;0
\vacia\NOANIMAL_ZOO_1_4\26_20201020 (10221).JPG;0
\vacia\NOANIMAL_ZOO_1_4\6_20201116 (6635).JPG;0
\zorro\zorro_PNC_2013-I_RED_ME\47IM000049.JPG;1
\vacia\NOANIMAL_ZOO_5_6_7_9\50_20210408 (10883).JPG;0
\micromamiferos\rat_IslandConservationCameraTraps\micronesia_cam14april2019_20190414_044952_rcnx0022.jpg;1
\vacia\vacio_Saul Martin_FRAMES_SIN_REPETIDOS_REVISADOS_DIEGO\IMAG0002_frame240.jpg;0
\humanovehiculo\car_CaltechCameraTrap_ME\vehiculo\5979bd58-23d2-11e8-a6a3-ec086b02610b.jpg;1
\cervidae\ciervo_PNC_2013-O_RED_ISAAC\b15823IM000068.JPG;1
\cervidae\cervidae_buscar_cab_isaac_sin_contar\2_20201215 (8051).JPG;1
\zorro\zorro_PNM_2013-I_ISAAC\e3473IM000012.JPG;1
\cervidae\CERVIDREDORFALLOWDEER_ZOO_1_4\15_20201117 (1691).JPG;1
\micromamiferos\rodent_CaltechCameraTrap_JC\Roedor_ rodent_CaltechCameraTrap_JC\59fc7f8f-23d2-11e8-a6a3-ec086b02610b.jpg;1
\caballo\caballos_javier_JC\35_20201218 (194).JPG;1
\vacia\SnampshotEnonkishu\ENO_S1_D06_R1_IMAG0793.JPG;0
\gato_domestico\cat_CaltechCameraTrap\59ef8c0b-23d2-11e8-a6a3-ec086b02610b.jpg;1
\leporido\rabbit_CaltechCameraTrap_ME\594b5fb5-23d2-11e8-a6a3-ec086b02610b.jpg;1
\micromamiferos\rat_IslandConservationCameraTraps\micronesia_cam03april2019_20190411_193357_rcnx0045.jpg;1
\vacia\NOANIMAL_ZOO_5_6_7_9\2_20210417 (3907).JPG;0
\vaca\COW_ZOO_5_6_7_9\39_20210417 (1878).JPG;1
\micromamiferos\rat_IslandConservationCameraTraps\micronesia_cam06_cam06june2019_pig_20190629213618_1163.jpg;1
\leporido\conejo_Paco_Carro_JC\PICT0155.JPG;1
\ave\OTHERSPECIES_ZOO_5_6_7_9\38_20210618 (890).JPG;1
\jabali\WILDBOAR_ZOO_1_4\28_20201019 (1411).JPG;1
\vacia\NOANIMAL_ZOO_5_6_7_9\49_20210418 (3319).JPG;0
\vacia\NOANIMAL_ZOO_1_4\34_20210115 (5627).JPG;0
\vacia\vacia_alumno_1_AM\6_20201023 (2503).JPG;0
\garduna\garduna_PNM_2012_ME\d4235IM000513.JPG;1
\gato_domestico\cat_CaltechCameraTrap\5a21769a-23d2-11e8-a6a3-ec086b02610b.jpg;1
\zorro\REDFOX_ZOO_1_4\32_20201218 (579).JPG;1
\vacia\empty_SnapshotMountainZebra\MTZ_S1_D06_R1_IMAG0247.JPG;0
\jabali\jabali_PNM_2013-O_ISAAC\f4880IM000202.JPG;1
\vacia\SnampshotEnonkishu\ENO_S1_D03_R1_IMAG2148.JPG;0
\leporido\rabbit_IslandConservationCameraTraps\chile_vaqueria2013_05022013170832.jpg;1
\cervidae\ciervo_PNC_2013-I_RED_ME\8847IM000085.JPG;1
\cervidae\CERVIDREDORFALLOWDEER_ZOO_5_6_7_9\28_20210615 (1222).JPG;1
\cervidae\ciervo_PNC_2013-O_RED_ISAAC\b16390IM000522.JPG;1
\mapache\raccoon_CaltechCameraTrap_ME\595adb33-23d2-11e8-a6a3-ec086b02610b.jpg;1
\zorro\Zorro_PNC_2014_JC\c2755IM000298.JPG;1
\vacia\empty_IslandConservationCameraTraps\dominicanrepublic_cam1725abril2015_20150406_120822_img_0136.jpg;0
\cervidae\CERVIDREDORFALLOWDEER_ZOO_1_4\21_20201119 (2938).JPG;1
\zorro\Zorro_Pepe_IREC\Zorro_Pepe_Irec_ME\IMAG0046_(4).JPG;1
\leporido\rabbit_CaltechCameraTrap_ME\58fbed92-23d2-11e8-a6a3-ec086b02610b.jpg;1
\zorro\Zorro_Pepe_IREC\Zorro_Pepe_Irec_ME\IMAG0148_(2).JPG;1
\cervidae\deer_CaltechCameraTrap\59edf1b5-23d2-11e8-a6a3-ec086b02610b.jpg;1
\cervidae\CERVIDREDORFALLOWDEER_ZOO_5_6_7_9\2_20210219 (1472) (2021_04_15 06_16_22 UTC).JPG;1
\zorro\zorro_PNC_2014_manuel\c29670IM000024.JPG;1
\vacia\empty_SnapshotMountainZebra\MTZ_S1_G04_R3_IMAG0951.JPG;0
\vacia\NOANIMAL_ZOO_1_4\43_20201217 (2322).JPG;0
\vacia\empty_IslandConservationCameraTraps\dominicanrepublic_cam0425abril2015_20130808_050941_sunp1266.jpg;0
\vaca\COW_ZOO_1_4\24_20201019 (1350).JPG;1
\vacia\vacia_Paco_Carro_JC\IMG_0307 (2).JPG;0
\ave\ave_ave_WellingtonCameraTraps_SS\080216074452023cs373.JPG;1
\jabali\3jabali_PNC_2013-O_RED_ISAAC\b4268IMAG0132.JPG;1
\jabali\WILDBOAR_ZOO_1_4\7_20201118 (1751).JPG;1
\vacia\NOANIMAL_ZOO_5_6_7_9\25_20210417 (3549).JPG;0
\vaca\COW_ZOO_5_6_7_9\21_20210615 (710).JPG;1
\zorro\Zorro_PNC_2014_JC\c25198IM000031.JPG;1
\micromamiferos\micromamifero_WellingtonCameraTraps_SS\030716033342038bs231.JPG;1
\meloncillo\Meloncillo_PEPE_IREC_JC\IMAG0339_(2).JPG;1
\jabali\Jabali_PNC_2012_JC\a30248IM000053.JPG;1
\vacia\vacia_alumno_1_AM\22_20201022 (544).JPG;0
\leporido\rabbit_CaltechCameraTrap_ME\586294a5-23d2-11e8-a6a3-ec086b02610b.jpg;1
\leporido\conejo_PNM_2012_ME\d4525IM000803.JPG;1
\vaca\COW_ZOO_5_6_7_9\21_20210418 (3386).JPG;1
\vaca\COW_ZOO_1_4\21_20210114 (73).JPG;1
\vacia\empty_caltechCameraTraps\5991032c-23d2-11e8-a6a3-ec086b02610b.jpg;0
\leporido\rabbit_IslandConservationCameraTraps\chile_frances012013_25122012184040.jpg;1
\humanovehiculo\humano_vehiculo_PNM_2013-O_ISAAC\f20524IM000022.JPG;1
\cervidae\ciervo_Javi_3_JC\21_20201025 (1678).JPG;1
\leporido\rabbit_IslandConservationCameraTraps\chile_frances012013_0901201340949.jpg;1
\cervidae\CERVIDREDORFALLOWDEER_ZOO_1_4\21_20201025 (1021).JPG;1
\zorro\zorro_alumno_2_2_TH\34_20201024 (6642).JPG;1
\leporido\rabbit_IslandConservationCameraTraps\chile_frances012013_2112201272445.jpg;1
\vacia\empty_IslandConservationCameraTraps\palau_cam09a12132018_20181027_120000_rcnx0821.jpg;0
\ave\bird_CaltechCameraTrap\5930fdf3-23d2-11e8-a6a3-ec086b02610b.jpg;1
\vacia\empty_SnapshotMountainZebra\MTZ_S1_E06_R1_IMAG1405.JPG;0
\tejon\Tejon_PEPE_IREC_JC\IMAG0036_(7).JPG;1
\cervidae\CERVIDREDORFALLOWDEER_ZOO_5_6_7_9\28_20210318 (15082).JPG;1
\zorro\Zorro_PNC_2014_JC\c2747IM000290.JPG;1
\zorro\Zorro_PNC_2013-O_ME\b16454IM000062.JPG;1
\cervidae\CERVIDREDORFALLOWDEER_ZOO_1_4\40_20201117 (2439).JPG;1
\caballo\caballos_alumno_AM\caballos_alumno_AM\2_20201215 (3411).JPG;1
\vacia\empty_IslandConservationCameraTraps\dominicanrepublic_cam0425abril2015_20130828_075113_sunp6873.jpg;0
\vacia\vacia_PNM_2013-O_ME\f6300IMAG0715.JPG;0
\leporido\rabbit_CaltechCameraTrap_ME\58a1cb34-23d2-11e8-a6a3-ec086b02610b.jpg;1
\jabali\WILDBOAR_ZOO_1_4\40_20201215 (2714).JPG;1
\zorro\Zorro_PNC_2014_JC\c21245IM000022.JPG;1
\meloncillo\Meloncillo_PEPE_IREC_JC\IMAG0154_(3).JPG;1
\vacia\NOANIMAL_ZOO_1_4\34_20210115 (1740).JPG;0
\cervidae\CERVIDREDORFALLOWDEER_ZOO_1_4\31_20201117 (154).JPG;1
\cervidae\CERVIDREDORFALLOWDEER_ZOO_5_6_7_9\2_20210219 (4661) (2021_04_15 06_16_22 UTC).JPG;1
\zorro\zorro_buscar_cab_isaac_sin_contar\9_20201118 (508).JPG;1
\vacia\empty_caltechCameraTraps\59dc2819-23d2-11e8-a6a3-ec086b02610b.jpg;0
\cervidae\ciervo_PNC_2014_ISAAC\c12433IMAG0184.JPG;1
\zorro\Zorro_Pepe_IREC\Zorro_Pepe_Irec_ME\CA_50-03.22-04_52.JPG;1
\vacia\NOANIMAL_ZOO_5_6_7_9\28_20210615 (4682).JPG;0
\vaca\COW_ZOO_5_6_7_9\21_20210418 (1817).JPG;1
\vacia\NOANIMAL_ZOO_5_6_7_9\11_20210418 (1102).JPG;0
\vacia\vacia_alumno_2_AM\Cerela (4)_frame300.jpg;0
\vacia\vacia_javi_2_JC\27_20201023 (7079).JPG;0
\caballo\HORSE_ZOO_1_4\15_20201117 (3945).JPG;1
\vacia\NOANIMAL_ZOO_5_6_7_9\25_20210219 (2484) (2021_04_15 06_16_22 UTC).JPG;0
\ave\OTHERSPECIES_ZOO_5_6_7_9\38_20210618 (1691).JPG;1
\mapache\raccoon_CaltechCameraTrap_ME\59e77d2c-23d2-11e8-a6a3-ec086b02610b.jpg;1
\humanovehiculo\humanovehiculo_PNC_2014_manuel\c13747IMAG0214.JPG;1
\leporido\rabbit_IslandConservationCameraTraps\chile_frances012013_0801201354348.jpg;1
\vacia\NOANIMAL_ZOO_1_4\6_20201812 (10559).JPG;0
\vacia\NOANIMAL_ZOO_1_4\28_20201218 (15812).JPG;0
\vacia\NOANIMAL_ZOO_1_4\7_20210115 (2453).JPG;0
\zorro\fox_CaltechCameraTrap_ME\58d47cab-23d2-11e8-a6a3-ec086b02610b.jpg;1
\vacia\NOANIMAL_ZOO_1_4\34_20210115 (5710).JPG;0
\vacia\vacias_PNC_2014_manuel\c20742IM000697.JPG;0
\vacia\empty_IslandConservationCameraTraps\dominicanrepublic_cam1226junio2015_20150526_095831_img_0417.jpg;0
\jabali\WILDBOAR_ZOO_5_6_7_9\1_20210219 (520) (2021_04_15 06_16_22 UTC).JPG;1
\gato_domestico\cat_IslandConservationCameraTraps\puertorico_18_20150331_174308_img_0407.jpg;1
\zorro\Zorro_Pepe_IREC\Zorro_Pepe_Irec_ME\IMAG0118_(2).JPG;1
\vacia\vacias_1_de_2_PNC_2012_ISAAC\a38871IMAG0627.JPG;0
\gato_domestico\cat_IslandConservationCameraTraps\puertorico_18_20150215_072759_img_0294.jpg;1
\jabali\WILDBOAR_ZOO_5_6_7_9\35_20210418 (465).JPG;1
\ave\ave_Soraya_Padilla_Alumno_1_TH\STC_0060_frame140.jpg;1
\humanovehiculo\Vehicle_ena24\2830.jpg;1
\vacia\NOANIMAL_ZOO_5_6_7_9\41_20210218 (234) (2021_04_15 06_16_22 UTC).JPG;0
\leporido\rabbit_CaltechCameraTrap_ME\5906f01b-23d2-11e8-a6a3-ec086b02610b.jpg;1
\vacia\SnampshotEnonkishu\ENO_S1_D06_R1_IMAG1774.JPG;0
\cervidae\deer_CaltechCameraTrap\5a1fe5ef-23d2-11e8-a6a3-ec086b02610b.jpg;1
\gato_domestico\cat_CaltechCameraTrap\596a4cdb-23d2-11e8-a6a3-ec086b02610b.jpg;1
\vacia\vacia_Paco_Carro_JC\IMG_0309.JPG;0
\humanovehiculo\humanovehiculo_PNC_2014_manuel\c12455IMAG0206.JPG;1
\gato_domestico\cat_CaltechCameraTrap\5906f2cb-23d2-11e8-a6a3-ec086b02610b.jpg;1
\mapache\raccoon_CaltechCameraTrap_ME\58ddd4e9-23d2-11e8-a6a3-ec086b02610b.jpg;1
\cervidae\CERVIDREDORFALLOWDEER_ZOO_5_6_7_9\28_20210318 (16166).JPG;1
\leporido\rabbit_CaltechCameraTrap_ME\59fc7d94-23d2-11e8-a6a3-ec086b02610b.jpg;1
\vacia\vacias_1_de_2_PNC_2012_ISAAC\a43741IM000567.JPG;0
\vacia\NOANIMAL_ZOO_5_6_7_9\50_20210417 (20179).JPG;0
\zorro\Red fox_mammalWeb\38131.jpg;1
\caballo\HORSE_ZOO_1_4\10_20201117 (5496).JPG;1
\ave\white-winged_dove_IslandConservationCameraTraps\dominicanrepublic_cam1625septiembre2015_20150831_064830_img_0008.jpg;1
\gineta\gineta_vacías_humanos_PNC_2012_ME\a3678IM000046.JPG;1
\vacia\NOANIMAL_ZOO_1_4\7_20210115 (1656).JPG;0
\vacia\NOANIMAL_ZOO_1_4\15_20210117 (11058).JPG;0
\zorro\zorro_PNM_2013-O_ME\f9098IM000241.JPG;1
\leporido\rabbit_CaltechCameraTrap_ME\59cb3708-23d2-11e8-a6a3-ec086b02610b.jpg;1
\cervidae\ciervo_PNC_2013-I_RED_ME\7664IM000239.JPG;1
\leporido\conejo_PNC_2014_manuel\c8594IM000056.JPG;1
\vacia\NOANIMAL_ZOO_1_4\26_20201117 (2867).JPG;0
\vacia\empty_caltechCameraTraps\59b12ed7-23d2-11e8-a6a3-ec086b02610b.jpg;0
\gato_domestico\gato_WellingtonCameraTraps_SS\290716164806019bs193.JPG;1
\humanovehiculo\humanovehiculo_PNC_2014_manuel\c946IM000060.JPG;1
\vacia\empty_SnapshotMountainZebra\MTZ_S1_G04_R3_IMAG2598.JPG;0
\lince\Lince_b_Linces2_Leo_JC\lince142 (1).JPG;1
\lince\Lince_b_Linces2_Leo_JC\lince150 (82).JPG;1
\vacia\empty_IslandConservationCameraTraps\dominicanrepublic_cam0425abril2015_20130809_045457_sunp1762.jpg;0
\leporido\liebre\Liebre_PNC_2014_JC\c16637IM000244.JPG;1
\ave\ave_PNC_2013-O_RED_ME\b11727IMAG0156.JPG;1
\vacia\NOANIMAL_ZOO_5_6_7_9\24_20210318 (6053).JPG;0
\cervidae\deer_CaltechCameraTrap\59c8063e-23d2-11e8-a6a3-ec086b02610b.jpg;1
\zorro\REDFOX_ZOO_5_6_7_9\19_20210319 (264).JPG;1
\vacia\empty_SnapshotKaroo\KAR_S1_F02_R1_IMAG0815.JPG;0
\micromamiferos\rat_IslandConservationCameraTraps\micronesia_cam02april2019_20190411_233306_rcnx0023.jpg;1
\vacia\NOANIMAL_ZOO_1_4\7_20210115 (1810).JPG;0
\cervidae\CERVIDREDORFALLOWDEER_ZOO_1_4\21_20201025 (138).JPG;1
\micromamiferos\Small rodent_mammalWeb\21265.jpg;1
\vacia\empty_IslandConservationCameraTraps\micronesia_cam16april2019_20190415_113003_rcnx0500.jpg;0
\caballo\caballos_alumno_AM\caballos_alumno_AM\2_20201215 (5846).JPG;1
\jabali\jabali_javi_JC\28_20201019 (1449).JPG;1
\vacia\NOANIMAL_ZOO_1_4\6_20201812 (13036).JPG;0
\vacia\vacia_buscar_cab_isaac_sin_contar\9_20201118 (911).JPG;0
\leporido\conejo_leo_donana\0001081.JPG;1
\vaca\COW_ZOO_5_6_7_9\21_20210418 (1791).JPG;1
\humanovehiculo\humanovehiculo_vacías_humanos_PNC_2012_ME\a3629IM000061.JPG;1
\vacia\vacia_alumno_2_AM_JC\adulto de día_frame210.jpg;0
\vacia\empty_SnapshotMountainZebra\MTZ_S1_D06_R1_IMAG0288.JPG;0
\humanovehiculo\HUMANORVEHICLE_ZOO_5_6_7_9\50_20210408 (2).JPG;1
\vacia\empty_IslandConservationCameraTraps\dominicanrepublic_cam0526julio2015_20150712_123855_sunp2635.jpg;0
\vacia\empty_caltechCameraTraps\598306cc-23d2-11e8-a6a3-ec086b02610b.jpg;0
\jabali\jabali_javi_JC\29_20201023 (825).JPG;1
\vacia\NOANIMAL_ZOO_5_6_7_9\50_20210408 (23596).JPG;0
\vacia\NOANIMAL_ZOO_5_6_7_9\20_20210219 (138) (2021_04_15 06_16_22 UTC).JPG;0
\garduna\garduna_PNM_2012_ME\d3114IM000085.JPG;1
\jabali\WILDBOAR_ZOO_1_4\37_20201116 (2558).JPG;1
\vacia\NOANIMAL_ZOO_5_6_7_9\24_20210418 (8298).JPG;0
\vacia\vacia_Paco_Carro_JC\01130229.JPG;0
\vacia\empty_IslandConservationCameraTraps\dominicanrepublic_cam1226junio2015_20150315_074437_img_0061.jpg;0
\cervidae\CERVIDREDORFALLOWDEER_ZOO_1_4\21_20201025 (4652).JPG;1
\jabali\WILDBOAR_ZOO_1_4\37_20201116 (12602).JPG;1
\zorro\zorro_PNC_2014_manuel\c6407IM000050.JPG;1
\ave\ave_vacías_humanos_PNC_2012_ME\a19106IM000233.JPG;1
\jabali\WILDBOAR_ZOO_5_6_7_9\11_20210218 (129) (2021_04_15 06_16_22 UTC).JPG;1
\leporido\Lagomorpha_ME_rev_2_donana\15_20201024 (2446).JPG;1
\jabali\WILDBOAR_ZOO_1_4\37_20201116 (11895).JPG;1
\gato_domestico\cat_IslandConservationCameraTraps\palau_cam6a12132018_20180829_012508_rcnx0303.jpg;1
\vacia\NOANIMAL_ZOO_1_4\6_20201812 (8499).JPG;0
\cervidae\CERVIDREDORFALLOWDEER_ZOO_1_4\1_20210115 (203).JPG;1
\humanovehiculo\car_CaltechCameraTrap_ME\vehiculo\58a020a0-23d2-11e8-a6a3-ec086b02610b.jpg;1
\ave\Perdiz_PNC_2012_JC\a19618IM000280.JPG;1
\garduna\garduna_PNC_2013-I_RED_ME\7583IM000153.JPG;1
\cervidae\ciervo_Paco_Carro_JC\MDGC0326.JPG;1
\vaca\Vaca1_diego_1_rev_donana\24_20201019 (1411).JPG;1
\cervidae\deer_CaltechCameraTrap\585c0468-23d2-11e8-a6a3-ec086b02610b.jpg;1
\ave\OTHERSPECIES_ZOO_5_6_7_9\17_20210418 (810).JPG;1
\zorro\zorro_PNM_2013-O_ISAAC\f9915IM000190.JPG;1
\vacia\empty_caltechCameraTraps\5949d0ff-23d2-11e8-a6a3-ec086b02610b.jpg;0
\vacia\empty_SnapshotMountainZebra\MTZ_S1_C06_R3_IMAG0323.JPG;0
\cervidae\CERVIDREDORFALLOWDEER_ZOO_1_4\3_20210128 (274).JPG;1
\vacia\empty_SnapshotMountainZebra\MTZ_S1_D06_R1_IMAG1235.JPG;0
\vacia\NOANIMAL_ZOO_1_4\26_20201020 (3970).JPG;0
\zorro\zorro_PNC_2013-O_RED_ISAAC\b8704IMAG0098.JPG;1
\vacia\NOANIMAL_ZOO_5_6_7_9\50_20210408 (7160).JPG;0
\micromamiferos\rat_IslandConservationCameraTraps\palau_cam10a12122018_20181129_084919_rcnx1177.jpg;1
\vaca\COW_ZOO_1_4\21_20201119 (2077).JPG;1
\humanovehiculo\car_CaltechCameraTrap_ME\vehiculo\59328ce1-23d2-11e8-a6a3-ec086b02610b.jpg;1
\cervidae\deer_CaltechCameraTrap\59f127f9-23d2-11e8-a6a3-ec086b02610b.jpg;1
\vaca\COW_ZOO_1_4\21_20201217 (1510).JPG;1
\vacia\NOANIMAL_ZOO_5_6_7_9\20_20210319 (6059).JPG;0
\zorro\Zorro_PNC_2014_JC\c25694IM000032.JPG;1
\cervidae\CERVIDREDORFALLOWDEER_ZOO_1_4\21_20201025 (3061).JPG;1
\cervidae\CERVIDREDORFALLOWDEER_ZOO_1_4\15_20201117 (8651).JPG;1
\cervidae\corzo_alumno_2_AM_JC\STC_0009_frame000.jpg;1
\cervidae\CERVIDREDORFALLOWDEER_ZOO_5_6_7_9\28_20210615 (1421).JPG;1
\ave\ave_PNM_2013-O_ISAAC\f27270IMAG0265.JPG;1
\vacia\NOANIMAL_ZOO_1_4\40_20201117 (467).JPG;0
\vacia\empty_IslandConservationCameraTraps\dominicanrepublic_cam0425abril2015_20130826_001601_sunp5931.jpg;0
\vacia\empty_IslandConservationCameraTraps\dominicanrepublic_cam1826junio2015_20150505_082751_img_1532.jpg;0
\leporido\conejo_PNC_2014_manuel\c23880IMAG0210.JPG;1
\cervidae\3_ciervo_alumno_2_TH\34_20201024 (2318).JPG;1
\jabali\WILDBOAR_ZOO_1_4\23_20201024 (64).JPG;1
\humanovehiculo\humanovehiculo_vacías_humanos_PNC_2012_ME\a23071IM000003.JPG;1
\caballo\HORSE_ZOO_1_4\2_20201117 (4620).JPG;1
\ave\bird_CaltechCameraTrap\5a0fd09c-23d2-11e8-a6a3-ec086b02610b.jpg;1
\vaca\COW_ZOO_1_4\21_20201217 (1661).JPG;1
\zorro\zorro_PNC_2013-I_ME\1251IMAG0075.JPG;1
\jabali\WILDBOAR_ZOO_5_6_7_9\20_20210219 (3503) (2021_04_15 06_16_22 UTC).JPG;1
\vacia\NOANIMAL_ZOO_5_6_7_9\50_20210408 (22830).JPG;0
\lince\linces_fecha_Linces2_Leo_JC\2_Lince_flecha_Linces2_Leo_JC\Lince57 (15).jpg;1
\vacia\NOANIMAL_ZOO_1_4\17_20210114 (1640).JPG;0
\vacia\empty_SnapshotMountainZebra\MTZ_S1_D06_R1_IMAG0740.JPG;0
\vacia\empty_SnapshotMountainZebra\MTZ_S1_F04_R3_IMAG3725.JPG;0
\vacia\empty_SnapshotMountainZebra\MTZ_S1_G04_R3_IMAG1876.JPG;0
\ave\bird_CaltechCameraTrap\5a197c63-23d2-11e8-a6a3-ec086b02610b.jpg;1
\gato_domestico\gato_WellingtonCameraTraps_SS\2603152231100519L021.JPG;1
\cervidae\corzo_alumno_2_AM_JC\STC_0067_frame200.jpg;1
\cervidae\CERVIDREDORFALLOWDEER_ZOO_1_4\8_20210115 (112).JPG;1
\cervidae\ciervo_PNC_2013-I_RED_ME\9805IM000121.JPG;1
\vaca\cow_CaltechCameraTrap\58678d12-23d2-11e8-a6a3-ec086b02610b.jpg;1
\lince\Lince_a_Linces2_Leo_JC\lince76 (10).JPG;1
\gineta\GINETA_PNM_2013-I_ISAAC\e418IM000019.JPG;1
\vacia\NOANIMAL_ZOO_5_6_7_9\25_20210319 (8303).JPG;0
\vacia\vacia_Paco_Carro_JC\IMG_0142.JPG;0
\ave\bustardludwigs_SnapshotKaroo\KAR_S1_E02_R1_IMAG6637.JPG;1
\ave\4_ave_Soraya_Padilla_Alumno_1_TH\DSCF0094_frame120.jpg;1
\vacia\NOANIMAL_ZOO_1_4\34_20210115 (7801).JPG;0
\vacia\NOANIMAL_ZOO_1_4\25_20201218 (5916).JPG;0
\vaca\COW_ZOO_5_6_7_9\21_20200113 (712) (2021_04_15 06_16_22 UTC).JPG;1
\meloncillo\Meloncillo_PEPE_IREC_JC\IMAG0228_(3).JPG;1
\vaca\cow_CaltechCameraTrap\591998d2-23d2-11e8-a6a3-ec086b02610b.jpg;1
\leporido\liebre\Liebre_PNC_2014_JC\c30376IM000010.JPG;1
\lince\Lince_b_Linces2_Leo_JC\lince184 (9).JPG;1
\humanovehiculo\HUMANORVEHICLE_ZOO_5_6_7_9\20_20210319 (7).JPG;1
\vacia\empty_SnapshotMountainZebra\MTZ_S1_G04_R3_IMAG2890.JPG;0
\cervidae\CERVIDREDORFALLOWDEER_ZOO_1_4\21_20201025 (4497).JPG;1
\lince\Lince_b_Linces2_Leo_JC\lince187 (60).JPG;1
\cervidae\CERVIDREDORFALLOWDEER_ZOO_5_6_7_9\2_20210319 (5787).JPG;1
\vacia\NOANIMAL_ZOO_1_4\10_20201117 (2606).JPG;0
\vacia\NOANIMAL_ZOO_5_6_7_9\18_20210417 (9832).JPG;0
\leporido\conejo_Paco_Carro_JC\PICT0851 (2).JPG;1
\ave\ave_ave_WellingtonCameraTraps_SS\010216132954003a9703.JPG;1
\jabali\WILDBOAR_ZOO_1_4\29_20201023 (390).JPG;1
\humanovehiculo\humano_vehiculo_PNM_2012_ISAAC\d16228IM000006.JPG;1
\vacia\empty_IslandConservationCameraTraps\dominicanrepublic_cam0527septiembre2015_20130729_102320_sunp0086.jpg;0
\caballo\HORSE_ZOO_5_6_7_9\2_20210219 (578) (2021_04_15 06_16_22 UTC).JPG;1
\perro\perro_WellingtonCameraTraps_SS\271016165328011b3101.JPG;1
\vacia\NOANIMAL_ZOO_1_4\6_20201812 (12652).JPG;0
\cervidae\ciervo_PNC_2014_ISAAC\c16238IM000225.JPG;1
\vacia\empty_IslandConservationCameraTraps\dominicanrepublic_cam2015abril2015_20150315_140000_img_0092.jpg;0
\leporido\Rabbit_mammalWeb\10362.jpg;1
\vacia\empty_IslandConservationCameraTraps\dominicanrepublic_cam0527septiembre2015_20130805_092941_sunp0403.jpg;0
\vaca\COW_ZOO_5_6_7_9\9_20210615 (2231).JPG;1
\vacia\vacia_alumno_2_AM_JC\DSCF0126_frame153.jpg;0
\cervidae\ciervo_PNC_2014_ISAAC\c23647IM000096.JPG;1
\vaca\COW_ZOO_1_4\24_20201019 (1361).JPG;1
\gineta\gineta_Soraya_Padilla_Alumno_1_TH\STC_0287_frame120.jpg;1
\cervidae\ciervo_Javi_3_JC\15_20201024 (2591).JPG;1
\vacia\vacias_PNC_2014_ISAAC\c12951IMAG0490.JPG;0
\jabali\WILDBOAR_ZOO_1_4\7_20201025 (356).JPG;1
\humanovehiculo\humanovehiculo_PNC_2014_manuel\c27368IM000158.JPG;1
\vacia\vacia_ave_WellingtonCameraTraps_SS\021016181648012bs191.JPG;0
\vacia\vacia_Soraya_Padilla_Alumno_1_TH\DSCF0005_frame100.jpg;0
\vaca\COW_ZOO_5_6_7_9\2_20210319 (7791).JPG;1
\vaca\COW_ZOO_1_4\21_20201217 (1775).JPG;1
\leporido\2_conejo_Paco_Carro_JC\PICT1256.JPG;1
\cervidae\Ciervo_PNC_2014_JC\c21892IM000060.JPG;1
\vacia\empty_SnapshotMountainZebra\MTZ_S1_E06_R3_IMAG0848.JPG;0
\micromamiferos\micromamiferos_Paco_Carro_JC\IMG_0015.JPG;1
\vacia\empty_caltechCameraTraps\59fc7ff7-23d2-11e8-a6a3-ec086b02610b.jpg;0
\zorro\zorro_PNC_2014_manuel\c27299IM000072.JPG;1
\gato_domestico\gato_WellingtonCameraTraps_SS\250316005104043cs371.JPG;1
\caballo\HORSE_ZOO_5_6_7_9\46_20210618 (381).JPG;1
\vacia\empty_IslandConservationCameraTraps\dominicanrepublic_cam0425abril2015_20130809_021910_sunp1389.jpg;0
\micromamiferos\rat_IslandConservationCameraTraps\micronesia_cam06_cam06june2019_pig_20190629193819_11105.jpg;1
\vacia\vacia_Paco_Carro_JC\01130090.JPG;0
\cervidae\CERVIDREDORFALLOWDEER_ZOO_5_6_7_9\22_20210219 (149) (2021_04_15 06_16_22 UTC).JPG;1
\lince\Lince_b_Linces2_Leo_JC\lince224 (189).jpg;1
\caballo\HORSE_ZOO_5_6_7_9\46_20210618 (1322).JPG;1
\vacia\NOANIMAL_ZOO_1_4\26_20201020 (12399).JPG;0
\vacia\vacia_PNM_2013-O_ME\f13203IMAG0229.JPG;0
\ave\raven_IslandConservationCameraTraps\dominicanrepublic_cam0515febrero2016_20160203_200145_sunp0022.jpg;1
\humanovehiculo\humanovehiculo_PNC_2014_manuel\c27753IM000002.JPG;1
\vacia\NOANIMAL_ZOO_5_6_7_9\32_20210417 (4373).JPG;0
\jabali\WILDBOAR_ZOO_1_4\32_20201218 (7).JPG;1
\ave\aves_fotosManuelEmilio20200912\IMG_0343.JPG;1
\vacia\NOANIMAL_ZOO_1_4\37_20210115 (730).JPG;0
\cervidae\ciervo_Javi_3_JC\21_20201025 (2280).JPG;1
\lince\linces_fecha_Linces2_Leo_JC\3_Lince_flecha_Linces2_Leo_JC\lince185 (60).JPG;1
\cervidae\cervidae_PNC_2014_manuel\c27348IM000138.JPG;1
\vacia\NOANIMAL_ZOO_5_6_7_9\25_20210417 (1715).JPG;0
\micromamiferos\micromamiferos_fotosManuelEmilio20200912\IMG_0683.JPG;1
\cervidae\CERVIDREDORFALLOWDEER_ZOO_1_4\15_20210117 (483).JPG;1
\humanovehiculo\humano_vehiculo_PNM_2013-O_ISAAC\f28419IMAG0002.JPG;1
\cervidae\deer_CaltechCameraTrap\591049b6-23d2-11e8-a6a3-ec086b02610b.jpg;1
\vacia\empty_IslandConservationCameraTraps\dominicanrepublic_cam0425abril2015_20130809_044629_sunp1711.jpg;0
\cervidae\CERVIDREDORFALLOWDEER_ZOO_5_6_7_9\35_20210218 (1590) (2021_04_15 06_16_22 UTC).JPG;1
\vacia\NOANIMAL_ZOO_5_6_7_9\49_20210418 (2938).JPG;0
\leporido\LEPORIDRABBITORHARE_ZOO_1_4\2_20201215 (8623).JPG;1
\humanovehiculo\car_CaltechCameraTrap_ME\vehiculo\586e30db-23d2-11e8-a6a3-ec086b02610b.jpg;1
\vaca\COW_ZOO_1_4\15_20201117 (1287).JPG;1
\vacia\NOANIMAL_ZOO_1_4\26_20201020 (4316).JPG;0
\cervidae\Ciervo_PNC_2013-O_ME\b6807FILE0104.JPG;1
\lince\Lince_a_Linces2_Leo_JC\lince94 (228).JPG;1
\vaca\COW_ZOO_5_6_7_9\21_20210418 (1139).JPG;1
\vacia\NOANIMAL_ZOO_1_4\26_20201020 (17390).JPG;0
\jabali\WILDBOAR_ZOO_5_6_7_9\20_20210219 (2899) (2021_04_15 06_16_22 UTC).JPG;1
\cervidae\ciervo_PNM_2012_ME\d10501IM000566.JPG;1
\vacia\empty_SnapshotMountainZebra\MTZ_S1_E06_R3_IMAG0264.JPG;0
\jabali\2_jabali_revGinetasJC_REV1_4_donana\37_20201116 (556).JPG;1
\leporido\rabbit_IslandConservationCameraTraps\chile_piedra012013_0705201301353.jpg;1
\vacia\empty_IslandConservationCameraTraps\dominicanrepublic_cam0425abril2015_20130815_044328_sunp2531.jpg;0
\zorro\fox_CaltechCameraTrap_ME\5a27d8cd-23d2-11e8-a6a3-ec086b02610b.jpg;1
\caballo\HORSE_ZOO_1_4\15_20201117 (3379).JPG;1
\vacia\NOANIMAL_ZOO_1_4\6_20201812 (10334).JPG;0
\micromamiferos\micromamifero_WellingtonCameraTraps_SS\271215014012030bs103.JPG;1
\cervidae\CERVIDREDORFALLOWDEER_ZOO_5_6_7_9\2_20210219 (2268) (2021_04_15 06_16_22 UTC).JPG;1
\cervidae\CERVIDREDORFALLOWDEER_ZOO_5_6_7_9\21_20210418 (2785).JPG;1
\ave\ave_ave_WellingtonCameraTraps_SS\090816085200037a2393.JPG;1
\vacia\NOANIMAL_ZOO_5_6_7_9\50_20210417 (23732).JPG;0
\vacia\empty_IslandConservationCameraTraps\dominicanrepublic_cam0725abril2015a_20130813_074257_sunp5181.jpg;0
\vacia\NOANIMAL_ZOO_1_4\25_20210115 (1453).JPG;0
\vacia\empty_SnapshotCamdeboo\CDB_S1_E03_R1_IMAG0092.JPG;0
\jabali\jabali_javi_JC\7_20201025 (104).JPG;1
\jabali\WILDBOAR_ZOO_1_4\11_20210114 (977).JPG;1
\humanovehiculo\humanovehiculo_vacías_humanos_PNC_2012_ME\a52669IM000034.JPG;1
\jabali\WILDBOAR_ZOO_1_4\20_20210115 (221).JPG;1
\vacia\vacia_PNM_2013-O_ME\f19608IM000491.JPG;0
\cervidae\CERVIDREDORFALLOWDEER_ZOO_1_4\2_20201117 (718).JPG;1
\vacia\vacia_Paco_Carro_JC\IMG_1866.JPG;0
\vacia\empty_caltechCameraTraps\59dc25af-23d2-11e8-a6a3-ec086b02610b.jpg;0
\ave\ave_ave_WellingtonCameraTraps_SS\130416104948018b2542.JPG;1
\vaca\COW_ZOO_5_6_7_9\21_20210418 (3943).JPG;1
\leporido\conejo_Paco_Carro_JC\PICT0087 (2).JPG;1
\cervidae\CERVIDREDORFALLOWDEER_ZOO_1_4\2_20201215 (7608).JPG;1
\cervidae\ciervo_PNM_2013-O_ISAAC\f29380IMAG0957.JPG;1
\vaca\Vaca1_diego_1_rev_donana\15_20201024 (3038).JPG;1
\vacia\empty_SnapshotMountainZebra\MTZ_S1_D07_R1_IMAG2386.JPG;0
\vacia\empty_caltechCameraTraps\59ffbbd1-23d2-11e8-a6a3-ec086b02610b.jpg;0
\vaca\COW_ZOO_1_4\6_20201116 (1003).JPG;1
\zorro\Zorro_PNC_2014_JC\c25907IM000122.JPG;1
\caballo\caballos_alumno_AM\caballos_alumno_AM\2_20201215 (5209).JPG;1
\cervidae\CERVIDREDORFALLOWDEER_ZOO_1_4\35_20201218 (1718).JPG;1
\caballo\HORSE_ZOO_5_6_7_9\15_20210219 (7380) (2021_04_15 06_16_22 UTC).JPG;1
\jabali\WILDBOAR_ZOO_1_4\29_20201023 (180).JPG;1
\lince\Lince_b_Linces2_Leo_JC\lince133 (66).JPG;1
\cervidae\deer_CaltechCameraTrap\595adac9-23d2-11e8-a6a3-ec086b02610b.jpg;1
\caballo\HORSE_ZOO_1_4\2_20201117 (5162).JPG;1
\cervidae\gamo_Javi_3_JC\9_20201025 (862).JPG;1
\vacia\empty_SnapshotKaroo\KAR_S1_C03_R1_IMAG1017.JPG;0
\vaca\COW_ZOO_1_4\4_20210117 (2331).JPG;1
\vacia\NOANIMAL_ZOO_5_6_7_9\20_20210319 (1552).JPG;0
\vacia\empty_IslandConservationCameraTraps\palau_cam04a12132018_20180913_120000_rcnx1006.jpg;0
\lince\Lince_a_Linces2_Leo_JC\lince120 (160).JPG;1
\vacia\vacia_Paco_Carro_JC\01130521 (2).JPG;0
\caballo\caballos_javier_JC\2_20201117 (432).JPG;1
\cervidae\CERVIDREDORFALLOWDEER_ZOO_1_4\21_20201025 (76).JPG;1
\vaca\COW_ZOO_5_6_7_9\9_20210615 (1428).JPG;1
\caballo\HORSE_ZOO_5_6_7_9\15_20210219 (1491) (2021_04_15 06_16_22 UTC).JPG;1
\vacia\NOANIMAL_ZOO_5_6_7_9\32_20210615 (11863).JPG;0
\humanovehiculo\humanovehiculo_vacías_humanos_PNC_2012_ME\a17590IM000095.JPG;1
\micromamiferos\micromamifero_WellingtonCameraTraps_SS\080416010650014as536.JPG;1
\vacia\NOANIMAL_ZOO_5_6_7_9\2_20210417 (17768).JPG;0
\cervidae\ciervo_simone_2\37_20201024 (1483).JPG;1
\leporido\rabbit_IslandConservationCameraTraps\chile_frances022013_20052013132500.jpg;1
\vacia\NOANIMAL_ZOO_5_6_7_9\5_20210417 (4276).JPG;0
\leporido\rabbit_IslandConservationCameraTraps\chile_frances012013_15012013164215.jpg;1
\cervidae\ciervo_PNC_2013-I_RED_ME\6012IM000108.JPG;1
\vacia\NOANIMAL_ZOO_5_6_7_9\2_20210417 (19514).JPG;0
\vacia\Nothing_mammalWeb\18551.jpg;0
\vacia\NOANIMAL_ZOO_5_6_7_9\50_20210417 (19690).JPG;0
\jabali\jabali_PNM_2012_ME\d2955IM000027.JPG;1
\zorro\zorro_PNM_2012_ISAAC\d4170IM000444.JPG;1
\ave\ave_Paco_Carro_JC\IMG_0018.JPG;1
\cervidae\CERVIDREDORFALLOWDEER_ZOO_5_6_7_9\18_20210417 (552).JPG;1
\cervidae\CERVIDREDORFALLOWDEER_ZOO_1_4\28_20201019 (291).JPG;1
\zorro\fox_CaltechCameraTrap_ME\59b93907-23d2-11e8-a6a3-ec086b02610b.jpg;1
\ave\bird_CaltechCameraTrap\587d40c9-23d2-11e8-a6a3-ec086b02610b.jpg;1
\vacia\empty_IslandConservationCameraTraps\dominicanrepublic_cam2927abril2016_20160423_122032_img_0060.jpg;0
\vacia\NOANIMAL_ZOO_5_6_7_9\21_20200113 (1320) (2021_04_15 06_16_22 UTC).JPG;0
\jabali\jabali_Leo_Otra_fauna_PASADA_POR_LA_RED_JC\Otrafauna (1004).JPG;1
\gato_domestico\gato_WellingtonCameraTraps_SS\2204151922180237S063.JPG;1
\micromamiferos\micromamifero_WellingtonCameraTraps_SS\110716010848038bs233.JPG;1
\caballo\HORSE_ZOO_1_4\15_20210117 (12867).JPG;1
\zorro\zorro_PNM_2013-I_ME\e268IM000048.JPG;1
\cervidae\ciervo_PNM_2013-I_ISAAC\e40IMAG0031.JPG;1
\zorro\zorro_PNC_2013-I_RED_ME\3163IMAG0070.JPG;1
\ave\ave_Paco_Carro_JC\IMG_0148.JPG;1
\vacia\NOANIMAL_ZOO_5_6_7_9\49_20210418 (208).JPG;0
\vacia\vacias_PNC_2014_ISAAC\c10280IM000013.JPG;0
\vacia\empty_IslandConservationCameraTraps\micronesia_cam16april2019_20190413_080000_rcnx0296.jpg;0
\humanovehiculo\HUMANORVEHICLE_ZOO_1_4\28_20201019 (9).JPG;1
\vacia\NOANIMAL_ZOO_1_4\6_20201116 (927).JPG;0
\vacia\NOANIMAL_ZOO_1_4\26_20201020 (1198).JPG;0
\zorro\ZORRO_PNM_2013-I_ISAAC\e2411IM000272.JPG;1
\vacia\Vacia_Paco_Carro_camarasliron_4_2_PASADAS_POR_LA_RED_JC\MDGC0511.JPG;0
\vacia\empty_IslandConservationCameraTraps\puertorico_29_20150204_180843_img_0791.jpg;0
\vacia\NOANIMAL_ZOO_1_4\6_20201812 (12111).JPG;0
\vacia\Nothing_mammalWeb\18548.jpg;0
\cervidae\ciervo_simone_2\34_20201024 (5963).JPG;1
\vacia\empty_IslandConservationCameraTraps\dominicanrepublic_cam0425abril2015_20130824_043601_sunp5152.jpg;0
\vacia\empty_IslandConservationCameraTraps\dominicanrepublic_cam3317mayo2017_20170501_153104_img_1086.jpg;0
\ave\Zorzal_PNC_2013-O_ME\b4702IMAG0591.JPG;1
\zorro\zorro_PNM_2013-O_ISAAC\f1892IM000085.JPG;1
\micromamiferos\micromamiferos_fotosManuelEmilio20200912\IMG_1153_x1.JPG;1
\ave\ave_Soraya_Padilla_Alumno_1_TH\STC_0227_frame000.jpg;1
\leporido\rabbit_IslandConservationCameraTraps\chile_piedra012013_1404201383509.jpg;1
\vacia\NOANIMAL_ZOO_5_6_7_9\2_20210417 (18204).JPG;0
\zorro\Zorro_PNC_2014_JC\c23193IM000018.JPG;1
\jabali\WILDBOAR_ZOO_1_4\7_20201118 (805).JPG;1
\vacia\empty_IslandConservationCameraTraps\dominicanrepublic_cam0425abril2015_20130815_044536_sunp2540.jpg;0
\vacia\NOANIMAL_ZOO_1_4\37_20201116 (9621).JPG;0
\jabali\WILDBOAR_ZOO_1_4\7_20201118 (528).JPG;1
\cervidae\deer_CaltechCameraTrap\59f12a1e-23d2-11e8-a6a3-ec086b02610b.jpg;1
\cervidae\Cervidae1___diego_1_rev_donana\34_20201024 (4421).JPG;1
\ave\OTHERSPECIES_ZOO_5_6_7_9\38_20210618 (957).JPG;1
\vacia\NOANIMAL_ZOO_1_4\34_20210115 (2177).JPG;0
\vacia\NOANIMAL_ZOO_5_6_7_9\2_20210417 (21189).JPG;0
\cervidae\CERVIDREDORFALLOWDEER_ZOO_5_6_7_9\18_20210417 (34).JPG;1
\perro\Domestic dog_mammalWeb\71712.jpg;1
\ave\Mirlo_PNM_2013-0_ME\f3592IM000057.JPG;1
\zorro\zorro_PNM_2013-O_ISAAC\f13286IMAG0317.JPG;1
\cervidae\deer_CaltechCameraTrap\5a0b029b-23d2-11e8-a6a3-ec086b02610b.jpg;1
\cervidae\ciervo_Javi_3_JC\26_20201020 (1719).JPG;1
\caballo\HORSE_ZOO_1_4\38_20210117 (1088).JPG;1
\vacia\empty_SnapshotMountainZebra\MTZ_S1_E06_R3_IMAG1088.JPG;0
\mapache\raccoon_CaltechCameraTrap_ME\597386a6-23d2-11e8-a6a3-ec086b02610b.jpg;1
\caballo\HORSE_ZOO_1_4\15_20210117 (1498).JPG;1
\cervidae\CERVIDREDORFALLOWDEER_ZOO_1_4\2_20210115 (9176).JPG;1
\ave\OTHERSPECIES_ZOO_1_4\15_20210117 (17010).JPG;1
\ave\OTHERSPECIES_ZOO_5_6_7_9\50_20210417 (23006).JPG;1
\ave\OTHERSPECIES_ZOO_5_6_7_9\50_20210408 (27664).JPG;1
\zorro\zorro_PNM_2013-O_ME\f14220IMAG0124.JPG;1
\zorro\Zorro_PNC_2014_JC\c21177IM000055.JPG;1
\cervidae\CERVIDREDORFALLOWDEER_ZOO_1_4\2_20201117 (1739).JPG;1
\cervidae\CERVIDREDORFALLOWDEER_ZOO_5_6_7_9\19_20210618 (2322).JPG;1
\humanovehiculo\humanovehiculo_PNM_2013-I_ME\e3308IM000071.JPG;1
\caballo\HORSE_ZOO_1_4\15_20210117 (2356).JPG;1
\vacia\NOANIMAL_ZOO_1_4\6_20201116 (2857).JPG;0
\vacia\NOANIMAL_ZOO_5_6_7_9\24_20210318 (12686).JPG;0
\vaca\cow_CaltechCameraTrap\58e0f4e9-23d2-11e8-a6a3-ec086b02610b.jpg;1
\vacia\empty_IslandConservationCameraTraps\dominicanrepublic_cam0425abril2015_20130809_043434_sunp1652.jpg;0
\humanovehiculo\car_CaltechCameraTrap_ME\vehiculo\5888bdec-23d2-11e8-a6a3-ec086b02610b.jpg;1
\tejon\Tejon_PEPE_IREC_JC\IMAG0749.JPG;1
\vacia\vacias_2_de_2_PNC_2012_ISAAC\a53033IM000390.JPG;0
\vacia\NOANIMAL_ZOO_5_6_7_9\2_20210417 (17818).JPG;0
\cervidae\CERVIDREDORFALLOWDEER_ZOO_5_6_7_9\28_20210615 (314).JPG;1
\micromamiferos\micromamiferos_Paco_Carro_JC\IMG_0077 (2).JPG;1
\vacia\vacia_alumno_AM_2\30_20201021 (15235).JPG;0
\ave\bird_CaltechCameraTrap\59279cf6-23d2-11e8-a6a3-ec086b02610b.jpg;1
\cervidae\CERVIDREDORFALLOWDEER_ZOO_1_4\40_20201117 (1739).JPG;1
\vaca\COW_ZOO_5_6_7_9\9_20210615 (1854).JPG;1
\caballo\HORSE_ZOO_1_4\2_20201215 (586).JPG;1
\vacia\NOANIMAL_ZOO_5_6_7_9\39_20210615 (20040).JPG;0
\humanovehiculo\car_CaltechCameraTrap_ME\vehiculo\58f4240b-23d2-11e8-a6a3-ec086b02610b.jpg;1
\cervidae\CERVIDREDORFALLOWDEER_ZOO_1_4\9_20201118 (1211).JPG;1
\vacia\NOANIMAL_ZOO_1_4\37_20201215 (1129).JPG;0
\jabali\jabali_javi_JC\6_20201023 (2709).JPG;1
\zorro\zorro_vacías_humanos_PNC_2012_ME\a30023IM000192.JPG;1
\vacia\empty_IslandConservationCameraTraps\dominicanrepublic_cam0527septiembre2015_20130808_092559_sunp0543.jpg;0
\cervidae\ciervo_simone_2\39_20201019 (444).JPG;1
\vacia\vacias_PNC_2014_manuel\c15023IMAG0492.JPG;0
\zorro\Zorro_PNC_2014_JC\c15964IM000142.JPG;1
\cervidae\CERVIDREDORFALLOWDEER_ZOO_1_4\21_20201119 (2099).JPG;1
\micromamiferos\micromamiferos_Paco_Carro_JC\IMG_0738.JPG;1
\vacia\NOANIMAL_ZOO_5_6_7_9\5_20210417 (209).JPG;0
\zorro\zorro_PNC_2014_manuel\c2660IM000199.JPG;1
\cervidae\CERVIDREDORFALLOWDEER_ZOO_1_4\37_20201116 (5823).JPG;1
\vacia\NOANIMAL_ZOO_5_6_7_9\2_20210618 (16731).JPG;0
\meloncillo\Meloncillo_PEPE_IREC_JC\IMAG0046_(4).JPG;1
\jabali\WILDBOAR_ZOO_5_6_7_9\11_20210218 (113) (2021_04_15 06_16_22 UTC).JPG;1
\cervidae\3_ciervo_simone_2\37_20201024 (10478).JPG;1
\cervidae\CERVIDREDORFALLOWDEER_ZOO_1_4\28_20201019 (1991).JPG;1
\vacia\NOANIMAL_ZOO_5_6_7_9\50_20210408 (23580).JPG;0
\cervidae\CERVIDREDORFALLOWDEER_ZOO_5_6_7_9\10_20210417 (1083).JPG;1
\leporido\LEPORIDRABBITORHARE_ZOO_1_4\6_20201023 (2559).JPG;1
\vacia\empty_SnapshotMountainZebra\MTZ_S1_B04_R3_IMAG0026.JPG;0
\cervidae\ciervo_Javi_3_JC\21_20201025 (3837).JPG;1
\caballo\HORSE_ZOO_1_4\15_20201117 (2788).JPG;1
\vaca\cow_CaltechCameraTrap\58ef6e32-23d2-11e8-a6a3-ec086b02610b.jpg;1
\zorro\Zorro_Pepe_IREC\Zorro_Pepe_Irec_ME\IMAG0368_(9).JPG;1
\jabali\WILDBOAR_ZOO_1_4\28_20201019 (896).JPG;1
\cervidae\3_Ciervos_PNC_2014_JC\c21914IM000083.JPG;1
\vacia\vacia_alumno_AM_2\24_20201019 (407).JPG;0
\vacia\empty_IslandConservationCameraTraps\dominicanrepublic_cam1425abril2015_20150421_115109_img_2106.jpg;0
\vacia\empty_IslandConservationCameraTraps\dominicanrepublic_cam1825abril2015_20150416_112923_img_0211.jpg;0
\vacia\empty_IslandConservationCameraTraps\dominicanrepublic_cam2015abril2015_20150327_141032_img_1878.jpg;0
\jabali\2_jabali_javi_JC\37_20201024 (12747).JPG;1
\vacia\NOANIMAL_ZOO_1_4\7_20210115 (1949).JPG;0
\vacia\NOANIMAL_ZOO_1_4\43_20201217 (1993).JPG;0
\cervidae\ciervo_simone_2\37_20201024 (1505).JPG;1
\vacia\empty_SnapshotMountainZebra\MTZ_S1_D05_R1_IMAG2752.JPG;0
\cervidae\ciervo_simone_2\37_20201024 (676).JPG;1
\cervidae\CERVIDREDORFALLOWDEER_ZOO_5_6_7_9\38_20210219 (456) (2021_04_15 06_16_22 UTC).JPG;1
\cervidae\ciervo_Paco_Carro_JC\PICT0513.JPG;1
\vacia\vacias_PNC_2014_ISAAC\c7336IM000013.JPG;0
\leporido\Eastern Cottontail_ena24\700.jpg;1
\humanovehiculo\car_CaltechCameraTrap_ME\vehiculo\5a197ba8-23d2-11e8-a6a3-ec086b02610b.jpg;1
\cervidae\Ciervo_PNC_2013-O_ME\b7569IM000143.JPG;1
\ave\aves_fotosManuelEmilio20200912\IMG_0705.JPG;1
\cervidae\deer_CaltechCameraTrap\599a5b92-23d2-11e8-a6a3-ec086b02610b.jpg;1
\jabali\jabali_PNC_2013-O_RED_ISAAC\b13590IM000010.JPG;1
\leporido\rabbit_IslandConservationCameraTraps\chile_frances022013_26042013102239.jpg;1
\vacia\NOANIMAL_ZOO_1_4\34_20210115 (7489).JPG;0
\jabali\WILDBOAR_ZOO_5_6_7_9\15_20210219 (11076) (2021_04_15 06_16_22 UTC).JPG;1
\vacia\vacia_Paco_Carro_JC\01130707.JPG;0
\ave\ave_Soraya_Padilla_Alumno_1_TH\STC_0080_frame150.jpg;1
\vacia\NOANIMAL_ZOO_1_4\34_20210115 (1690).JPG;0
\cervidae\CERVIDREDORFALLOWDEER_ZOO_5_6_7_9\39_20210318 (428).JPG;1
\humanovehiculo\humanovehiculo_PNM_2013-I_ME\e5078IM000059.JPG;1
\tejon\tejon_leo_donana\0000833.JPG;1
\jabali\WILDBOAR_ZOO_1_4\31_20201218 (372).JPG;1
\vacia\empty_SnapshotMountainZebra\MTZ_S1_D06_R1_IMAG2482.JPG;0
\gato_domestico\cat_IslandConservationCameraTraps\dominicanrepublic_cam1326julio2015_20150625_050642_img_0002.jpg;1
\jabali\jabali_PNC_2014_manuel\c2679IM000219.JPG;1
\vacia\empty_IslandConservationCameraTraps\ecuador1_ic1611_20150101_000002_img_0132.jpg;0
\gato_domestico\gato_WellingtonCameraTraps_SS\260116190336021a5022.JPG;1
\cervidae\cervidae_ME_rev_3_donana\7_20201025 (284).JPG;1
\zorro\fox_CaltechCameraTrap_ME\59e43eba-23d2-11e8-a6a3-ec086b02610b.jpg;1
\vaca\COW_ZOO_5_6_7_9\21_20200113 (195) (2021_04_15 06_16_22 UTC).JPG;1
\vacia\empty_IslandConservationCameraTraps\ecuador1_cam1612_20150113_001824_img_1200.jpg;0
\cervidae\CERVIDREDORFALLOWDEER_ZOO_5_6_7_9\2_20210417 (313).JPG;1
\caballo\caballos_alumno_AM\caballos_alumno_AM\9_20201712 (562).JPG;1
\zorro\fox_CaltechCameraTrap_ME\59e91b26-23d2-11e8-a6a3-ec086b02610b.jpg;1
\vacia\empty_SnapshotMountainZebra\MTZ_S1_G04_R3_IMAG1138.JPG;0
\vacia\empty_caltechCameraTraps\5a1b13b4-23d2-11e8-a6a3-ec086b02610b.jpg;0
\cervidae\CERVIDREDORFALLOWDEER_ZOO_5_6_7_9\39_20210417 (500).JPG;1
\jabali\WILDBOAR_ZOO_5_6_7_9\20_20210319 (8187).JPG;1
\vacia\NOANIMAL_ZOO_1_4\7_20210115 (2252).JPG;0
\micromamiferos\micromamiferos_fotosManuelEmilio20200912\IMG_0679_x1.JPG;1
\ave\ave_ave_WellingtonCameraTraps_SS\010116180134012bs391.JPG;1
\vacia\NOANIMAL_ZOO_1_4\6_20201812 (9433).JPG;0
\vacia\empty_IslandConservationCameraTraps\ecuador1_ic1611_20150101_000005_img_3040.jpg;0
\jabali\WILDBOAR_ZOO_5_6_7_9\5_20210219 (1281) (2021_04_15 06_16_22 UTC).JPG;1
\caballo\caballos_alumno_AM\caballos_alumno_AM\2_20201215 (6598).JPG;1
\vacia\NOANIMAL_ZOO_1_4\34_20210115 (7807).JPG;0
\gato_domestico\cat_IslandConservationCameraTraps\palau_cam04a12132018_20180919_084933_rcnx1407.jpg;1
\cervidae\CERVIDREDORFALLOWDEER_ZOO_5_6_7_9\39_20210218 (1250) (2021_04_15 06_16_22 UTC).JPG;1
\zorro\zorro_PNC_2013-O_RED_ISAAC\b1901IMAG0123.JPG;1
\vacia\Nothing_mammalWeb\35430.jpg;0
\ave\chicken_IslandConservationCameraTraps\palau_cam09a12132018_20181213_073919_rcnx1325.jpg;1
\jabali\WILDBOAR_ZOO_1_4\15_20210117 (149).JPG;1
\jabali\WILDBOAR_ZOO_1_4\15_20210117 (7091).JPG;1
\ave\ave_PNC_2014_manuel\c3989IMAG0030.JPG;1
\cervidae\CERVIDREDORFALLOWDEER_ZOO_5_6_7_9\24_20210219 (3342) (2021_04_15 06_16_22 UTC).JPG;1
\vacia\vacia_Soraya_Padilla_Alumno_1_TH\IMAG0120_frame000.jpg;0
\leporido\rabbit_IslandConservationCameraTraps\chile_frances022013_20052013125825.jpg;1
\cervidae\ciervo_simone_2\37_20201024 (2299).JPG;1
\caballo\caballos_alumno_AM\caballos_alumno_AM\2_20201215 (4017).JPG;1
\vaca\COW_ZOO_5_6_7_9\9_20210615 (1850).JPG;1
\vacia\empty_caltechCameraTraps\5a0c9db9-23d2-11e8-a6a3-ec086b02610b.jpg;0
\tejon\2_Tejon_PEPE_IREC_JC\PTDC1519.JPG;1
\vaca\COW_ZOO_5_6_7_9\21_20210418 (1818).JPG;1
\vacia\NOANIMAL_ZOO_5_6_7_9\24_20210418 (3079).JPG;0
\vacia\NOANIMAL_ZOO_5_6_7_9\47_20210615 (1343).JPG;0
\vacia\vacias_2_de_2_PNC_2012_ISAAC\a3951IM000315.JPG;0
\cervidae\CERVIDREDORFALLOWDEER_ZOO_1_4\37_20201024 (9829).JPG;1
\lince\Lince_a_Linces2_Leo_JC\lince94 (117).JPG;1
\vacia\SnampshotEnonkishu\ENO_S1_D03_R1_IMAG1849.JPG;0
\jabali\WILDBOAR_ZOO_1_4\37_20201116 (10223).JPG;1
\humanovehiculo\car_CaltechCameraTrap_ME\vehiculo\58df68c3-23d2-11e8-a6a3-ec086b02610b.jpg;1
\vaca\COW_ZOO_1_4\6_20201116 (1203).JPG;1
\cervidae\CERVIDREDORFALLOWDEER_ZOO_5_6_7_9\18_20210219 (5436) (2021_04_15 06_16_22 UTC).JPG;1
\cervidae\CERVIDREDORFALLOWDEER_ZOO_5_6_7_9\5_20210319 (2060).JPG;1
\humanovehiculo\humanovehiculo_PNC_2014_manuel\c26122IM000001.JPG;1
\vaca\cow_CaltechCameraTrap\5922ebad-23d2-11e8-a6a3-ec086b02610b.jpg;1
\humanovehiculo\car_CaltechCameraTrap_ME\vehiculo\5a217622-23d2-11e8-a6a3-ec086b02610b.jpg;1
\cervidae\deer_CaltechCameraTrap\596bd7ac-23d2-11e8-a6a3-ec086b02610b.jpg;1
\vaca\COW_ZOO_5_6_7_9\2_20210219 (2200) (2021_04_15 06_16_22 UTC).JPG;1
\leporido\conejo_WellingtonCameraTraps_SS\081116064334040a1123.JPG;1
\vacia\empty_IslandConservationCameraTraps\puertorico_29_20150204_093539_img_0777.jpg;0
\cervidae\CERVIDREDORFALLOWDEER_ZOO_5_6_7_9\5_20210219 (556) (2021_04_15 06_16_22 UTC).JPG;1
\jabali\2_Jabali_PNC_2014_JC\c27110IMAG0052.JPG;1
\caballo\caballo_Paco_Carro_JC\PICT0341.JPG;1
\lince\Lince_b_Linces2_Leo_JC\lince139 (38).JPG;1
\ave\raven_IslandConservationCameraTraps\dominicanrepublic_cam11101agosto2017_20170715_191941_img_0456.jpg;1
\vacia\empty_SnapshotMountainZebra\MTZ_S1_E06_R3_IMAG1221.JPG;0
\vacia\empty_SnapshotMountainZebra\MTZ_S1_C06_R3_IMAG2114.JPG;0
\perro\dog_caltechCameraTraps\59d8eaa0-23d2-11e8-a6a3-ec086b02610b.jpg;1
\cervidae\deer_CaltechCameraTrap\599a59df-23d2-11e8-a6a3-ec086b02610b.jpg;1
\vacia\empty_IslandConservationCameraTraps\dominicanrepublic_cam1125abril2015_20150420_122635_img_2024.jpg;0
\humanovehiculo\humanovehiculo_PNC_2013-O_RED_ISAAC\b16682IM000049.JPG;1
\cervidae\Ciervo_PNC_2014_JC\c17843IMAG0015.JPG;1
\lince\Lince_b_Linces2_Leo_JC\lince228 (131).jpg;1
\humanovehiculo\car_CaltechCameraTrap_ME\vehiculo\59373612-23d2-11e8-a6a3-ec086b02610b.jpg;1
\cervidae\ciervo_PNM_2012_ME\d1539IM000156.JPG;1
\vacia\empty_SnapshotMountainZebra\MTZ_S1_D05_R1_IMAG0635.JPG;0
\lince\Lince_a_Linces2_Leo_JC\lince94 (48).JPG;1
\ave\Chicken_ena24\5879.jpg;1
\vacia\empty_IslandConservationCameraTraps\micronesia_cam12april2019_20190414_184002_rcnx1139.jpg;0
\cervidae\deer_CaltechCameraTrap\589b02ca-23d2-11e8-a6a3-ec086b02610b.jpg;1
\vacia\NOANIMAL_ZOO_5_6_7_9\20_20210319 (482).JPG;0
\cervidae\CERVIDREDORFALLOWDEER_ZOO_5_6_7_9\5_20210319 (733).JPG;1
\vacia\empty_IslandConservationCameraTraps\puertorico_26_20150304_154939_ek000765.jpg;0
\vacia\empty_caltechCameraTraps\59aad9be-23d2-11e8-a6a3-ec086b02610b.jpg;0
\jabali\jabali_Leo_Otra_fauna_PASADA_POR_LA_RED_JC\Otrafauna (1447).JPG;1
\gato_domestico\gato_WellingtonCameraTraps_SS\08111505531201069483.JPG;1
\vacia\NOANIMAL_ZOO_1_4\7_20210115 (2601).JPG;0
\cervidae\CERVIDREDORFALLOWDEER_ZOO_1_4\2_20201117 (834).JPG;1
\humanovehiculo\car_CaltechCameraTrap_ME\vehiculo\59420fe3-23d2-11e8-a6a3-ec086b02610b.jpg;1
\zorro\REDFOX_ZOO_1_4\7_20201118 (1011).JPG;1
\cervidae\CERVIDREDORFALLOWDEER_ZOO_1_4\21_20201025 (3832).JPG;1
\vacia\NOANIMAL_ZOO_1_4\6_20201812 (14977).JPG;0
\vacia\vacias_1_de_2_PNC_2012_ISAAC\a41306IM000596.JPG;0
\jabali\jabali_alumno_1_AM_2\28_20201019 (1687).JPG;1
\vacia\NOANIMAL_ZOO_5_6_7_9\32_20210615 (13105).JPG;0
\jabali\jabali_Saul Martin_FRAMES_SIN_REPETIDOS_REVISADOS_DIEGO\IMAG0022_frame240.jpg;1
\vacia\NOANIMAL_ZOO_1_4\43_20201217 (1474).JPG;0
\vaca\COW_ZOO_5_6_7_9\9_20210615 (2102).JPG;1
\vacia\NOANIMAL_ZOO_1_4\15_20201024 (7823).JPG;0
\vacia\NOANIMAL_ZOO_1_4\6_20201812 (15501).JPG;0
\cervidae\2_ciervo_Javi_3_JC\6_20201023 (1204).JPG;1
\vaca\COW_ZOO_1_4\35_20210114 (1221).JPG;1
\cervidae\CERVIDREDORFALLOWDEER_ZOO_5_6_7_9\35_20210318 (1303).JPG;1
\cervidae\CERVIDREDORFALLOWDEER_ZOO_1_4\1_20210115 (463).JPG;1
\cervidae\ciervo_PNC_2014_ISAAC\c26573IM000043.JPG;1
\vaca\COW_ZOO_1_4\15_20201117 (485).JPG;1
\leporido\conejo_alumno_2_2_TH_JC\6_20201023 (2926).JPG;1
\vacia\empty_IslandConservationCameraTraps\dominicanrepublic_cam1826julio2015_20150716_112456_img_2569.jpg;0
\cervidae\ciervo_PNC_2013-O_RED_ISAAC\b14361IM000051.JPG;1
\cervidae\CERVIDREDORFALLOWDEER_ZOO_5_6_7_9\22_20210615 (3538).JPG;1
\humanovehiculo\humano_vehiculo_PNM_2012_ISAAC\d3034IM000001.JPG;1
\vacia\NOANIMAL_ZOO_1_4\15_20210117 (15249).JPG;0
\vaca\COW_ZOO_5_6_7_9\39_20210417 (1917).JPG;1
\vacia\NOANIMAL_ZOO_5_6_7_9\32_20210417 (5694).JPG;0
\leporido\conejo_Paco_Carro_JC\PICT0733.JPG;1
\ave\bird_CaltechCameraTrap\58c1c069-23d2-11e8-a6a3-ec086b02610b.jpg;1
\cervidae\deer_CaltechCameraTrap\592f7124-23d2-11e8-a6a3-ec086b02610b.jpg;1
\vacia\NOANIMAL_ZOO_5_6_7_9\24_20210418 (15138).JPG;0
\vacia\empty_caltechCameraTraps\59cb3787-23d2-11e8-a6a3-ec086b02610b.jpg;0
\ave\Woodpigeon_mammalWeb\115909.jpg;1
\cervidae\ciervo_PNM_2013-O_ISAAC\f28234IMAG0809.JPG;1
\leporido\rabbit_IslandConservationCameraTraps\chile_frances012013_2312201261258.jpg;1
\humanovehiculo\HUMANORVEHICLE_ZOO_1_4\29_20201117 (1173).JPG;1
\zorro\zorro_PNC_2014_manuel\c11735IMAG0517.JPG;1
\vacia\NOANIMAL_ZOO_5_6_7_9\22_20210615 (9990).JPG;0
\vacia\vacias_PNM_2013-O_ISAAC\f7929IMAG0790.JPG;0
\cervidae\2CIERVO_PNM_2012_ISAAC\d9993IM000045.JPG;1
\gato_domestico\cat_IslandConservationCameraTraps\palau_cam13a12132018_20181118_182233_rcnx1467.jpg;1
\cervidae\deer_CaltechCameraTrap\595ded05-23d2-11e8-a6a3-ec086b02610b.jpg;1
\vaca\COW_ZOO_5_6_7_9\9_20210615 (2813).JPG;1
\vacia\SnampshotEnonkishu\ENO_S1_B06_R1_IMAG0471.JPG;0
\cervidae\4_ciervo_simone_2\34_20201024 (6320).JPG;1
\jabali\WILDBOAR_ZOO_1_4\7_20201118 (305).JPG;1
\vacia\vacias_PNM_2013-O_ISAAC\f7591IMAG0449.JPG;0
\vacia\NOANIMAL_ZOO_1_4\15_20210117 (1055).JPG;0
\lince\Lince_a_Linces2_Leo_JC\lince70 (196).JPG;1
\humanovehiculo\humano_vehiculo_PNM_2012_ISAAC\d15050IMAG0012.JPG;1
\jabali\WILDBOAR_ZOO_1_4\43_20201118 (264).JPG;1
\vacia\NOANIMAL_ZOO_5_6_7_9\2_20210417 (4608).JPG;0
\vacia\empty_SnapshotMountainZebra\MTZ_S1_D06_R1_IMAG0177.JPG;0
\vacia\empty_IslandConservationCameraTraps\dominicanrepublic_cam1823agosto2015_20150801_122004_img_0124.jpg;0
\cervidae\CERVIDREDORFALLOWDEER_ZOO_5_6_7_9\19_20210319 (2571).JPG;1
\vacia\NOANIMAL_ZOO_1_4\7_20210115 (4094).JPG;0
\cervidae\ciervo_PNM_2013-O_ISAAC\f29393IMAG0970.JPG;1
\ave\bird_CaltechCameraTrap\58823e04-23d2-11e8-a6a3-ec086b02610b.jpg;1
\vacia\empty_SnapshotMountainZebra\MTZ_S1_E06_R3_IMAG1636.JPG;0
\jabali\2_jabali_javi_JC\31_20201023 (280).JPG;1
\vacia\vacias_2_de_2_PNC_2012_ISAAC\a749IM000324.JPG;0
\vacia\empty_IslandConservationCameraTraps\dominicanrepublic_cam1826julio2015_20150701_122920_img_0763.jpg;0
\micromamiferos\Small rodent_mammalWeb\10854.jpg;1
\micromamiferos\micromamifero_WellingtonCameraTraps_SS\110816031912011a5901.JPG;1
\vacia\NOANIMAL_ZOO_5_6_7_9\24_20210318 (8086).JPG;0
\caballo\caballos_alumno_AM\caballos_alumno_AM\2_20201215 (1851).JPG;1
\cervidae\CERVIDREDORFALLOWDEER_ZOO_5_6_7_9\28_20210615 (1381).JPG;1
\vacia\NOANIMAL_ZOO_5_6_7_9\50_20210417 (25662).JPG;0
\lince\Lince_a_Linces2_Leo_JC\lince118 (17).JPG;1
\vacia\empty_IslandConservationCameraTraps\dominicanrepublic_cam1725abril2015_20150414_092011_img_0542.jpg;0
\vacia\NOANIMAL_ZOO_5_6_7_9\31_20210615 (2408).JPG;0
\mapache\raccoon_CaltechCameraTrap_ME\59fe21a8-23d2-11e8-a6a3-ec086b02610b.jpg;1
\vacia\NOANIMAL_ZOO_1_4\37_20201215 (3451).JPG;0
\vacia\NOANIMAL_ZOO_5_6_7_9\25_20210417 (2334).JPG;0
\gato_domestico\gato_WellingtonCameraTraps_SS\2405151255380235S134.JPG;1
\jabali\WILDBOAR_ZOO_5_6_7_9\48_20210418 (309).JPG;1
\humanovehiculo\humanovehiculo_Caltech\59531c99-23d2-11e8-a6a3-ec086b02610b.jpg;1
\lince\Lince_a_Linces2_Leo_JC\lince130 (319).JPG;1
\vacia\NOANIMAL_ZOO_5_6_7_9\24_20210615 (21549).JPG;0
\vacia\vacia_alumno_2_AM_JC\STC_0109_frame230.jpg;0
\vacia\empty_SnapshotMountainZebra\MTZ_S1_C06_R1_IMAG1988.JPG;0
\jabali\WILDBOAR_ZOO_5_6_7_9\31_20210219 (933) (2021_04_15 06_16_22 UTC).JPG;1
\humanovehiculo\humanovehiculo_PNC_2014_manuel\c18815IMAG0001.JPG;1
\vacia\empty_SnapshotMountainZebra\MTZ_S1_D06_R1_IMAG2708.JPG;0
\lince\Lince_b_Linces2_Leo_JC\lince146 (118).JPG;1
\jabali\Jabali_ME_rev_1_donana\7_20201025 (264).JPG;1
\vacia\Nothing_mammalWeb\340.jpg;0
\vacia\NOANIMAL_ZOO_5_6_7_9\35_20210418 (522).JPG;0
\cervidae\CERVIDREDORFALLOWDEER_ZOO_1_4\24_20210115 (686).JPG;1
\vacia\vacias_2_de_2_PNC_2012_ISAAC\a9106IM000026.JPG;0
\ave\MIRLO_PNM_2012_ISAAC\d11264IM000032.JPG;1
\leporido\conejo_leo_donana\0000924.JPG;1
\cervidae\CERVIDREDORFALLOWDEER_ZOO_1_4\5_20210115 (924).JPG;1
\cervidae\CERVIDREDORFALLOWDEER_ZOO_1_4\15_20201215 (8100).JPG;1
\vacia\vacia_alumno_AM_2\37_20201024 (2039).JPG;0
\ave\ave_alumno_1_TH\Ave (12)_frame050.jpg;1
\vacia\vacias_2_de_2_PNC_2012_ISAAC\a731IM000089.JPG;0
\vacia\Vacio__diego_2_rev_donana\33_20201025 (321).JPG;0
\humanovehiculo\HUMANORVEHICLE_ZOO_1_4\31_20201023 (474).JPG;1
\jabali\WILDBOAR_ZOO_1_4\11_20201027 (191).JPG;1
\cervidae\CERVIDREDORFALLOWDEER_ZOO_1_4\40_20201117 (2365).JPG;1
\vacia\NOANIMAL_ZOO_5_6_7_9\50_20210417 (22340).JPG;0
\vacia\vacias_PNM_2013-O_ISAAC\f7137IMAG1332.JPG;0
\ave\ave_ave_WellingtonCameraTraps_SS\070816093450021bs243.JPG;1
\vacia\NOANIMAL_ZOO_1_4\26_20201020 (11006).JPG;0
\cervidae\CERVIDREDORFALLOWDEER_ZOO_1_4\9_20210114 (780).JPG;1
\humanovehiculo\car_CaltechCameraTrap_ME\vehiculo\598f7557-23d2-11e8-a6a3-ec086b02610b.jpg;1
\humanovehiculo\humanovehiculo_ss\40_20201024 (6).JPG;1
\gato_domestico\gato_WellingtonCameraTraps_SS\250116162312001c7511.JPG;1
\humanovehiculo\humanovehiculo_PNM_2013-I_ME\e4761IM000005.JPG;1
\vacia\vacias_2_de_2_PNC_2012_ISAAC\a23653IM000097.JPG;0
\micromamiferos\rat_IslandConservationCameraTraps\micronesia_cam06_cam06june2019_pig_20190629194241_11050.jpg;1
\zorro\zorro_Leo_Otra_fauna_PASADA_POR_LA_RED_JC\Otrafauna (432).JPG;1
\vacia\empty_caltechCameraTraps\5998ce96-23d2-11e8-a6a3-ec086b02610b.jpg;0
\gato_domestico\cat_IslandConservationCameraTraps\dominicanrepublic_cam2026julio2015_20150702_210436_img_0010.jpg;1
\cervidae\CERVIDREDORFALLOWDEER_ZOO_5_6_7_9\31_20210615 (4750).JPG;1
\tejon\Tejon_PEPE_IREC_JC\IMAG0035_(2).JPG;1
\vacia\SnampshotEnonkishu\ENO_S1_D06_R1_IMAG3874.JPG;0
\cervidae\2_cervidae_alumno_2_TH\37_20201024 (12282).JPG;1
\cervidae\CERVIDREDORFALLOWDEER_ZOO_1_4\9_20210114 (1354).JPG;1
\gineta\gineta_PNM_2012_ME\d13160IM000005.JPG;1
\lince\Lince_a_Linces2_Leo_JC\lince130 (121).JPG;1
\humanovehiculo\humanos_Paco_Carro_JC\IMG_0124.JPG;1
\cervidae\cervidae_ME_rev_3_donana\6_20201023 (3277).JPG;1
\cervidae\2_Ciervos_PNC2012_JC\a33038IM000057.JPG;1
\vacia\NOANIMAL_ZOO_1_4\15_20201215 (5621).JPG;0
\vacia\empty_SnapshotMountainZebra\MTZ_S1_D07_R1_IMAG0713.JPG;0
\leporido\conejo_Paco_Carro_JC\PICT0085 (3).JPG;1
\vacia\vacias_PNC_2014_ISAAC\c2458IM000001.JPG;0
\leporido\rabbit_CaltechCameraTrap_ME\585c0578-23d2-11e8-a6a3-ec086b02610b.jpg;1
\vacia\NOANIMAL_ZOO_1_4\6_20201812 (11922).JPG;0
\vacia\NOANIMAL_ZOO_1_4\34_20210115 (1943).JPG;0
\leporido\rabbit_IslandConservationCameraTraps\chile_frances012013_2412201224541.jpg;1
\vaca\COW_ZOO_1_4\15_20201024 (3578).JPG;1
\cervidae\ciervo_alumno_2_TH\22_20201022 (671).JPG;1
\vacia\NOANIMAL_ZOO_1_4\26_20201020 (5939).JPG;0
\vacia\empty_SnapshotMountainZebra\MTZ_S1_G04_R3_IMAG1387.JPG;0
\cervidae\deer_CaltechCameraTrap\596a4f67-23d2-11e8-a6a3-ec086b02610b.jpg;1
\garduna\garduna_PNM_2013-O_ME\f11144IM000150.JPG;1
\gato_domestico\gato_WellingtonCameraTraps_SS\291016233124031cs121.JPG;1
\vacia\NOANIMAL_ZOO_5_6_7_9\28_20210417 (3075).JPG;0
\vacia\NOANIMAL_ZOO_1_4\15_20201024 (3701).JPG;0
\vacia\empty_IslandConservationCameraTraps\ecuador1_ic1611_20150101_000001_img_0329.jpg;0
\lince\Lince_b_Linces2_Leo_JC\lince216 (214).jpg;1
\zorro\REDFOX_ZOO_1_4\31_20201218 (530).JPG;1
\humanovehiculo\HUMANORVEHICLE_ZOO_1_4\39_20210115 (1616).JPG;1
\jabali\WILDBOAR_ZOO_1_4\33_20201025 (212).JPG;1
\cervidae\CERVIDREDORFALLOWDEER_ZOO_1_4\15_20210117 (9646).JPG;1
\jabali\WILDBOAR_ZOO_5_6_7_9\19_20210319 (2010).JPG;1
\cervidae\deer_CaltechCameraTrap\59e77d21-23d2-11e8-a6a3-ec086b02610b.jpg;1
\vacia\NOANIMAL_ZOO_1_4\34_20210115 (3222).JPG;0
\zorro\Zorro_PNC_2014_JC\c5932IM000123.JPG;1
\caballo\HORSE_ZOO_5_6_7_9\15_20210219 (1007) (2021_04_15 06_16_22 UTC).JPG;1
\vacia\NOANIMAL_ZOO_5_6_7_9\24_20210318 (5766).JPG;0
\vacia\empty_caltechCameraTraps\59aadaaf-23d2-11e8-a6a3-ec086b02610b.jpg;0
\vacia\NOANIMAL_ZOO_5_6_7_9\31_20210615 (908).JPG;0
\leporido\rabbit_IslandConservationCameraTraps\chile_piedra012013_1603201355652.jpg;1
\lince\Lince_a_Linces2_Leo_JC\lince74 (198).JPG;1
\vacia\vacia_alumno_1_TH\Nada_frame060.jpg;0
\cervidae\ciervo_vacías_humanos_PNC_2012_ME\a34141IM000369.JPG;1
\ave\bird_CaltechCameraTrap\586c87c2-23d2-11e8-a6a3-ec086b02610b.jpg;1
\vacia\empty_SnapshotMountainZebra\MTZ_S1_E06_R3_IMAG0505.JPG;0
\vacia\empty_IslandConservationCameraTraps\dominicanrepublic_cam0725abril2015b_20130814_073449_sunp0936.jpg;0
\vacia\empty_caltechCameraTraps\59be407e-23d2-11e8-a6a3-ec086b02610b.jpg;0
\cervidae\CERVIDREDORFALLOWDEER_ZOO_5_6_7_9\20_20210219 (2099) (2021_04_15 06_16_22 UTC).JPG;1
\cervidae\CERVIDREDORFALLOWDEER_ZOO_5_6_7_9\10_20210319 (10006).JPG;1
\vacia\empty_SnapshotMountainZebra\MTZ_S1_D05_R1_IMAG2399.JPG;0
\vacia\empty_SnapshotMountainZebra\MTZ_S1_C06_R3_IMAG2509.JPG;0
\cervidae\CERVIDREDORFALLOWDEER_ZOO_5_6_7_9\19_20210219 (585) (2021_04_15 06_16_22 UTC).JPG;1
\cervidae\CERVIDREDORFALLOWDEER_ZOO_1_4\1_20210115 (588).JPG;1
\jabali\WILDBOAR_ZOO_1_4\37_20201116 (4739).JPG;1
\humanovehiculo\humanovehiculo_PNC_2014_manuel\c14475IMAG0187.JPG;1
\cervidae\CERVIDREDORFALLOWDEER_ZOO_5_6_7_9\9_20210615 (2961).JPG;1
\zorro\Zorro_Pepe_IREC\Zorro_Pepe_Irec_ME\IMAG0078_(9).JPG;1
\cervidae\CERVIDREDORFALLOWDEER_ZOO_1_4\9_20201025 (628).JPG;1
\jabali\WILDBOAR_ZOO_1_4\7_20201118 (763).JPG;1
\vacia\empty_IslandConservationCameraTraps\ecuador1_ic1611_20150101_000003_img_0532.jpg;0
\vacia\empty_SnapshotCamdeboo\CDB_S1_B04_R1_IMAG0255.JPG;0
\cervidae\CERVIDREDORFALLOWDEER_ZOO_1_4\21_20201025 (5070).JPG;1
\vacia\vacia_alumno_TH_3_TH_JC\30_20201021 (6097).JPG;0
\micromamiferos\micromamifero_WellingtonCameraTraps_SS\090716033528049b7392.JPG;1
\vacia\NOANIMAL_ZOO_1_4\7_20210115 (557).JPG;0
\humanovehiculo\HUMANORVEHICLE_ZOO_5_6_7_9\48_20210408 (262).JPG;1
\zorro\zorro_PNM_2013-O_ISAAC\f14095IMAG0020.JPG;1
\cervidae\CERVIDREDORFALLOWDEER_ZOO_5_6_7_9\2_20210417 (9105).JPG;1
\meloncillo\Meloncillo_PEPE_IREC_JC\IMAG0081_(2).JPG;1
\vacia\vacias_PNM_2013-O_ISAAC\f26553IMAG0045.JPG;0
\vacia\NOANIMAL_ZOO_5_6_7_9\25_20210417 (5411).JPG;0
\cervidae\ciervo_PNM_2013-O_ISAAC\f5052IM000153.JPG;1
\vacia\NOANIMAL_ZOO_1_4\1_20201220 (28).JPG;0
\jabali\3_Jabalies_PNC_2012_JC\a23588IM000041.JPG;1
\vacia\empty_SnapshotMountainZebra\MTZ_S1_D07_R1_IMAG1210.JPG;0
\jabali\jabali_PNC_2014_manuel\c8818IM000114.JPG;1
\vacia\empty_SnapshotMountainZebra\MTZ_S1_D07_R1_IMAG0264.JPG;0
\vacia\NOANIMAL_ZOO_1_4\26_20201020 (14686).JPG;0
\vacia\NOANIMAL_ZOO_5_6_7_9\19_20210319 (2984).JPG;0
\cervidae\ciervo_simone_2\40_20201024 (3998).JPG;1
\vacia\vacias_PNC_2013-O_RED_ME\b2430IMAG0158.JPG;0
\vacia\empty_SnapshotMountainZebra\MTZ_S1_E06_R3_IMAG1722.JPG;0
\cervidae\ciervo_alumno_1_AM_2\10_20201019 (1048).JPG;1
\zorro\zorro_PNC_2014_manuel\c12034IMAG0275.JPG;1
\jabali\WILDBOAR_ZOO_1_4\37_20201116 (11779).JPG;1
\cervidae\ciervo_PNC_2014_ISAAC\c24584IMAG0162.JPG;1
\jabali\WILDBOAR_ZOO_1_4\31_20210115 (217).JPG;1
\cervidae\CERVIDREDORFALLOWDEER_ZOO_1_4\5_20210115 (1262).JPG;1
\vaca\COW_ZOO_5_6_7_9\21_20200113 (2131) (2021_04_15 06_16_22 UTC).JPG;1
\cervidae\ciervo_PNC_2014_ISAAC\c22009IM000071.JPG;1
\cervidae\ciervo_Javi_3_JC\28_20201019 (1996).JPG;1
\vacia\Vacio__diego_2_rev_donana\29_20201023 (74).JPG;0
\vacia\vacia_Paco_Carro_JC\IMG_0457 (2).JPG;0
\micromamiferos\rat_IslandConservationCameraTraps\micronesia_cam06_cam06june2019_pig_20190629204545_1505.jpg;1
\cervidae\CERVIDREDORFALLOWDEER_ZOO_1_4\33_20201025 (73).JPG;1
\caballo\HORSE_ZOO_5_6_7_9\44_20210618 (217).JPG;1
\cervidae\ciervo_Javi_3_JC\21_20201025 (2219).JPG;1
\mapache\raccoon_CaltechCameraTrap_ME\59be4055-23d2-11e8-a6a3-ec086b02610b.jpg;1
\vaca\COW_ZOO_1_4\21_20210114 (2405).JPG;1
\caballo\caballos_javier_JC\35_20201218 (337).JPG;1
\ave\aves_ME_CASA\IMG_0702_copy_1.JPG;1
\vacia\NOANIMAL_ZOO_5_6_7_9\22_20210417 (5280).JPG;0
\vacia\empty_SnapshotMountainZebra\MTZ_S1_E06_R1_IMAG2038.JPG;0
\zorro\zorro_PNC_2014_ISAAC\c21212IM000033.JPG;1
\vacia\NOANIMAL_ZOO_5_6_7_9\49_20210418 (4723).JPG;0
\meloncillo\Meloncillo_PEPE_IREC_JC\IMAG0065_(4).JPG;1
\vacia\NOANIMAL_ZOO_1_4\6_20201812 (12012).JPG;0
\vacia\NOANIMAL_ZOO_5_6_7_9\28_20210417 (537).JPG;0
\cervidae\CERVIDREDORFALLOWDEER_ZOO_5_6_7_9\10_20210219 (396) (2021_04_15 06_16_22 UTC).JPG;1
\gato_domestico\gato_WellingtonCameraTraps_SS\251016035720003cs091.JPG;1
\vacia\NOANIMAL_ZOO_1_4\6_20201812 (11920).JPG;0
\leporido\conejo_Paco_Carro_JC\PICT1105.JPG;1
\vacia\vacias_PNM_2013-O_ISAAC\f20978IM000485.JPG;0
\vacia\empty_SnapshotKaroo\KAR_S1_B01_R1_IMAG1581.JPG;0
\vacia\empty_IslandConservationCameraTraps\dominicanrepublic_cam1125abril2015_20150415_131025_img_1466.jpg;0
\vacia\vacias_2_de_2_PNC_2012_ISAAC\a43555IM000370.JPG;0
\vaca\COW_ZOO_1_4\21_20201217 (775).JPG;1
\vacia\empty_IslandConservationCameraTraps\dominicanrepublic_cam11101agosto2017_20170526_124328_img_0039.jpg;0
\zorro\REDFOX_ZOO_5_6_7_9\32_20210417 (677).JPG;1
\cervidae\CERVIDREDORFALLOWDEER_ZOO_5_6_7_9\25_20210417 (15823).JPG;1
\vacia\NOANIMAL_ZOO_1_4\15_20201024 (7831).JPG;0
\vacia\vacia_alumno_AM_2\30_20201021 (1320).JPG;0
\vacia\NOANIMAL_ZOO_5_6_7_9\2_20210618 (21244).JPG;0
\zorro\zorro_PNM_2013-O_ISAAC\f9309IM000464.JPG;1
\vaca\COW_ZOO_5_6_7_9\21_20210615 (1564).JPG;1
\cervidae\ciervo_vacías_humanos_PNC_2012_ME\a2124IM000111.JPG;1
\vaca\COW_ZOO_1_4\21_20201217 (5204).JPG;1
\cervidae\CERVIDREDORFALLOWDEER_ZOO_5_6_7_9\35_20210218 (1169) (2021_04_15 06_16_22 UTC).JPG;1
\leporido\rabbit_IslandConservationCameraTraps\chile_piedra012013_2801201374751.jpg;1
\vacia\empty_SnapshotMountainZebra\MTZ_S1_C06_R1_IMAG0577.JPG;0
\vacia\vacia_Soraya_Padilla_Alumno_1_TH\STC_0065_frame180.jpg;0
\vacia\NOANIMAL_ZOO_5_6_7_9\10_20210319 (11153).JPG;0
\vacia\NOANIMAL_ZOO_5_6_7_9\50_20210417 (24135).JPG;0
\cervidae\CERVIDREDORFALLOWDEER_ZOO_1_4\20_20201024 (765).JPG;1
\vacia\NOANIMAL_ZOO_1_4\37_20201116 (3489).JPG;0
\vacia\empty_SnapshotMountainZebra\MTZ_S1_D05_R1_IMAG0929.JPG;0
\humanovehiculo\humano_vehiculo_PNC_2013-I_ISAAC\9209IM000053.JPG;1
\zorro\Zorro_PNC_2014_JC\c15639IM000052.JPG;1
\lince\Lince_b_Linces2_Leo_JC\lince182 (10).JPG;1
\jabali\WILDBOAR_ZOO_5_6_7_9\24_20210418 (4155).JPG;1
\cervidae\CERVIDREDORFALLOWDEER_ZOO_1_4\15_20210117 (9404).JPG;1
\caballo\HORSE_ZOO_1_4\15_20201117 (2854).JPG;1
\zorro\REDFOX_ZOO_1_4\2_20201215 (8875).JPG;1
\cervidae\CERVIDREDORFALLOWDEER_ZOO_1_4\21_20201025 (1030).JPG;1
\cervidae\cervidae_Javi_3_JC\6_20201023 (1265).JPG;1
\humanovehiculo\car_CaltechCameraTrap_ME\vehiculo\59c4bfd9-23d2-11e8-a6a3-ec086b02610b.jpg;1
\vacia\empty_SnapshotMountainZebra\MTZ_S1_D07_R1_IMAG2165.JPG;0
\ave\ave_PNC_2013-O_RED_ISAAC\b5023IMAG0914.JPG;1
\vacia\vacia_Paco_Carro_JC\MDGC0739.JPG;0
\vacia\SnampshotEnonkishu\ENO_S1_D06_R1_IMAG4261.JPG;0
\ave\bird_CaltechCameraTrap\59ef8c1e-23d2-11e8-a6a3-ec086b02610b.jpg;1
\caballo\HORSE_ZOO_1_4\38_20201117 (1270).JPG;1
\micromamiferos\rat_IslandConservationCameraTraps\micronesia_cam08_cam08june2019_20190628174258_rcnx0035.jpg;1
\vacia\vacia_ss\40_20201024 (3594).JPG;0
\cervidae\gamo_buscar_cab_isaac_sin_contar\9_20201118 (1388).JPG;1
\vacia\vacia_Paco_Carro_JC\01130665.JPG;0
\vacia\empty_caltechCameraTraps\596292f0-23d2-11e8-a6a3-ec086b02610b.jpg;0
\humanovehiculo\humanovehiculo_PNC_2013-O_RED_ISAAC\b1753IMAG0001.JPG;1
\jabali\WILDBOAR_ZOO_1_4\21_20201025 (2410).JPG;1
\gato_domestico\gato_WellingtonCameraTraps_SS\17111514060607453422.JPG;1
\micromamiferos\rat_IslandConservationCameraTraps\micronesia_cam05april2019_20190412_001744_rcnx0117.jpg;1
\vacia\NOANIMAL_ZOO_5_6_7_9\50_20210408 (26848).JPG;0
\vacia\NOANIMAL_ZOO_1_4\7_20210115 (932).JPG;0
\humanovehiculo\car_CaltechCameraTrap_ME\vehiculo\59c31ab4-23d2-11e8-a6a3-ec086b02610b.jpg;1
\cervidae\CERVIDREDORFALLOWDEER_ZOO_1_4\15_20210117 (4537).JPG;1
\gato_domestico\Gato_domestico_alumno_2_AM_JC\Felcat 02_frame180.jpg;1
\caballo\HORSE_ZOO_5_6_7_9\46_20210618 (250).JPG;1
\jabali\WILDBOAR_ZOO_1_4\43_20201118 (1000).JPG;1
\vacia\NOANIMAL_ZOO_1_4\34_20210115 (8027).JPG;0
\micromamiferos\rodent_CaltechCameraTrap_JC\Roedor_ rodent_CaltechCameraTrap_JC\58fd7cdb-23d2-11e8-a6a3-ec086b02610b.jpg;1
\vacia\empty_SnapshotMountainZebra\MTZ_S1_D05_R1_IMAG2524.JPG;0
\ave\shearwater_IslandConservationCameraTraps\chile_piedra012013_1001201320109.jpg;1
\lince\Lince_b_Linces2_Leo_JC\lince149 (45).JPG;1
\cervidae\CERVIDREDORFALLOWDEER_ZOO_1_4\37_20201024 (1523).JPG;1
\jabali\Jabali_PNC_2014_JC\c23070IM000114.JPG;1
\vacia\NOANIMAL_ZOO_1_4\26_20201020 (12308).JPG;0
\vacia\vacia_alumno_TH_3_TH_JC\26_20201020 (18522).JPG;0
\cervidae\CERVIDREDORFALLOWDEER_ZOO_5_6_7_9\15_20210219 (5721) (2021_04_15 06_16_22 UTC).JPG;1
\cervidae\deer_CaltechCameraTrap\58946099-23d2-11e8-a6a3-ec086b02610b.jpg;1
\ave\ave_ave_WellingtonCameraTraps_SS\050716163414046b6373.JPG;1
\vacia\NOANIMAL_ZOO_5_6_7_9\50_20210417 (22824).JPG;0
\leporido\rabbit_IslandConservationCameraTraps\chile_frances022013_2904201394217.jpg;1
\vaca\cow_CaltechCameraTrap\58a37d19-23d2-11e8-a6a3-ec086b02610b.jpg;1
\vacia\empty_IslandConservationCameraTraps\dominicanrepublic_cam1425abril2015_20150413_144839_img_1261.jpg;0
\vacia\NOANIMAL_ZOO_1_4\34_20210115 (2531).JPG;0
\cervidae\CERVIDREDORFALLOWDEER_ZOO_5_6_7_9\47_20210615 (535).JPG;1
\vacia\NOANIMAL_ZOO_5_6_7_9\42_20210218 (356) (2021_04_15 06_16_22 UTC).JPG;0
\ave\ave_ave_WellingtonCameraTraps_SS\050716135246008bs111.JPG;1
\vacia\NOANIMAL_ZOO_5_6_7_9\25_20210417 (12644).JPG;0
\cervidae\Ciervo_PNC_2012_JC\a6789IM000038.JPG;1
\ave\bird_CaltechCameraTrap\594ced17-23d2-11e8-a6a3-ec086b02610b.jpg;1
\cervidae\CERVIDREDORFALLOWDEER_ZOO_1_4\21_20201025 (1958).JPG;1
\jabali\WILDBOAR_ZOO_1_4\15_20210117 (6892).JPG;1
\cervidae\deer_CaltechCameraTrap\59e10556-23d2-11e8-a6a3-ec086b02610b.jpg;1
\jabali\WILDBOAR_ZOO_5_6_7_9\19_20210319 (1049).JPG;1
\meloncillo\2_Meloncillo_PEPE_IREC_JC\IMAG0292_(2).JPG;1
\zorro\Zorro_Pepe_IREC\Zorro_Pepe_Irec_ME\CA_31-03.23-22_43.JPG;1
\micromamiferos\micromamifero_WellingtonCameraTraps_SS\050716001354038cs522.JPG;1
\cervidae\CERVIDREDORFALLOWDEER_ZOO_5_6_7_9\2_20210417 (652).JPG;1
\vacia\empty_SnapshotMountainZebra\MTZ_S1_C06_R1_IMAG2029.JPG;0
\vacia\Vacia_Paco_Carro_camarasliron_4_2_PASADAS_POR_LA_RED_JC\MDGC0038.JPG;0
\vacia\NOANIMAL_ZOO_1_4\26_20201020 (17894).JPG;0
\jabali\WILDBOAR_ZOO_1_4\22_20201116 (117).JPG;1
\cervidae\ciervo_simone_2\34_20201024 (4276).JPG;1
\zorro\REDFOX_ZOO_1_4\10_20201117 (4696).JPG;1
\cervidae\CERVIDREDORFALLOWDEER_ZOO_5_6_7_9\18_20210616 (1400).JPG;1
\ave\ave_Soraya_Padilla_Alumno_1_TH\DSCF0027_frame060.jpg;1
\vacia\NOANIMAL_ZOO_1_4\43_20201217 (882).JPG;0
\cervidae\ciervo_PNC_2014_ISAAC\c2551IM000162.JPG;1
\leporido\rabbit_IslandConservationCameraTraps\chile_frances022013_18042013211938.jpg;1
\tejon\tejon_alumno_2_AM_JC\STC_0071_frame130.jpg;1
\ave\ave_PNC_2013-O_RED_ISAAC\b4465IMAG0340.JPG;1
\vacia\NOANIMAL_ZOO_5_6_7_9\50_20210417 (9989).JPG;0
\cervidae\CERVIDREDORFALLOWDEER_ZOO_5_6_7_9\28_20210615 (3857).JPG;1
\jabali\jabali_PNC_2014_manuel\c5585IM000168.JPG;1
\humanovehiculo\humanovehiculo_PNM_2012_ME\d15087IM000013.JPG;1
\humanovehiculo\humano_vehiculo_PNM_2013-O_ISAAC\f44IM000004.JPG;1
\vacia\NOANIMAL_ZOO_1_4\37_20201024 (6906).JPG;0
\zorro\zorro_ss\43_20201026 (6).JPG;1
\vacia\empty_IslandConservationCameraTraps\dominicanrepublic_cam2015abril2015_20150326_162342_img_1340.jpg;0
\vaca\COW_ZOO_1_4\21_20201217 (5263).JPG;1
\lince\Lince_b_Linces2_Leo_JC\lince149 (15).JPG;1
\cervidae\ciervo_PNM_2012_ME\d13773IM000079.JPG;1
\vacia\empty_SnapshotMountainZebra\MTZ_S1_E06_R3_IMAG1147.JPG;0
\cervidae\ciervo_PNC_2013-O_RED_ISAAC\b15670IM000015.JPG;1
\leporido\conejo_Paco_Carro_JC\PICT0770.JPG;1
\tejon\tejon_PNC_2014_manuel\c9949IM000048.JPG;1
\leporido\rabbit_CaltechCameraTrap_ME\58c4d5e5-23d2-11e8-a6a3-ec086b02610b.jpg;1
\vacia\NOANIMAL_ZOO_5_6_7_9\24_20210418 (9837).JPG;0
\lince\Lince_b_Linces2_Leo_JC\lince199 (15).JPG;1
\ave\bird_CaltechCameraTrap\59f5fd4e-23d2-11e8-a6a3-ec086b02610b.jpg;1
\vaca\COW_ZOO_5_6_7_9\39_20210417 (1926).JPG;1
\cervidae\CERVIDREDORFALLOWDEER_ZOO_5_6_7_9\22_20210417 (9965).JPG;1
\vacia\empty_IslandConservationCameraTraps\ecuador1_ic1611_20150101_000005_img_2832.jpg;0
\vacia\empty_IslandConservationCameraTraps\dominicanrepublic_cam1826junio2015_20150505_094258_img_1969.jpg;0
\jabali\jabali_javi_JC\28_20201019 (1566).JPG;1
\vacia\NOANIMAL_ZOO_1_4\6_20201116 (4383).JPG;0
\cervidae\ciervo_PNM_2013-O_ISAAC\f28054IMAG0414.JPG;1
\vacia\vacias_2_de_2_PNC_2012_ISAAC\a3448IM000480.JPG;0
\vacia\empty_IslandConservationCameraTraps\puertorico_25_20150528_040609_img_1534.jpg;0
\vacia\NOANIMAL_ZOO_5_6_7_9\2_20210618 (13629).JPG;0
\ave\shearwater_IslandConservationCameraTraps\chile_vaqueria2013_0601201333041.jpg;1
\zorro\ZORRO_PNM_2012_ISAAC\d2842IMAG0039.JPG;1
\vaca\cow_CaltechCameraTrap\58809518-23d2-11e8-a6a3-ec086b02610b.jpg;1
\vacia\vacia_javi_2_JC\27_20201023 (7396).JPG;0
\ave\shearwater_IslandConservationCameraTraps\chile_vaqueria2013_0501201321411.jpg;1
\cervidae\CERVIDREDORFALLOWDEER_ZOO_5_6_7_9\15_20210219 (1990) (2021_04_15 06_16_22 UTC).JPG;1
\leporido\conejo_javi_2_JC\6_20201023 (2557).JPG;1
\zorro\Zorro_Pepe_IREC\Zorro_Pepe_Irec_ME\IMAG0255_(9).JPG;1
\micromamiferos\rat_IslandConservationCameraTraps\dominicanrepublic_cam11101agosto2017_20170701_022735_img_0321.jpg;1
\cervidae\CERVIDREDORFALLOWDEER_ZOO_1_4\21_20201025 (4069).JPG;1
\vacia\vacia_alumno_TH_3_TH_JC\30_20201021 (894).JPG;0
\vacia\NOANIMAL_ZOO_1_4\2_20210115 (7927).JPG;0
\zorro\Zorro_PNC_2014_JC\c4430IM000032.JPG;1
\vacia\vacia_alumno_AM_2\10_20201019 (10001).JPG;0
\vacia\vacia_alumno_2_2_TH_JC\27_20201023 (5839).JPG;0
\vacia\empty_IslandConservationCameraTraps\puertorico_16_20150426_194955_img_0699.jpg;0
\humanovehiculo\HUMANORVEHICLE_ZOO_5_6_7_9\48_20210418 (6).JPG;1
\vacia\empty_SnapshotMountainZebra\MTZ_S1_D06_R1_IMAG2288.JPG;0
\leporido\rabbit_CaltechCameraTrap_ME\59ffbaa9-23d2-11e8-a6a3-ec086b02610b.jpg;1
\vacia\NOANIMAL_ZOO_1_4\26_20201020 (1650).JPG;0
\cervidae\CERVIDREDORFALLOWDEER_ZOO_1_4\14_20210114 (1974).JPG;1
\vacia\empty_SnapshotMountainZebra\MTZ_S1_D06_R1_IMAG1459.JPG;0
\vaca\vaca_alumno_AM_2\26_20201020 (16035).JPG;1
\ave\ave_ave_WellingtonCameraTraps_SS\060216180306044b7483.JPG;1
\zorro\zorro_PNM_2013-I_ME\e4188IM000021.JPG;1
\ave\ave_PNC_2013-O_RED_ISAAC\b4572IMAG0454.JPG;1
\vacia\NOANIMAL_ZOO_1_4\10_20201019 (2096).JPG;0
\vacia\vacia_alumno_AM_2\34_20201024 (5302).JPG;0
\ave\bird_CaltechCameraTrap\59b2e978-23d2-11e8-a6a3-ec086b02610b.jpg;1
\cervidae\CERVIDREDORFALLOWDEER_ZOO_1_4\9_20201118 (1182).JPG;1
\vacia\NOANIMAL_ZOO_1_4\6_20201812 (9998).JPG;0
\vacia\NOANIMAL_ZOO_1_4\36_20210115 (872).JPG;0
\caballo\HORSE_ZOO_5_6_7_9\15_20210219 (8704) (2021_04_15 06_16_22 UTC).JPG;1
\lince\Lince_a_Linces2_Leo_JC\Lince45 (49).jpg;1
\vaca\COW_ZOO_5_6_7_9\21_20210615 (2662).JPG;1
\vacia\NOANIMAL_ZOO_1_4\26_20201117 (1458).JPG;0
\vacia\NOANIMAL_ZOO_1_4\31_20201117 (548).JPG;0
\vacia\NOANIMAL_ZOO_1_4\26_20201020 (13267).JPG;0
\meloncillo\EGYPTIANMONGOOSE_ZOO_1_4\28_20201218 (3291).JPG;1
\vacia\vacia_Paco_Carro_JC\IMG_1751.JPG;0
\cervidae\gamo_buscar_cab_isaac_sin_contar\9_20201118 (1389).JPG;1
\vacia\vacia_Soraya_Padilla_Alumno_1_TH\DSCF0057_frame240.jpg;0
\gato_domestico\cat_IslandConservationCameraTraps\dominicanrepublic_cam102junio2015b_20150429_034208_img_0008.jpg;1
\vaca\COW_ZOO_5_6_7_9\39_20210417 (1910).JPG;1
\tejon\tejon_alumno_2_AM_JC\STC_0137_frame170.jpg;1
\cervidae\ciervo_PNM_2013-O_ISAAC\f29336IMAG0666.JPG;1
\gato_domestico\gato_WellingtonCameraTraps_SS\30111510204403592543.JPG;1
\cervidae\CERVIDREDORFALLOWDEER_ZOO_5_6_7_9\18_20210417 (3750).JPG;1
\vacia\empty_SnapshotMountainZebra\MTZ_S1_E06_R3_IMAG0160.JPG;0
\ave\OTHERSPECIES_ZOO_5_6_7_9\21_20210615 (2578).JPG;1
\cervidae\ciervo_simone_2\37_20201024 (10390).JPG;1
\leporido\rabbit_CaltechCameraTrap_ME\5954aa92-23d2-11e8-a6a3-ec086b02610b.jpg;1
\micromamiferos\rat_IslandConservationCameraTraps\micronesia_cam12april2019_20190416_045144_rcnx0548.jpg;1
\zorro\zorro_PNC_2012_JC\a24018IM000058.JPG;1
\cervidae\CERVIDREDORFALLOWDEER_ZOO_5_6_7_9\16_20210615 (69).JPG;1
\cervidae\CERVIDREDORFALLOWDEER_ZOO_5_6_7_9\47_20210418 (1452).JPG;1
\vacia\Nothing_mammalWeb\12106.jpg;0
\caballo\caballos_alumno_AM\caballos_alumno_AM\9_20201712 (855).JPG;1
\cervidae\CERVIDREDORFALLOWDEER_ZOO_5_6_7_9\38_20210319 (6735).JPG;1
\cervidae\cervidae_diego_1_rev_donana\24_20201019 (3662).JPG;1
\cervidae\CERVIDREDORFALLOWDEER_ZOO_1_4\37_20201116 (12160).JPG;1
\cervidae\ciervo_PNC_2014_ISAAC\c11895IMAG0128.JPG;1
\cervidae\CERVIDREDORFALLOWDEER_ZOO_5_6_7_9\42_20210618 (120).JPG;1
\gato_domestico\cat_IslandConservationCameraTraps\puertorico_18_20150105_083533_img_0185.jpg;1
\cervidae\ciervo_PNM_2012_ME\d7759IM000064.JPG;1
\meloncillo\3_Meloncillo_PEPE_IREC_JC\IMAG0024_(5).JPG;1
\cervidae\gamo_Javi_3_JC\9_20201025 (455).JPG;1
\gato_domestico\cat_CaltechCameraTrap\59b7a646-23d2-11e8-a6a3-ec086b02610b.jpg;1
\vacia\empty_SnapshotMountainZebra\MTZ_S1_E06_R3_IMAG0860.JPG;0
\vacia\vacias_1_de_2_PNC_2012_ISAAC\a41140IM000420.JPG;0
\gato_domestico\gato_WellingtonCameraTraps_SS\060516232314006c0152.JPG;1
\cervidae\ciervo_alumno_2_TH\21_20201025 (4285).JPG;1
\vacia\empty_IslandConservationCameraTraps\dominicanrepublic_cam0425abril2015_20130821_050355_sunp4037.jpg;0
\zorro\zorro_PNC_2013-O_RED_ISAAC\b6637IM000059.JPG;1
\cervidae\CERVIDREDORFALLOWDEER_ZOO_1_4\15_20210117 (10124).JPG;1
\caballo\HORSE_ZOO_1_4\9_20210114 (816).JPG;1
\humanovehiculo\humanovehiculo_PNC_2013-O_RED_ISAAC\b1699IMAG0227.JPG;1
\caballo\HORSE_ZOO_5_6_7_9\46_20210618 (1109).JPG;1
\cervidae\CERVIDREDORFALLOWDEER_ZOO_1_4\4_20201220 (1028).JPG;1
\cervidae\CERVIDREDORFALLOWDEER_ZOO_5_6_7_9\28_20210417 (5020).JPG;1
\caballo\HORSE_ZOO_5_6_7_9\15_20210219 (8273) (2021_04_15 06_16_22 UTC).JPG;1
\zorro\zorro_PNM_2013-O_ISAAC\f12823IM000229.JPG;1
\tejon\2_tejon_alumno_2_AM_JC\STC_0113 (2)_frame120.jpg;1
\vacia\empty_SnapshotCamdeboo\CDB_S1_C03_R2_IMAG0376.JPG;0
\vacia\empty_IslandConservationCameraTraps\palau_cam04a12132018_20181112_120000_rcnx2186.jpg;0
\vacia\empty_IslandConservationCameraTraps\dominicanrepublic_cam0425abril2015_20130807_060910_sunp0685.jpg;0
\cervidae\CERVIDREDORFALLOWDEER_ZOO_1_4\33_20201025 (22).JPG;1
\vacia\empty_IslandConservationCameraTraps\dominicanrepublic_cam1826junio2015_20150505_113031_img_2569.jpg;0
\ave\ave_Paco_Carro_JC\MDGC0147.JPG;1
\humanovehiculo\HUMANORVEHICLE_ZOO_1_4\33_20201025 (352).JPG;1
\meloncillo\Meloncillo_PEPE_IREC_JC\IMAG0761_(2).JPG;1
\cervidae\ciervo_ME_rev_1_donana\34_20201024 (815).JPG;1
\cervidae\CERVIDREDORFALLOWDEER_ZOO_5_6_7_9\31_20210219 (593) (2021_04_15 06_16_22 UTC).JPG;1
\cervidae\CERVIDREDORFALLOWDEER_ZOO_1_4\15_20201215 (520).JPG;1
\cervidae\CERVIDREDORFALLOWDEER_ZOO_5_6_7_9\28_20210417 (5017).JPG;1
\vacia\NOANIMAL_ZOO_5_6_7_9\48_20210418 (661).JPG;0
\vacia\empty_IslandConservationCameraTraps\ecuador1_ic1611_20150101_000003_img_2117.jpg;0
\humanovehiculo\humanovehiculo_PNC_2014_manuel\c5799IM000063.JPG;1
\vacia\empty_SnapshotMountainZebra\MTZ_S1_C04_R3_IMAG0623.JPG;0
\jabali\WILDBOAR_ZOO_1_4\41_20201025 (35).JPG;1
\meloncillo\Meloncillo_PEPE_IREC_JC\IMAG1769.JPG;1
\vacia\empty_IslandConservationCameraTraps\dominicanrepublic_cam1725abril2015_20150407_084353_img_0160.jpg;0
\jabali\WILDBOAR_ZOO_1_4\7_20201025 (260).JPG;1
\zorro\zorro_Leo_Otra_fauna_PASADA_POR_LA_RED_JC\Otrafauna (133).jpg;1
\vaca\COW_ZOO_1_4\21_20210114 (960).JPG;1
\vacia\vacia_alumno_AM_2\18_20201024 (216).JPG;0
\vacia\NOANIMAL_ZOO_1_4\7_20210115 (1410).JPG;0
\vacia\empty_SnapshotMountainZebra\MTZ_S1_D06_R1_IMAG1294.JPG;0
\vacia\empty_IslandConservationCameraTraps\dominicanrepublic_cam0425abril2015_20130809_041549_sunp1612.jpg;0
\leporido\conejo_WellingtonCameraTraps_SS\2006150955220842S171.JPG;1
\vacia\NOANIMAL_ZOO_1_4\7_20210115 (1947).JPG;0
\zorro\Zorro_Pepe_IREC\Zorro_Pepe_Irec_ME\IMAG0120_(5).JPG;1
\vacia\NOANIMAL_ZOO_5_6_7_9\2_20210417 (17353).JPG;0
\cervidae\CERVIDREDORFALLOWDEER_ZOO_5_6_7_9\15_20210219 (4521) (2021_04_15 06_16_22 UTC).JPG;1
\vaca\COW_ZOO_5_6_7_9\9_20210615 (2416).JPG;1
\cervidae\ciervo_PNC_2014_ISAAC\c21939IM000036.JPG;1
\humanovehiculo\humanovehiculo_PNC_2013-O_RED_ISAAC\b4131IMAG0004.JPG;1
\cervidae\CERVIDREDORFALLOWDEER_ZOO_1_4\24_20210115 (603).JPG;1
\micromamiferos\micromamifero_WellingtonCameraTraps_SS\140716221852038bs231.JPG;1
\ave\shearwater_IslandConservationCameraTraps\chile_piedra012013_2601201352539.jpg;1
\vacia\empty_IslandConservationCameraTraps\dominicanrepublic_cam0526julio2015_20150626_103855_sunp0813.jpg;0
\vacia\NOANIMAL_ZOO_5_6_7_9\24_20210318 (11284).JPG;0
\cervidae\ciervo_Paco_Carro_JC\PICT0435.JPG;1
\cervidae\CERVIDREDORFALLOWDEER_ZOO_5_6_7_9\10_20210417 (836).JPG;1
\humanovehiculo\humanovehiculo_Caltech\59bfddc4-23d2-11e8-a6a3-ec086b02610b.jpg;1
\lince\Lince_a_Linces2_Leo_JC\Lince47 (14).jpg;1
\vacia\vacias_PNC_2014_ISAAC\c11012FILE0068.JPG;0
\vacia\Vacio__diego_2_rev_donana\28_20201019 (1831).JPG;0
\gato_domestico\cat_CaltechCameraTrap\58857b04-23d2-11e8-a6a3-ec086b02610b.jpg;1
\vacia\NOANIMAL_ZOO_5_6_7_9\50_20210408 (7168).JPG;0
\cervidae\cervido_simone_2\37_20201024 (9026).JPG;1
\zorro\Red fox_mammalWeb\6131.jpg;1
\mapache\raccoon_CaltechCameraTrap_ME\597cd699-23d2-11e8-a6a3-ec086b02610b.jpg;1
\perro\dog_caltechCameraTraps\59df5ce8-23d2-11e8-a6a3-ec086b02610b.jpg;1
\micromamiferos\rodent_CaltechCameraTrap_JC\Roedor_ rodent_CaltechCameraTrap_JC\592abdc4-23d2-11e8-a6a3-ec086b02610b.jpg;1
\leporido\rabbit_CaltechCameraTrap_ME\5897b293-23d2-11e8-a6a3-ec086b02610b.jpg;1
\leporido\rabbit_CaltechCameraTrap_ME\59ec5590-23d2-11e8-a6a3-ec086b02610b.jpg;1
\vacia\NOANIMAL_ZOO_1_4\6_20201812 (14132).JPG;0
\vacia\NOANIMAL_ZOO_1_4\6_20201812 (9718).JPG;0
\cervidae\CERVIDREDORFALLOWDEER_ZOO_1_4\37_20210115 (904).JPG;1
\vacia\empty_caltechCameraTraps\5a2c8764-23d2-11e8-a6a3-ec086b02610b.jpg;0
\vacia\NOANIMAL_ZOO_1_4\40_20201117 (1123).JPG;0
\vacia\empty_IslandConservationCameraTraps\dominicanrepublic_cam1826julio2015_20150702_080931_img_0832.jpg;0
\cervidae\ciervo_Paco_Carro_JC\MDGC0599.JPG;1
\cervidae\CERVIDREDORFALLOWDEER_ZOO_5_6_7_9\17_20210318 (531).JPG;1
\cervidae\CERVIDREDORFALLOWDEER_ZOO_1_4\4_20210117 (1202).JPG;1
\humanovehiculo\HUMANORVEHICLE_ZOO_5_6_7_9\19_20210417 (9).JPG;1
\zorro\Zorro_Pepe_IREC\Zorro_Pepe_Irec_ME\IMAG0069_(18).JPG;1
\vacia\empty_IslandConservationCameraTraps\micronesia_cam04_cam04june2019_20190630192503_rcnx2106.jpg;0
\vaca\COW_ZOO_1_4\2_20210115 (3023).JPG;1
\vacia\empty_SnapshotMountainZebra\MTZ_S1_D07_R1_IMAG0413.JPG;0
\vacia\SnampshotEnonkishu\ENO_S1_B03_R1_IMAG0836.JPG;0
\cervidae\ciervo_PNC_2014_ISAAC\c11647IMAG0424.JPG;1
\gato_domestico\cat_IslandConservationCameraTraps\dominicanrepublic_cam23agosto2015_20150804_233535_img_0013.jpg;1
\ave\Mirlo_PNC_2012_JC\a15689IMAG0072.JPG;1
\zorro\Zorro_Pepe_IREC\Zorro_Pepe_Irec_ME\IMAG0064_(22).JPG;1
\leporido\rabbit_CaltechCameraTrap_ME\58af76e1-23d2-11e8-a6a3-ec086b02610b.jpg;1
\gato_domestico\gato_WellingtonCameraTraps_SS\0706150116200745L093.JPG;1
\cervidae\deer_CaltechCameraTrap\59b2e8ee-23d2-11e8-a6a3-ec086b02610b.jpg;1
\vacia\NOANIMAL_ZOO_5_6_7_9\2_20210618 (19494).JPG;0
\caballo\caballos_alumno_AM\caballos_alumno_AM\9_20201712 (397).JPG;1
\vacia\vacia_ss\27_20201023 (1048).JPG;0
\vacia\vacias_PNC_2014_ISAAC\c29416IM000049.JPG;0
\gato_domestico\cat_IslandConservationCameraTraps\palau_cam09a12132018_20181122_002722_rcnx1127.jpg;1
\leporido\rabbit_IslandConservationCameraTraps\chile_piedra012013_0205201362106.jpg;1
\vacia\vacia_Paco_Carro_JC\01130764.JPG;0
\micromamiferos\micromamiferos_Paco_Carro_JC\IMG_0018 (3).JPG;1
\cervidae\deer_CaltechCameraTrap\594081de-23d2-11e8-a6a3-ec086b02610b.jpg;1
\jabali\WILDBOAR_ZOO_1_4\20_20210115 (836).JPG;1
\cervidae\CERVIDREDORFALLOWDEER_ZOO_5_6_7_9\28_20210615 (1481).JPG;1
\cervidae\CERVIDREDORFALLOWDEER_ZOO_1_4\21_20201025 (1679).JPG;1
\cervidae\CERVIDREDORFALLOWDEER_ZOO_5_6_7_9\15_20210219 (11133) (2021_04_15 06_16_22 UTC).JPG;1
\vacia\empty_IslandConservationCameraTraps\puertorico_17b_20150202_152727_img_0162.jpg;0
\jabali\WILDBOAR_ZOO_1_4\12_20210116 (268).JPG;1
\vacia\vacias_2_de_2_PNC_2012_ISAAC\a43329IM000131.JPG;0
\gato_domestico\gato_WellingtonCameraTraps_SS\05101515551605197511.JPG;1
\cervidae\ciervo_PNM_2012_ME\d14304IMAG0018.JPG;1
\cervidae\CERVIDREDORFALLOWDEER_ZOO_5_6_7_9\46_20210618 (84).JPG;1
\vacia\NOANIMAL_ZOO_5_6_7_9\25_20210417 (1550).JPG;0
\vacia\vacias_2_de_2_PNC_2012_ISAAC\a13943IM000141.JPG;0
\ave\OTHERSPECIES_ZOO_1_4\15_20210117 (9360).JPG;1
\zorro\zorro_Leo_Otra_fauna_PASADA_POR_LA_RED_JC\Otrafauna (88).jpg;1
\zorro\zorro_vacías_humanos_PNC_2012_ME\a13752IM000183.JPG;1
\cervidae\cervidae_buscar_cab_isaac_sin_contar\2_20201117 (1498).JPG;1
\caballo\caballos_alumno_AM\caballos_alumno_AM\9_20201712 (609).JPG;1
\vacia\NOANIMAL_ZOO_5_6_7_9\32_20210615 (6574).JPG;0
\vacia\NOANIMAL_ZOO_1_4\6_20201812 (13329).JPG;0
\humanovehiculo\humano_vehiculo_PNM_2012_ISAAC\d13818IM000120.JPG;1
\lince\Lince_a_Linces2_Leo_JC\lince125 (216).JPG;1
\zorro\Zorro_PNC_2014_JC\c27380IM000012.JPG;1
\cervidae\2_ciervo_Javi_3_JC\21_20201025 (4219).JPG;1
\jabali\jabali_PNC_2014_manuel\c8575IM000035.JPG;1
\vacia\vacia_alumno_1_TH\Nada (52)_frame110.jpg;0
\leporido\rabbit_CaltechCameraTrap_ME\586e2def-23d2-11e8-a6a3-ec086b02610b.jpg;1
\vacia\empty_IslandConservationCameraTraps\dominicanrepublic_cam1826junio2015_20150505_083500_img_1570.jpg;0
\humanovehiculo\HUMANORVEHICLE_ZOO_1_4\31_20201023 (472).JPG;1
\lince\Lince_b_Linces2_Leo_JC\lince206 (20).JPG;1
\cervidae\CERVIDREDORFALLOWDEER_ZOO_1_4\14_20201218 (1395).JPG;1
\leporido\conejo_Paco_Carro_JC\PICT2393.JPG;1
\vacia\NOANIMAL_ZOO_1_4\40_20201117 (2305).JPG;0
\cervidae\deer_CaltechCameraTrap\599fbf07-23d2-11e8-a6a3-ec086b02610b.jpg;1
\lince\Lince_b_Linces2_Leo_JC\lince135 (7).JPG;1
\vaca\COW_ZOO_1_4\15_20201024 (8052).JPG;1
\micromamiferos\rodent_CaltechCameraTrap_JC\Roedor_ rodent_CaltechCameraTrap_JC\5975166a-23d2-11e8-a6a3-ec086b02610b.jpg;1
\jabali\Jabali1_diego_1_rev_donana\29_20201023 (198).JPG;1
\vacia\empty_caltechCameraTraps\59e77c77-23d2-11e8-a6a3-ec086b02610b.jpg;0
\vacia\NOANIMAL_ZOO_5_6_7_9\50_20210417 (24624).JPG;0
\vacia\NOANIMAL_ZOO_5_6_7_9\24_20210318 (8834).JPG;0
\vacia\NOANIMAL_ZOO_5_6_7_9\24_20210418 (535).JPG;0
\vacia\NOANIMAL_ZOO_1_4\6_20201116 (4566).JPG;0
\garduna\garduña_Saul Martin_FRAMES_SIN_REPETIDOS_REVISADOS_DIEGO\IMAG0032_frame320.jpg;1
\vaca\COW_ZOO_5_6_7_9\17_20210218 (483) (2021_04_15 06_16_22 UTC).JPG;1
\leporido\rabbit_IslandConservationCameraTraps\chile_piedra012013_24052013222340.jpg;1
\zorro\zorro_PNM_2013-O_ISAAC\f15076IM000084.JPG;1
\leporido\conejo_WellingtonCameraTraps_SS\091116062120040a1121.JPG;1
\vacia\empty_SnapshotMountainZebra\MTZ_S1_G04_R3_IMAG1184.JPG;0
\vacia\SnampshotEnonkishu\ENO_S1_D06_R1_IMAG3691.JPG;0
\cervidae\cervicidae_alumno_TH_3_TH_JC\30_20201021 (473).JPG;1
\vacia\NOANIMAL_ZOO_1_4\34_20210115 (1569).JPG;0
\cervidae\2_ciervo_simone_2\34_20201024 (3363).JPG;1
\humanovehiculo\humanovehiculo_vacías_humanos_PNC_2012_ME\a44420IM000002.JPG;1
\mapache\raccoon_CaltechCameraTrap_ME\5a0494b6-23d2-11e8-a6a3-ec086b02610b.jpg;1
\vacia\NOANIMAL_ZOO_1_4\43_20201217 (1500).JPG;0
\vacia\NOANIMAL_ZOO_1_4\22_20201022 (934).JPG;0
\ave\OTHERSPECIES_ZOO_1_4\15_20201215 (6550).JPG;1
\vacia\NOANIMAL_ZOO_5_6_7_9\28_20210318 (11400).JPG;0
\vacia\empty_caltechCameraTraps\598496f9-23d2-11e8-a6a3-ec086b02610b.jpg;0
\lince\Lince_a_Linces2_Leo_JC\lince75 (95).JPG;1
\cervidae\CERVIDREDORFALLOWDEER_ZOO_5_6_7_9\15_20210219 (6960) (2021_04_15 06_16_22 UTC).JPG;1
\cervidae\ciervo_Javi_3_JC\25_20201024 (455).JPG;1
\ave\chicken_IslandConservationCameraTraps\palau_cam13a12132018_20181101_083223_rcnx1092.jpg;1
\vacia\empty_caltechCameraTraps\595adbab-23d2-11e8-a6a3-ec086b02610b.jpg;0
\ave\ave_PNC_2013-O_RED_ISAAC\b4522IMAG0401.JPG;1
\zorro\ZORRO_PNM_2012_ISAAC\d14913IMAG0015.JPG;1
\vacia\NOANIMAL_ZOO_1_4\34_20210115 (5309).JPG;0
\leporido\rabbit_IslandConservationCameraTraps\chile_piedra012013_1405201334946.jpg;1
\caballo\HORSE_ZOO_1_4\2_20201117 (5196).JPG;1
\vacia\empty_IslandConservationCameraTraps\dominicanrepublic_cam0526julio2015_20150626_150457_sunp1098.jpg;0
\cervidae\cervidae_vacías_humanos_PNC_2012_ME\a17437IM000093.JPG;1
\cervidae\CERVIDREDORFALLOWDEER_ZOO_1_4\5_20210115 (1195).JPG;1
\jabali\WILDBOAR_ZOO_1_4\10_20210115 (5389).JPG;1
\vacia\empty_SnapshotMountainZebra\MTZ_S1_D07_R1_IMAG0797.JPG;0
\jabali\WILDBOAR_ZOO_1_4\11_20201027 (124).JPG;1
\gineta\gineta_Soraya_Padilla_Alumno_1_TH\DSCF0278_frame140.jpg;1
\vacia\vacias_2_de_2_PNC_2012_ISAAC\a43683IM000506.JPG;0
\leporido\rabbit_CaltechCameraTrap_ME\5a0fd1b8-23d2-11e8-a6a3-ec086b02610b.jpg;1
\humanovehiculo\HUMANORVEHICLE_ZOO_5_6_7_9\9_20210318 (982).JPG;1
\humanovehiculo\HUMANORVEHICLE_ZOO_1_4\28_20210115 (2).JPG;1
\jabali\WILDBOAR_ZOO_5_6_7_9\31_20210219 (1047) (2021_04_15 06_16_22 UTC).JPG;1
\vacia\empty_SnapshotMountainZebra\MTZ_S1_D05_R1_IMAG2398.JPG;0
\vacia\NOANIMAL_ZOO_5_6_7_9\24_20210318 (16507).JPG;0
\vaca\cow_CaltechCameraTrap\591b250d-23d2-11e8-a6a3-ec086b02610b.jpg;1
\cervidae\CERVIDREDORFALLOWDEER_ZOO_5_6_7_9\38_20210618 (1217).JPG;1
\vacia\NOANIMAL_ZOO_1_4\34_20210115 (1619).JPG;0
\leporido\LEPORIDRABBITORHARE_ZOO_5_6_7_9\36_20210319 (9024).JPG;1
\vacia\NOANIMAL_ZOO_1_4\26_20201020 (18082).JPG;0
\vacia\vacia_Paco_Carro_JC\01130493 (2).JPG;0
\cervidae\CERVIDREDORFALLOWDEER_ZOO_5_6_7_9\39_20210318 (129).JPG;1
\vacia\NOANIMAL_ZOO_1_4\6_20201812 (10717).JPG;0
\vacia\NOANIMAL_ZOO_5_6_7_9\25_20210417 (8851).JPG;0
\cervidae\CERVIDREDORFALLOWDEER_ZOO_1_4\15_20210117 (112).JPG;1
\vacia\NOANIMAL_ZOO_1_4\13_20201219 (758).JPG;0
\cervidae\ciervo_PNC_2013-O_RED_ISAAC\b16712IM000162.JPG;1
\leporido\rabbit_IslandConservationCameraTraps\chile_frances012013_22122012122026.jpg;1
\vacia\NOANIMAL_ZOO_5_6_7_9\2_20210417 (11230).JPG;0
\zorro\REDFOX_ZOO_5_6_7_9\50_20210417 (117).JPG;1
\vacia\empty_IslandConservationCameraTraps\ecuador1_ic1611_20150101_000003_img_3070.jpg;0
\meloncillo\Meloncillo_PEPE_IREC_JC\IMAG0058_(8).JPG;1
\jabali\WILDBOAR_ZOO_1_4\29_20201023 (672).JPG;1
\leporido\Lagomorpha_ME_rev_2_donana\6_20201023 (2775).JPG;1
\cervidae\CERVIDREDORFALLOWDEER_ZOO_1_4\36_20201019 (2663).JPG;1
\zorro\zorro_PNC_2013-I_RED_ME\8517IMAG0062.JPG;1
\micromamiferos\micromamifero_WellingtonCameraTraps_SS\200316024528043as113.JPG;1
\vacia\empty_SnapshotMountainZebra\MTZ_S1_D05_R1_IMAG0772.JPG;0
\zorro\zorro_alumno_2_2_TH\15_20201024 (2466).JPG;1
\vacia\NOANIMAL_ZOO_1_4\7_20210115 (2702).JPG;0
\leporido\conejo_Paco_Carro_JC\01090445.JPG;1
\vacia\empty_IslandConservationCameraTraps\dominicanrepublic_cam1125abril2015_20150420_170507_img_2142.jpg;0
\cervidae\CERVIDREDORFALLOWDEER_ZOO_5_6_7_9\28_20210615 (1492).JPG;1
\vacia\vacia_Paco_Carro_JC\MDGC0589.JPG;0
\vacia\vacias_1_de_2_PNC_2012_ISAAC\a44051IM000863.JPG;0
\jabali\jabali_revGinetasJC_REV1_4_donana\37_20201116 (15527).JPG;1
\vacia\empty_IslandConservationCameraTraps\ecuador1_ic1611_20150101_000001_img_1177.jpg;0
\cervidae\CERVIDREDORFALLOWDEER_ZOO_5_6_7_9\2_20210417 (976).JPG;1
\cervidae\CERVIDREDORFALLOWDEER_ZOO_5_6_7_9\15_20210219 (2655) (2021_04_15 06_16_22 UTC).JPG;1
\vacia\NOANIMAL_ZOO_5_6_7_9\50_20210417 (23676).JPG;0
\jabali\WILDBOAR_ZOO_1_4\11_20201217 (181).JPG;1
\cervidae\cervidae_alumno_2_TH\22_20201022 (947).JPG;1
\vacia\NOANIMAL_ZOO_5_6_7_9\24_20210418 (3224).JPG;0
\leporido\2_conejo_Paco_Carro_JC\PICT1153.JPG;1
\caballo\caballos_alumno_AM\caballos_alumno_AM\2_20201215 (2878).JPG;1
\jabali\jabali_PNC_2013-I_RED_ME\1344IM000044.JPG;1
\gato_domestico\gato_WellingtonCameraTraps_SS\120916044702043b7393.JPG;1
\lince\Lince_a_Linces2_Leo_JC\lince77 (66).JPG;1
\ave\ave_ave_WellingtonCameraTraps_SS\050116144638012as122.JPG;1
\cervidae\ciervo_PNM_2012_ME\d10403IM000462.JPG;1
\caballo\HORSE_ZOO_5_6_7_9\46_20210618 (182).JPG;1
\vacia\Nothing_mammalWeb\116513.jpg;0
\vacia\empty_SnapshotMountainZebra\MTZ_S1_D07_R1_IMAG0072.JPG;0
\caballo\HORSE_ZOO_5_6_7_9\15_20210219 (8668) (2021_04_15 06_16_22 UTC).JPG;1
\ave\birdother_SnapshotCamdeboo\CDB_S1_C07_R2_IMAG3735.JPG;1
\cervidae\CERVIDREDORFALLOWDEER_ZOO_1_4\40_20201024 (6511).JPG;1
\vacia\empty_IslandConservationCameraTraps\puertorico_4b_20150127_134745_img_0092.jpg;0
\jabali\jabali_javi_JC\37_20201024 (1471).JPG;1
\gato_domestico\cat_IslandConservationCameraTraps\chile_vaqueria2013_1601201354204.jpg;1
\vacia\NOANIMAL_ZOO_1_4\40_20201024 (6017).JPG;0
\ave\ave_ave_WellingtonCameraTraps_SS\041016135716030as102.JPG;1
\vacia\empty_IslandConservationCameraTraps\dominicanrepublic_cam1826junio2015_20150505_085622_img_1697.jpg;0
\leporido\2_conejo_alumno_1_AM_2\6_20201023 (2199).JPG;1
\vacia\empty_SnapshotKaroo\KAR_S1_C02_R1_IMAG0485.JPG;0
\vacia\NOANIMAL_ZOO_1_4\26_20201020 (10381).JPG;0
\vacia\NOANIMAL_ZOO_1_4\33_20201217 (600).JPG;0
\lince\Lince_a_Linces2_Leo_JC\lince110 (7).JPG;1
\jabali\WILDBOAR_ZOO_1_4\37_20210115 (545).JPG;1
\vacia\NOANIMAL_ZOO_1_4\21_20201119 (4343).JPG;0
\jabali\WILDBOAR_ZOO_5_6_7_9\33_20210218 (115) (2021_04_15 06_16_22 UTC).JPG;1
\ave\rabilargo_PNM_2013-0_ME\f22674IM000185.JPG;1
\vacia\vacias_1_de_2_PNC_2012_ISAAC\a37368IM000489.JPG;0
\ave\bird_CaltechCameraTrap\5a0fd06f-23d2-11e8-a6a3-ec086b02610b.jpg;1
\cervidae\CERVIDREDORFALLOWDEER_ZOO_1_4\18_20201024 (136).JPG;1
\vaca\COW_ZOO_5_6_7_9\9_20210615 (1584).JPG;1
\caballo\caballos_alumno_AM\caballos_alumno_AM\9_20201712 (841).JPG;1
\caballo\HORSE_ZOO_1_4\37_20210115 (1584).JPG;1
\vacia\NOANIMAL_ZOO_1_4\7_20210115 (2825).JPG;0
\cervidae\CERVIDREDORFALLOWDEER_ZOO_1_4\15_20210117 (8945).JPG;1
\cervidae\ciervo_PNM_2013-O_ISAAC\f9943IM000220.JPG;1
\vacia\empty_SnapshotMountainZebra\MTZ_S1_C06_R3_IMAG1367.JPG;0
\gato_domestico\gato_WellingtonCameraTraps_SS\2405151645060830L081.JPG;1
\lince\linces_fecha_Linces2_Leo_JC\3_Lince_flecha_Linces2_Leo_JC\lince176 (94).JPG;1
\ave\Zorzal_PNC_2013-O_ME\b4435IMAG0309.JPG;1
\cervidae\ciervo_PNC_2014_ISAAC\c24515IMAG0026.JPG;1
\humanovehiculo\HUMANORVEHICLE_ZOO_5_6_7_9\1_20210219 (141) (2021_04_15 06_16_22 UTC).JPG;1
\cervidae\CERVIDREDORFALLOWDEER_ZOO_5_6_7_9\24_20210219 (2554) (2021_04_15 06_16_22 UTC).JPG;1
\cervidae\ciervo_PNM_2013-O_ISAAC\f11326IM000343.JPG;1
\vacia\NOANIMAL_ZOO_5_6_7_9\18_20210417 (4865).JPG;0
\lince\Lince_b_Linces2_Leo_JC\lince179 (1).JPG;1
\vacia\empty_IslandConservationCameraTraps\dominicanrepublic_cam0425abril2015_20130807_050205_sunp0639.jpg;0
\vacia\vacia_Paco_Carro_JC\IMG_0696.JPG;0
\leporido\rabbit_CaltechCameraTrap_ME\595c6812-23d2-11e8-a6a3-ec086b02610b.jpg;1
\cervidae\3_ciervo_alumno_2_TH\34_20201024 (2317).JPG;1
\vacia\empty_IslandConservationCameraTraps\dominicanrepublic_cam0425abril2015_20130809_022533_sunp1408.jpg;0
\leporido\LEPORIDRABBITORHARE_ZOO_5_6_7_9\2_20210219 (614) (2021_04_15 06_16_22 UTC).JPG;1
\zorro\zorro_PNC_2013-O_RED_ISAAC\b17276IM000099.JPG;1
\vacia\NOANIMAL_ZOO_5_6_7_9\22_20210417 (5476).JPG;0
\vacia\empty_IslandConservationCameraTraps\ecuador2_ic1607_20150122_063020_img_0697.jpg;0
\vacia\vacia_alumno_TH_3_TH_JC\10_20201019 (9113).JPG;0
\cervidae\CERVIDREDORFALLOWDEER_ZOO_5_6_7_9\24_20210318 (6351).JPG;1
\mapache\raccoon_CaltechCameraTrap_ME\59e1046f-23d2-11e8-a6a3-ec086b02610b.jpg;1
\vacia\NOANIMAL_ZOO_5_6_7_9\2_20210417 (7854).JPG;0
\cervidae\CERVIDREDORFALLOWDEER_ZOO_1_4\24_20201218 (474).JPG;1
\humanovehiculo\car_CaltechCameraTrap_ME\vehiculo\59aada08-23d2-11e8-a6a3-ec086b02610b.jpg;1
\vacia\NOANIMAL_ZOO_1_4\26_20201020 (10915).JPG;0
\jabali\jabali_javi_JC\33_20201025 (43).JPG;1
\vaca\cow_CaltechCameraTrap\58995911-23d2-11e8-a6a3-ec086b02610b.jpg;1
\vaca\COW_ZOO_5_6_7_9\9_20210615 (123).JPG;1
\cervidae\CERVIDREDORFALLOWDEER_ZOO_5_6_7_9\19_20210319 (785).JPG;1
\cervidae\CERVIDREDORFALLOWDEER_ZOO_5_6_7_9\38_20210319 (6663).JPG;1
\zorro\zorro_Saul Martin_FRAMES_SIN_REPETIDOS_REVISADOS_DIEGO\SY_00036_frame340.jpg;1
\cervidae\CERVIDREDORFALLOWDEER_ZOO_1_4\21_20201025 (5947).JPG;1
\vaca\COW_ZOO_1_4\21_20201217 (4597).JPG;1
\cervidae\CERVIDREDORFALLOWDEER_ZOO_1_4\28_20201019 (102).JPG;1
\vacia\vacia_javi_2_JC\27_20201023 (4847).JPG;0
\zorro\zorro_PNM_2013-O_ISAAC\f20885IM000387.JPG;1
\cervidae\CERVIDREDORFALLOWDEER_ZOO_1_4\21_20201025 (1326).JPG;1
\cervidae\ciervo_Javi_3_JC\21_20201025 (4295).JPG;1
\vacia\empty_SnapshotMountainZebra\MTZ_S1_D05_R1_IMAG1481.JPG;0
\cervidae\Ciervo_PNC_2014_JC\c4641IM000059.JPG;1
\tejon\Tejon_ME_rev_2_donana\20_20201024 (1261).JPG;1
\vacia\empty_IslandConservationCameraTraps\dominicanrepublic_cam1826junio2015_20150505_115942_img_2738.jpg;0
\vacia\NOANIMAL_ZOO_5_6_7_9\28_20210318 (666).JPG;0
\cervidae\deer_CaltechCameraTrap\587eec6e-23d2-11e8-a6a3-ec086b02610b.jpg;1
\humanovehiculo\humanovehiculo_PNC_2014_manuel\c25672IM000009.JPG;1
\jabali\WILDBOAR_ZOO_5_6_7_9\37_20210220 (249) (2021_04_15 06_16_22 UTC).JPG;1
\vacia\vacia_alumno_TH_3_TH_JC\15_20201024 (7907).JPG;0
\vacia\empty_SnapshotMountainZebra\MTZ_S1_D05_R1_IMAG2312.JPG;0
\vacia\empty_IslandConservationCameraTraps\dominicanrepublic_cam1825septiembre2015_20150725_125555_img_0034.jpg;0
\cervidae\ciervo_ME_rev_1_donana\37_20201024 (10556).JPG;1
\vacia\Vacia_Paco_Carro_camarasliron_4_2_PASADAS_POR_LA_RED_JC\MDGC0367.JPG;0
\vacia\empty_caltechCameraTraps\597e639a-23d2-11e8-a6a3-ec086b02610b.jpg;0
\vacia\vacias_PNC_2014_ISAAC\c9008IM000093.JPG;0
\cervidae\ciervo_simone_2\34_20201024 (3624).JPG;1
\vacia\NOANIMAL_ZOO_1_4\6_20201812 (9001).JPG;0
\vacia\NOANIMAL_ZOO_5_6_7_9\13_20210218 (971) (2021_04_15 06_16_22 UTC).JPG;0
\leporido\conejo_alumno_1_TH\Conejo_alumno_2_AM_JC\Orycun (13)_frame090.jpg;1
\zorro\Zorro_PNC_2014_JC\c6193IM000134.JPG;1
\cervidae\CERVIDREDORFALLOWDEER_ZOO_1_4\28_20201117 (81).JPG;1
\zorro\Red Fox_ena24\3263.jpg;1
\cervidae\CERVIDREDORFALLOWDEER_ZOO_5_6_7_9\5_20210319 (988).JPG;1
\cervidae\ciervo_vacías_humanos_PNC_2012_ME\a14418IM000349.JPG;1
\vacia\NOANIMAL_ZOO_1_4\26_20201020 (15188).JPG;0
\humanovehiculo\HUMANORVEHICLE_ZOO_5_6_7_9\42_20210218 (7) (2021_04_15 06_16_22 UTC).JPG;1
\vacia\NOANIMAL_ZOO_5_6_7_9\50_20210408 (17764).JPG;0
\jabali\WILDBOAR_ZOO_1_4\7_20201118 (321).JPG;1
\meloncillo\Meloncillo_PEPE_IREC_JC\IMAG0028_(3).JPG;1
\vacia\empty_caltechCameraTraps\59d0e3fa-23d2-11e8-a6a3-ec086b02610b.jpg;0
\cervidae\CERVIDREDORFALLOWDEER_ZOO_5_6_7_9\18_20210219 (7772) (2021_04_15 06_16_22 UTC).JPG;1
\cervidae\deer_CaltechCameraTrap\5897b32e-23d2-11e8-a6a3-ec086b02610b.jpg;1
\cervidae\CERVIDREDORFALLOWDEER_ZOO_1_4\26_20201020 (4151).JPG;1
\vacia\NOANIMAL_ZOO_5_6_7_9\24_20210418 (8482).JPG;0
\jabali\WILDBOAR_ZOO_1_4\37_20201116 (10877).JPG;1
\leporido\conejo_Paco_Carro_JC\PICT0865 (2).JPG;1
\leporido\rabbit_IslandConservationCameraTraps\chile_piedra012013_02052013185904.jpg;1
\vacia\vacias_2_de_2_PNC_2012_ISAAC\a4667IM000523.JPG;0
\vacia\NOANIMAL_ZOO_5_6_7_9\49_20210418 (2608).JPG;0
\leporido\conejo_Paco_Carro_JC\PICT0618.JPG;1
\leporido\rabbit_IslandConservationCameraTraps\chile_frances022013_25042013224920.jpg;1
\vaca\COW_ZOO_1_4\17_20201026 (790).JPG;1
\vaca\COW_ZOO_5_6_7_9\9_20210615 (1772).JPG;1
\vacia\NOANIMAL_ZOO_1_4\15_20201024 (3395).JPG;0
\vacia\NOANIMAL_ZOO_5_6_7_9\49_20210418 (840).JPG;0
\vacia\empty_SnapshotMountainZebra\MTZ_S1_G04_R3_IMAG2480.JPG;0
\zorro\zorro_PNC_2014_manuel\c30693IM000039.JPG;1
\leporido\liebre\liebre_ME\f8560IM000040.JPG;1
\cervidae\CERVIDREDORFALLOWDEER_ZOO_1_4\36_20201019 (2123).JPG;1
\ave\ave_PNC_2014_manuel\c3838IMAG0177.JPG;1
\vaca\COW_ZOO_5_6_7_9\9_20210615 (132).JPG;1
\vacia\NOANIMAL_ZOO_1_4\6_20201116 (4421).JPG;0
\vacia\empty_caltechCameraTraps\598c5baf-23d2-11e8-a6a3-ec086b02610b.jpg;0
\gato_domestico\cat_CaltechCameraTrap\58718570-23d2-11e8-a6a3-ec086b02610b.jpg;1
\leporido\LEPORIDRABBITORHARE_ZOO_1_4\21_20201025 (5573).JPG;1
\vaca\COW_ZOO_5_6_7_9\21_20210418 (2309).JPG;1
\leporido\conejo_Paco_Carro_JC\PICT1512.JPG;1
\vacia\empty_SnapshotMountainZebra\MTZ_S1_G04_R3_IMAG0668.JPG;0
\jabali\WILDBOAR_ZOO_5_6_7_9\11_20210318 (832).JPG;1
\ave\PERDIZ_PNM_2012_ISAAC\d4434IM000707.JPG;1
\cervidae\ciervo_PNC_2014_ISAAC\c23019IM000066.JPG;1
\cervidae\CERVIDREDORFALLOWDEER_ZOO_5_6_7_9\44_20210618 (77).JPG;1
\meloncillo\Meloncillo_PEPE_IREC_JC\IMAG0659_(2).JPG;1
\vacia\empty_caltechCameraTraps\599a5a76-23d2-11e8-a6a3-ec086b02610b.jpg;0
\cervidae\ciervo_Paco_Carro_JC\PICT0432.JPG;1
\humanovehiculo\humano_vehiculo_PNM_2012_ISAAC\d13718IM000021.JPG;1
\vacia\empty_SnapshotMountainZebra\MTZ_S1_C06_R3_IMAG2449.JPG;0
\zorro\zorro_PNM_2013-O_ISAAC\f20892IM000394.JPG;1
\vacia\NOANIMAL_ZOO_5_6_7_9\2_20210417 (19088).JPG;0
\micromamiferos\rat_IslandConservationCameraTraps\micronesia_cam06_cam06june2019_pig_20190629195400_1905.jpg;1
\vacia\empty_SnapshotMountainZebra\MTZ_S1_C04_R3_IMAG1246.JPG;0
\cervidae\CERVIDREDORFALLOWDEER_ZOO_1_4\14_20201118 (1016).JPG;1
\leporido\rabbit_IslandConservationCameraTraps\chile_frances012013_01012013104533.jpg;1
\vacia\empty_SnapshotMountainZebra\MTZ_S1_D05_R1_IMAG2674.JPG;0
\vacia\NOANIMAL_ZOO_1_4\7_20210115 (1643).JPG;0
\vacia\NOANIMAL_ZOO_1_4\7_20210115 (2491).JPG;0
\cervidae\CERVIDREDORFALLOWDEER_ZOO_5_6_7_9\28_20210417 (306).JPG;1
\jabali\WILDBOAR_ZOO_1_4\11_20201217 (260).JPG;1
\zorro\fox_CaltechCameraTrap_ME\59f1289a-23d2-11e8-a6a3-ec086b02610b.jpg;1
\cervidae\ciervo_PNM_2013-O_ISAAC\f29501IMAG1085.JPG;1
\cervidae\ciervo_PNC_2013-I_RED_ME\6330IM000219.JPG;1
\lince\Lince_a_Linces2_Leo_JC\lince86 (24).JPG;1
\vacia\empty_IslandConservationCameraTraps\micronesia_cam04_cam04june2019_20190613043503_rcnx1484.jpg;0
\cervidae\ciervo_PNC_2014_ISAAC\c19091IMAG0113.JPG;1
\vacia\NOANIMAL_ZOO_1_4\26_20201020 (10748).JPG;0
\leporido\rabbit_CaltechCameraTrap_ME\585a64c9-23d2-11e8-a6a3-ec086b02610b.jpg;1
\cervidae\Ciervo_PNC_2013-O_ME\b7539IM000112.JPG;1
\gato_domestico\cat_IslandConservationCameraTraps\dominicanrepublic_cam1226junio2015_20150501_151351_img_0279.jpg;1
\jabali\WILDBOAR_ZOO_1_4\24_20201019 (1043).JPG;1
\vacia\empty_IslandConservationCameraTraps\dominicanrepublic_cam0425abril2015_20130809_033102_sunp1584.jpg;0
\vacia\NOANIMAL_ZOO_1_4\38_20210117 (440).JPG;0
\vacia\empty_SnapshotMountainZebra\MTZ_S1_G04_R3_IMAG3379.JPG;0
\vacia\empty_IslandConservationCameraTraps\ecuador1_cam1612_20150106_042002_img_1140.jpg;0
\gineta\COMMONGENET_ZOO_5_6_7_9\24_20210318 (14393).JPG;1
\humanovehiculo\humanovehiculo_vacías_humanos_PNC_2012_ME\a35468IM000118.JPG;1
\vacia\empty_IslandConservationCameraTraps\dominicanrepublic_cam1725abril2015_20150409_063526_img_0195.jpg;0
\cervidae\CERVIDREDORFALLOWDEER_ZOO_1_4\16_20201119 (511).JPG;1
\humanovehiculo\car_CaltechCameraTrap_ME\vehiculo\58693778-23d2-11e8-a6a3-ec086b02610b.jpg;1
\vacia\empty_SnapshotMountainZebra\MTZ_S1_D06_R1_IMAG0367.JPG;0
\jabali\WILDBOAR_ZOO_5_6_7_9\33_20210418 (299).JPG;1
\vacia\vacias_PNM_2013-O_ISAAC\f7248IMAG0086.JPG;0
\ave\rooster_IslandConservationCameraTraps\palau_cam15a083118_20180829_114841_rcnx0070.jpg;1
\vacia\vacias_1_de_2_PNC_2012_ISAAC\a36691IM000258.JPG;0
\humanovehiculo\humanovehiculo_PNC_2014_manuel\c10275IM000008.JPG;1
\zorro\zorro_vacías_humanos_PNC_2012_ME\a35537IM000070.JPG;1
\tejon\Tejon_PEPE_IREC_JC\IMAG0021_(8).JPG;1
\vaca\COW_ZOO_1_4\21_20201217 (4175).JPG;1
\cervidae\ciervo_PNC_2014_ISAAC\c22626IM000019.JPG;1
\cervidae\cervidae_WellingtonCameraTraps_SS\250316081644024c5903.JPG;1
\cervidae\ciervo_Javi_3_JC\21_20201025 (4879).JPG;1
\cervidae\CERVIDREDORFALLOWDEER_ZOO_1_4\39_20210115 (569).JPG;1
\vacia\vacia_Paco_Carro_JC\01140921.JPG;0
\caballo\HORSE_ZOO_1_4\2_20201117 (468).JPG;1
\cervidae\corzo_alumno_2_AM_JC\STC_0028_frame140.jpg;1
\jabali\WILDBOAR_ZOO_1_4\7_20201118 (664).JPG;1
\vacia\vacias_PNM_2013-O_ISAAC\f2300IMAG0018.JPG;0
\vacia\empty_SnapshotMountainZebra\MTZ_S1_G04_R3_IMAG1814.JPG;0
\cervidae\ciervo_PNC_2013-O_RED_ISAAC\b17578IM000115.JPG;1
\jabali\WILDBOAR_ZOO_1_4\43_20201118 (337).JPG;1
\vaca\COW_ZOO_1_4\21_20201119 (938).JPG;1
\cervidae\CERVIDREDORFALLOWDEER_ZOO_5_6_7_9\9_20210418 (303).JPG;1
\humanovehiculo\car_CaltechCameraTrap_ME\vehiculo\598f7837-23d2-11e8-a6a3-ec086b02610b.jpg;1
\vacia\NOANIMAL_ZOO_5_6_7_9\36_20210618 (6843).JPG;0
\cervidae\ciervo_PNC_2013-I_RED_ME\2941IMAG0008.JPG;1
\vacia\empty_IslandConservationCameraTraps\dominicanrepublic_cam0425abril2015_20130808_043811_sunp1158.jpg;0
\vacia\NOANIMAL_ZOO_1_4\34_20210115 (8305).JPG;0
\vacia\vacia_WellingtonCameraTraps_SS\10111514284807453422.JPG;0
\caballo\HORSE_ZOO_1_4\15_20210117 (14905).JPG;1
\vacia\vacia_alumno_AM_2\6_20201023 (2632).JPG;0
\vacia\vacias_2_de_2_PNC_2012_ISAAC\a1661IM000684.JPG;0
\vacia\Nothing_mammalWeb\60873.jpg;0
\cervidae\CERVIDREDORFALLOWDEER_ZOO_1_4\2_20201215 (8083).JPG;1
\vacia\empty_SnapshotKaroo\KAR_S1_F02_R1_IMAG3314.JPG;0
\zorro\zorro_PNC_2013-O_RED_ISAAC\b2045IMAG0100.JPG;1
\vacia\NOANIMAL_ZOO_1_4\13_20201219 (427).JPG;0
\humanovehiculo\humano_vehiculo_PNC_2013-I_ISAAC\8458IMAG0001.JPG;1
\zorro\Red Fox_ena24\3596.jpg;1
\vacia\NOANIMAL_ZOO_5_6_7_9\25_20210219 (465) (2021_04_15 06_16_22 UTC).JPG;0
\cervidae\CERVIDREDORFALLOWDEER_ZOO_1_4\37_20201024 (1944).JPG;1
\vaca\COW_ZOO_5_6_7_9\21_20210418 (2142).JPG;1
\humanovehiculo\car_CaltechCameraTrap_ME\vehiculo\5979bb4a-23d2-11e8-a6a3-ec086b02610b.jpg;1
\vacia\NOANIMAL_ZOO_1_4\37_20210115 (1557).JPG;0
\ave\ave_Soraya_Padilla_Alumno_1_TH\DSCF0615_frame085.jpg;1
\cervidae\CERVIDREDORFALLOWDEER_ZOO_5_6_7_9\35_20210218 (2438) (2021_04_15 06_16_22 UTC).JPG;1
\zorro\zorro_PNC_2014_manuel\c15308IM000045.JPG;1
\vacia\empty_SnapshotMountainZebra\MTZ_S1_E06_R3_IMAG0261.JPG;0
\ave\chicken_IslandConservationCameraTraps\palau_cam03a08312018_20180825_142223_rcnx0113.jpg;1
\vacia\empty_IslandConservationCameraTraps\micronesia_cam16_cam16june2019_20190616185000_rcnx2753.jpg;0
\vacia\NOANIMAL_ZOO_5_6_7_9\47_20210615 (621).JPG;0
\humanovehiculo\humanovehiculo_PNC_2014_manuel\c15050IMAG0520.JPG;1
\lince\Lince_a_Linces2_Leo_JC\lince122 (97).JPG;1
\vacia\empty_caltechCameraTraps\5a217887-23d2-11e8-a6a3-ec086b02610b.jpg;0
\caballo\caballos_javier_JC\2_20201117 (448).JPG;1
\gato_domestico\cat_CaltechCameraTrap\5a062eef-23d2-11e8-a6a3-ec086b02610b.jpg;1
\vacia\vacia_alumno_AM_2\30_20201021 (4678).JPG;0
\lince\Lince_b_Linces2_Leo_JC\lince184 (2).JPG;1
\vacia\NOANIMAL_ZOO_1_4\7_20210115 (2107).JPG;0
\cervidae\CERVIDREDORFALLOWDEER_ZOO_1_4\38_20201019 (321).JPG;1
\jabali\WILDBOAR_ZOO_5_6_7_9\20_20210219 (2902) (2021_04_15 06_16_22 UTC).JPG;1
\vacia\NOANIMAL_ZOO_1_4\18_20200130 (1762).JPG;0
\jabali\WILDBOAR_ZOO_1_4\14_20210114 (2173).JPG;1
\vacia\NOANIMAL_ZOO_1_4\6_20201116 (5904).JPG;0
\ave\ave_Soraya_Padilla_Alumno_1_TH\DSCF0003_frame260.jpg;1
\cervidae\ciervo_PNC_2014_ISAAC\c30804IM000099.JPG;1
\micromamiferos\micromamiferos_Paco_Carro_JC\PICT0492.JPG;1
\meloncillo\meloncillo_PNC_2013-I_ME\234IM000007.JPG;1
\vacia\vacia_Paco_Carro_JC\IMG_0198 (2).JPG;0
\perro\Domestic dog_mammalWeb\7989.jpg;1
\zorro\fox_CaltechCameraTrap_ME\586ade98-23d2-11e8-a6a3-ec086b02610b.jpg;1
\cervidae\ciervo_PNC_2014_ISAAC\c10991FILE0046.JPG;1
\cervidae\CERVIDREDORFALLOWDEER_ZOO_1_4\14_20201218 (1108).JPG;1
\cervidae\CERVIDREDORFALLOWDEER_ZOO_5_6_7_9\19_20210417 (1526).JPG;1
\jabali\WILDBOAR_ZOO_1_4\37_20201116 (10467).JPG;1
\ave\Chicken_ena24\6428.jpg;1
\vaca\cow_CaltechCameraTrap\585c03a5-23d2-11e8-a6a3-ec086b02610b.jpg;1
\jabali\4_jabali_javi_JC\37_20201024 (822).JPG;1
\vacia\empty_caltechCameraTraps\59817b99-23d2-11e8-a6a3-ec086b02610b.jpg;0
\caballo\HORSE_ZOO_5_6_7_9\15_20210219 (8655) (2021_04_15 06_16_22 UTC).JPG;1
\cervidae\CERVIDREDORFALLOWDEER_ZOO_1_4\6_20210115 (12705).JPG;1
\vacia\empty_IslandConservationCameraTraps\dominicanrepublic_cam0425abril2015_20130821_010713_sunp3698.jpg;0
\cervidae\ciervo_PNM_2012_ISAAC\d16021FILE0026.JPG;1
\vacia\NOANIMAL_ZOO_1_4\15_20210117 (9302).JPG;0
\vacia\empty_SnapshotMountainZebra\MTZ_S1_D06_R1_IMAG0878.JPG;0
\zorro\Zorro_PNC_2014_JC\c6750IM000098.JPG;1
\leporido\conejo_Paco_Carro_JC\PICT0467 (2).JPG;1
\vacia\NOANIMAL_ZOO_5_6_7_9\20_20210319 (6000).JPG;0
\cervidae\CERVIDREDORFALLOWDEER_ZOO_5_6_7_9\19_20210417 (1456).JPG;1
\zorro\zorro_PNC_2013-I_RED_ME\2509IM000020.JPG;1
\jabali\WILDBOAR_ZOO_5_6_7_9\11_20210218 (586) (2021_04_15 06_16_22 UTC).JPG;1
\caballo\HORSE_ZOO_1_4\15_20210117 (14904).JPG;1
\vacia\NOANIMAL_ZOO_1_4\10_20201117 (3166).JPG;0
\jabali\jabali_vacías_humanos_PNC_2012_ME\a30297IM000092.JPG;1
\tejon\Tejon_PEPE_IREC_JC\IMAG0183.JPG;1
\vacia\empty_SnapshotMountainZebra\MTZ_S1_D06_R1_IMAG1657.JPG;0
\cervidae\CERVIDREDORFALLOWDEER_ZOO_5_6_7_9\46_20210618 (1939).JPG;1
\zorro\REDFOX_ZOO_5_6_7_9\9_20210218 (148) (2021_04_15 06_16_22 UTC).JPG;1
\jabali\WILDBOAR_ZOO_1_4\29_20201023 (110).JPG;1
\jabali\WILDBOAR_ZOO_1_4\37_20210115 (2294).JPG;1
\zorro\zorro_PNM_2013-I_ME\e4595IM000052.JPG;1
\vaca\COW_ZOO_1_4\21_20210114 (931).JPG;1
\vacia\NOANIMAL_ZOO_5_6_7_9\50_20210417 (23278).JPG;0
\vacia\vacias_PNC_2013-O_RED_ISAAC\b294IM000108.JPG;0
\jabali\WILDBOAR_ZOO_1_4\7_20201118 (2848).JPG;1
\leporido\Rabbit_mammalWeb\48853.jpg;1
\zorro\zorro_vacías_humanos_PNC_2012_ME\a35303IM000156.JPG;1
\vacia\NOANIMAL_ZOO_1_4\7_20210115 (1280).JPG;0
\jabali\WILDBOAR_ZOO_1_4\24_20201019 (508).JPG;1
\vacia\vacias_2_de_2_PNC_2012_ISAAC\a1434IM000411.JPG;0
\vacia\NOANIMAL_ZOO_5_6_7_9\35_20210218 (192) (2021_04_15 06_16_22 UTC).JPG;0
\jabali\jabali_PNC_2014_manuel\c27589IM000048.JPG;1
\vacia\NOANIMAL_ZOO_1_4\2_20210115 (11327).JPG;0
\micromamiferos\micromamifero_WellingtonCameraTraps_SS\091116032700044a1131.JPG;1
\vacia\NOANIMAL_ZOO_5_6_7_9\22_20210417 (9315).JPG;0
\vacia\vacias_PNM_2013-O_ISAAC\f2248IMAG0017.JPG;0
\gato_domestico\gato_WellingtonCameraTraps_SS\031016102606022as223.JPG;1
\lince\linces_fecha_Linces2_Leo_JC\2_Lince_flecha_Linces2_Leo_JC\lince183 (50).JPG;1
\jabali\jabali_revGinetasJC_REV1_4_donana\37_20201116 (6142).JPG;1
\vacia\vacia_alumno_2_2_TH_JC\27_20201023 (7726).JPG;0
\cervidae\deer_CaltechCameraTrap\59e5de67-23d2-11e8-a6a3-ec086b02610b.jpg;1
\vaca\COW_ZOO_5_6_7_9\2_20210219 (2246) (2021_04_15 06_16_22 UTC).JPG;1
\vacia\empty_SnapshotKaroo\KAR_S1_C02_R1_IMAG1817.JPG;0
\humanovehiculo\car_CaltechCameraTrap_ME\vehiculo\5930fff0-23d2-11e8-a6a3-ec086b02610b.jpg;1
\vaca\COW_ZOO_5_6_7_9\39_20210417 (1928).JPG;1
\cervidae\CERVIDREDORFALLOWDEER_ZOO_5_6_7_9\35_20210318 (428).JPG;1
\vaca\COW_ZOO_1_4\21_20201025 (568).JPG;1
\cervidae\CERVIDREDORFALLOWDEER_ZOO_5_6_7_9\10_20210417 (845).JPG;1
\vacia\NOANIMAL_ZOO_5_6_7_9\39_20210417 (3803).JPG;0
\vacia\empty_caltechCameraTraps\5a0fd029-23d2-11e8-a6a3-ec086b02610b.jpg;0
\vacia\SnampshotEnonkishu\ENO_S1_D03_R1_IMAG2615.JPG;0
\vacia\NOANIMAL_ZOO_5_6_7_9\20_20210219 (948) (2021_04_15 06_16_22 UTC).JPG;0
\vacia\vacia_Paco_Carro_JC\IMG_1082.JPG;0
\vaca\COW_ZOO_5_6_7_9\21_20210418 (2265).JPG;1
\vacia\NOANIMAL_ZOO_1_4\34_20210115 (8558).JPG;0
\leporido\2_conejo_WellingtonCameraTraps_SS\111016113026021cs142.JPG;1
\cervidae\CERVIDREDORFALLOWDEER_ZOO_1_4\11_20201217 (162).JPG;1
\vacia\empty_caltechCameraTraps\596a4e47-23d2-11e8-a6a3-ec086b02610b.jpg;0
\ave\ave_PNC_2014_manuel\c22528IM000014.JPG;1
\leporido\conejo_Paco_Carro_JC\PICT0828.JPG;1
\gato_domestico\gato_WellingtonCameraTraps_SS\280316191542034b6373.JPG;1
\jabali\jabali_PNM_2013-I_ISAAC\e5226IMAG0141.JPG;1
\cervidae\CERVIDREDORFALLOWDEER_ZOO_5_6_7_9\28_20210615 (3233).JPG;1
\vacia\NOANIMAL_ZOO_1_4\6_20201812 (9228).JPG;0
\ave\ave_Soraya_Padilla_Alumno_1_TH\STC_0226_frame210.jpg;1
\ave\bird_CaltechCameraTrap\58cca6c4-23d2-11e8-a6a3-ec086b02610b.jpg;1
\cervidae\deer_CaltechCameraTrap\585daa5b-23d2-11e8-a6a3-ec086b02610b.jpg;1
\humanovehiculo\humano_vehiculo_PNC_2013-I_ISAAC\227IM000118.JPG;1
\caballo\HORSE_ZOO_1_4\15_20201117 (3902).JPG;1
\vacia\empty_IslandConservationCameraTraps\dominicanrepublic_cam1826julio2015_20150713_090835_img_2094.jpg;0
\humanovehiculo\humanovehiculo_vacías_humanos_PNC_2012_ME\a3633IM000065.JPG;1
\vaca\COW_ZOO_5_6_7_9\21_20200113 (506) (2021_04_15 06_16_22 UTC).JPG;1
\vacia\empty_SnapshotMountainZebra\MTZ_S1_D07_R1_IMAG0951.JPG;0
\leporido\Lagomorpha1__diego_1_rev_donana\6_20201023 (3493).JPG;1
\cervidae\ciervo_PNC_2013-I_RED_ME\4255IMAG0221.JPG;1
\zorro\Zorro_PNM_2013-0_ME\f12081IM000256.JPG;1
\cervidae\ciervo_PNC_2013-O_RED_ME\b11864IMAG0301.JPG;1
\ave\passerine_IslandConservationCameraTraps\ecuador1_cam1612_20150323_174541_img_0219.jpg;1
\garduna\GARDUÑA_PNM_2012_ISAAC\d2436IM000729.JPG;1
\mapache\raccoon_CaltechCameraTrap_ME\5913674f-23d2-11e8-a6a3-ec086b02610b.jpg;1
\cervidae\CERVIDREDORFALLOWDEER_ZOO_1_4\10_20210115 (5892).JPG;1
\cervidae\Ciervo_PNC_2013-O_ME\b6651IM000036.JPG;1
\vacia\vacias_2_de_2_PNC_2012_ISAAC\a1225IM000190.JPG;0
\zorro\REDFOX_ZOO_1_4\7_20201217 (775).JPG;1
\vaca\cow_CaltechCameraTrap\58a1ca5e-23d2-11e8-a6a3-ec086b02610b.jpg;1
\caballo\caballos_alumno_AM\caballos_alumno_AM\9_20201712 (359).JPG;1
\zorro\fox_CaltechCameraTrap_ME\594b5fd6-23d2-11e8-a6a3-ec086b02610b.jpg;1
\humanovehiculo\humanovehiculo_vacías_humanos_PNC_2012_ME\a24233IM000004.JPG;1
\cervidae\2CIERVO_PNM_2013-I_ISAAC\e5153IMAG0071.JPG;1
\jabali\WILDBOAR_ZOO_1_4\41_20210114 (248).JPG;1
\meloncillo\Meloncillo_PEPE_IREC_JC\IMAG0893.JPG;1
\ave\ave_Paco_Garcia_JC\IMAG2152.JPG;1
\gato_domestico\gato_WellingtonCameraTraps_SS\0707150627220835S081.JPG;1
\vacia\vacia_Paco_Carro_JC\IMG_0029 (4).JPG;0
\vacia\empty_IslandConservationCameraTraps\palau_cam16a083118_20180821_131800_rcnx0075.jpg;0
\vacia\NOANIMAL_ZOO_5_6_7_9\25_20210319 (10937).JPG;0
\jabali\WILDBOAR_ZOO_5_6_7_9\19_20210319 (486).JPG;1
\vacia\empty_SnapshotMountainZebra\MTZ_S1_G04_R3_IMAG1517.JPG;0
\vacia\empty_IslandConservationCameraTraps\micronesia_cam16_cam16june2019_20190606163003_rcnx0246.jpg;0
\gato_domestico\gato_WellingtonCameraTraps_SS\240116130136021c9712.JPG;1
\meloncillo\Meloncillo_PEPE_IREC_JC\IMAG0048_(6).JPG;1
\jabali\WILDBOAR_ZOO_1_4\20_20201117 (598).JPG;1
\humanovehiculo\car_CaltechCameraTrap_ME\vehiculo\58d47bf4-23d2-11e8-a6a3-ec086b02610b.jpg;1
\humanovehiculo\humanovehiculo_Caltech\59563673-23d2-11e8-a6a3-ec086b02610b.jpg;1
\vacia\vacia_Paco_Carro_JC\01130804.JPG;0
\gato_domestico\cat_CaltechCameraTrap\59180ace-23d2-11e8-a6a3-ec086b02610b.jpg;1
\leporido\rabbit_IslandConservationCameraTraps\chile_frances022013_12052013113601.jpg;1
\vacia\NOANIMAL_ZOO_5_6_7_9\20_20210219 (126) (2021_04_15 06_16_22 UTC).JPG;0
\humanovehiculo\humano_vehiculo_PNC_2013-I_ISAAC\94IM000094.JPG;1
\jabali\WILDBOAR_ZOO_1_4\37_20201116 (11746).JPG;1
\vacia\NOANIMAL_ZOO_5_6_7_9\35_20210418 (532).JPG;0
\cervidae\CERVIDREDORFALLOWDEER_ZOO_1_4\22_20201218 (112).JPG;1
\vacia\NOANIMAL_ZOO_1_4\6_20201812 (10365).JPG;0
\vacia\empty_IslandConservationCameraTraps\dominicanrepublic_cam2015abril2015_20150408_144637_img_3904.jpg;0
\cervidae\ciervo_vacías_humanos_PNC_2012_ME\a40430IMAG0087.JPG;1
\vacia\NOANIMAL_ZOO_5_6_7_9\32_20210218 (4132) (2021_04_15 06_16_22 UTC).JPG;0
\vacia\vacia_Paco_Carro_JC\IMG_0609.JPG;0
\jabali\WILDBOAR_ZOO_1_4\21_20201025 (4981).JPG;1
\vacia\vacia_revGinetasJC_REV1_4_donana\11_20201118 (76).JPG;0
\caballo\caballos_alumno_AM\caballos_alumno_AM\9_20201712 (1119).JPG;1
\vacia\vacias_1_de_2_PNC_2012_ISAAC\a39516IMAG0918.JPG;0
\ave\ave_ave_WellingtonCameraTraps_SS\060816110540039c9193.JPG;1
\humanovehiculo\humanovehiculo_vacías_humanos_PNC_2012_ME\a44062IMAG0007.JPG;1
\caballo\HORSE_ZOO_1_4\15_20201117 (3495).JPG;1
\vacia\empty_IslandConservationCameraTraps\chile_piedra012013_04062013141940.jpg;0
\gato_domestico\gato_WellingtonCameraTraps_SS\14101514124402859192.JPG;1
\zorro\REDFOX_ZOO_5_6_7_9\11_20210615 (2984).JPG;1
\vacia\empty_IslandConservationCameraTraps\puertorico_17b_20150603_123850_img_0451.jpg;0
\vacia\NOANIMAL_ZOO_1_4\7_20210115 (1139).JPG;0
\vaca\Vaca2_diego_1_rev_donana\15_20201024 (3626).JPG;1
\vacia\vacias_PNM_2013-O_ISAAC\f11671IM000065.JPG;0
\ave\ave_ave_WellingtonCameraTraps_SS\090416173014047c7303.JPG;1
\vacia\NOANIMAL_ZOO_1_4\26_20201117 (2931).JPG;0
\vacia\vacias_2_de_2_PNC_2012_ISAAC\a50236IM000269.JPG;0
\vacia\NOANIMAL_ZOO_5_6_7_9\2_20210618 (16141).JPG;0
\cervidae\ciervo_PNM_2013-O_ISAAC\f14503IMAG0424.JPG;1
\humanovehiculo\humanovehiculo_PNM_2013-I_ME\e3138IM000012.JPG;1
\vacia\NOANIMAL_ZOO_5_6_7_9\24_20210318 (17190).JPG;0
\jabali\WILDBOAR_ZOO_5_6_7_9\48_20210418 (368).JPG;1
\jabali\jabali_PNC_2013-O_RED_ISAAC\b5395IM000109.JPG;1
\ave\OTHERSPECIES_ZOO_1_4\40_20201215 (4161).JPG;1
\zorro\Zorro_Pepe_IREC\Zorro_Pepe_Irec_ME\CA_31-03.21-05_22.JPG;1
\jabali\jabali_PNC_2014_manuel\c6530IM000170.JPG;1
\vacia\empty_IslandConservationCameraTraps\puertorico_29_20150117_173736_img_0659.jpg;0
\vacia\NOANIMAL_ZOO_1_4\41_20201118 (27).JPG;0
\zorro\Red Fox_ena24\3469.jpg;1
\cervidae\CERVIDREDORFALLOWDEER_ZOO_5_6_7_9\38_20210618 (2505).JPG;1
\vacia\NOANIMAL_ZOO_5_6_7_9\50_20210417 (23088).JPG;0
\jabali\WILDBOAR_ZOO_5_6_7_9\11_20210218 (415) (2021_04_15 06_16_22 UTC).JPG;1
\jabali\WILDBOAR_ZOO_1_4\7_20201217 (586).JPG;1
\vacia\empty_IslandConservationCameraTraps\dominicanrepublic_cam278noviembre2015_20151105_170955_img_0003.jpg;0
\jabali\jabali_vacías_humanos_PNC_2012_ME\a40495IMAG0146.JPG;1
\cervidae\CERVIDREDORFALLOWDEER_ZOO_5_6_7_9\38_20210417 (517).JPG;1
\meloncillo\EGYPTIANMONGOOSE_ZOO_1_4\36_20210115 (1167).JPG;1
\vacia\vacias_2_de_2_PNC_2012_ISAAC\a5482IM000283.JPG;0
\vacia\NOANIMAL_ZOO_1_4\34_20210115 (8816).JPG;0
\cervidae\CERVIDREDORFALLOWDEER_ZOO_1_4\15_20210117 (3535).JPG;1
\vacia\vacia_ss\28_20201019 (2766).JPG;0
\zorro\zorro_vacías_humanos_PNC_2012_ME\a52301IM000098.JPG;1
\leporido\rabbit_IslandConservationCameraTraps\chile_frances012013_09012013185107.jpg;1
\vacia\NOANIMAL_ZOO_5_6_7_9\32_20210615 (774).JPG;0
\cervidae\CERVIDREDORFALLOWDEER_ZOO_5_6_7_9\38_20210319 (6253).JPG;1
\cervidae\ciervo_PNC_2013-O_RED_ISAAC\b18306IM000136.JPG;1
\jabali\WILDBOAR_ZOO_1_4\7_20201217 (483).JPG;1
\cervidae\CERVIDREDORFALLOWDEER_ZOO_5_6_7_9\19_20210219 (1608) (2021_04_15 06_16_22 UTC).JPG;1
\cervidae\ciervo_Paco_Carro_JC\PICT0116.JPG;1
\vacia\empty_IslandConservationCameraTraps\dominicanrepublic_cam1618mayo2017_20170306_110857_img_0696.jpg;0
\vacia\NOANIMAL_ZOO_5_6_7_9\32_20210615 (7190).JPG;0
\jabali\jabali_PNC_2013-O_RED_ISAAC\b5665IM000116.JPG;1
\vacia\NOANIMAL_ZOO_5_6_7_9\49_20210418 (1768).JPG;0
\leporido\rabbit_IslandConservationCameraTraps\chile_piedra012013_0304201372402.jpg;1
\micromamiferos\rat_IslandConservationCameraTraps\dominicanrepublic_cam11101agosto2017_20170701_025828_img_0324.jpg;1
\vacia\empty_SnapshotCamdeboo\CDB_S1_D06_R2_IMAG0382.JPG;0
\vacia\empty_SnapshotMountainZebra\MTZ_S1_E06_R3_IMAG1657.JPG;0
\humanovehiculo\humanovehiculo_PNC_2014_manuel\c14537IMAG0252.JPG;1
\vacia\empty_IslandConservationCameraTraps\micronesia_cam16_cam16june2019_20190617190503_rcnx3074.jpg;0
\vacia\vacia_alumno_2_AM\Lutlut 04_frame300.jpg;0
\vacia\NOANIMAL_ZOO_1_4\43_20201217 (726).JPG;0
\cervidae\CERVIDREDORFALLOWDEER_ZOO_1_4\21_20201025 (310).JPG;1
\cervidae\CERVIDREDORFALLOWDEER_ZOO_1_4\21_20201119 (2149).JPG;1
\zorro\Zorro_PNC_2014_JC\c20068IM000017.JPG;1
\cervidae\deer_CaltechCameraTrap\59bac9c9-23d2-11e8-a6a3-ec086b02610b.jpg;1
\vacia\empty_SnapshotMountainZebra\MTZ_S1_G04_R3_IMAG3132.JPG;0
\zorro\zorro_PNC_2012_JC\a29150IM000063.JPG;1
\vacia\NOANIMAL_ZOO_1_4\37_20201024 (12356).JPG;0
\vacia\Vacias_PNC_2013-O_ME\b4890IMAG0773.JPG;0
\ave\bird_CaltechCameraTrap\58ac0d4d-23d2-11e8-a6a3-ec086b02610b.jpg;1
\vaca\COW_ZOO_5_6_7_9\9_20210615 (2292).JPG;1
\lince\Lince_b_Linces2_Leo_JC\lince216 (341).JPG;1
\vacia\empty_SnapshotMountainZebra\MTZ_S1_D05_R1_IMAG0176.JPG;0
\zorro\zorro_PNM_2012_ME\d13431IM000063.JPG;1
\zorro\zorro_vacías_humanos_PNC_2012_ME\a40474IMAG0123.JPG;1
\vaca\COW_ZOO_5_6_7_9\9_20210615 (1958).JPG;1
\vacia\empty_IslandConservationCameraTraps\dominicanrepublic_cam10601octubre2017_20170519_120651_img_0297.jpg;0
\vacia\vacias_PNM_2013-O_ISAAC\f15432IMAG0199.JPG;0
\vacia\NOANIMAL_ZOO_5_6_7_9\25_20210417 (1551).JPG;0
\zorro\zorro_PNM_2013-I_ME\e2170IM000045.JPG;1
\vaca\cow_CaltechCameraTrap\59247b84-23d2-11e8-a6a3-ec086b02610b.jpg;1
\vacia\vacias_1_de_2_PNC_2012_ISAAC\a37871IM000970.JPG;0
\zorro\zorro_vacías_humanos_PNC_2012_ME\a49488IM000032.JPG;1
\vacia\NOANIMAL_ZOO_5_6_7_9\48_20210418 (351).JPG;0
\cervidae\CERVIDREDORFALLOWDEER_ZOO_1_4\21_20201025 (4173).JPG;1
\ave\petrel_chick_IslandConservationCameraTraps\ecuador2_ic1618_20181119_050049_img_0433.jpg;1
\lince\Lince_a_Linces2_Leo_JC\Lince46 (148).JPG;1
\vacia\NOANIMAL_ZOO_5_6_7_9\28_20210417 (3342).JPG;0
\gato_domestico\cat_IslandConservationCameraTraps\palau_cam04a12132018_20180824_192945_rcnx0117.jpg;1
\cervidae\ciervo_PNC_2013-I_RED_ME\7937IM000046.JPG;1
\gato_domestico\gato_WellingtonCameraTraps_SS\2105151633440224S161.JPG;1
\humanovehiculo\humanovehiculo_PNC_2013-O_RED_ISAAC\b854IM000058.JPG;1
\vacia\empty_IslandConservationCameraTraps\ecuador1_cam1612_20150518_010644_img_0814.jpg;0
\cervidae\CERVIDREDORFALLOWDEER_ZOO_1_4\24_20210115 (27).JPG;1
\vaca\COW_ZOO_1_4\15_20201024 (7431).JPG;1
\ave\ave_ave_WellingtonCameraTraps_SS\060216085142002b7353.JPG;1
\leporido\rabbit_CaltechCameraTrap_ME\59a17bc9-23d2-11e8-a6a3-ec086b02610b.jpg;1
\vacia\NOANIMAL_ZOO_1_4\7_20210115 (817).JPG;0
\tejon\Tejon_Leo_Otra_fauna_PASADA_POR_LA_RED_JC\Otrafauna (1861).JPG;1
\vaca\COW_ZOO_5_6_7_9\9_20210615 (2742).JPG;1
\jabali\WILDBOAR_ZOO_1_4\28_20201019 (1865).JPG;1
\vaca\COW_ZOO_5_6_7_9\21_20200113 (2502) (2021_04_15 06_16_22 UTC).JPG;1
\vacia\NOANIMAL_ZOO_5_6_7_9\9_20210418 (683).JPG;0
\cervidae\CERVIDREDORFALLOWDEER_ZOO_1_4\14_20201218 (326).JPG;1
\vacia\NOANIMAL_ZOO_1_4\2_20201215 (7660).JPG;0
\leporido\Rabbit_mammalWeb\39559.jpg;1
\vacia\empty_IslandConservationCameraTraps\dominicanrepublic_cam0425abril2015_20130808_050237_sunp1247.jpg;0
\vacia\vacia_alumno_1_AM\10_20201019 (339).JPG;0
\leporido\conejo_alumno_1_TH\Conejo_alumno_2_AM_JC\Orycun (45)_frame070.jpg;1
\leporido\conejo_WellingtonCameraTraps_SS\190816090628040bs392.JPG;1
\zorro\zorro_PNC_2012_JC\a49582IM000033.JPG;1
\cervidae\CERVIDREDORFALLOWDEER_ZOO_1_4\21_20201025 (5505).JPG;1
\vacia\NOANIMAL_ZOO_1_4\6_20201812 (14647).JPG;0
\vacia\vacia_Paco_Carro_JC\IMG_0451 (2).JPG;0
\cervidae\ciervo_PNM_2012_ME\d14030FILE0025.JPG;1
\vaca\cow_CaltechCameraTrap\58d613b5-23d2-11e8-a6a3-ec086b02610b.jpg;1
\humanovehiculo\humano_vehiculo_PNM_2013-O_ISAAC\f12594IM000008.JPG;1
\garduna\garduna_PNM_2012_ME\d13920IM000029.JPG;1
\cervidae\cervidae_buscar_cab_isaac_sin_contar\28_20201218 (14558).JPG;1
\gato_domestico\gato_WellingtonCameraTraps_SS\240616021334047bl241.JPG;1
\vacia\vacia_javi_2_JC\27_20201023 (6243).JPG;0
\vacia\empty_caltechCameraTraps\5a1cafdf-23d2-11e8-a6a3-ec086b02610b.jpg;0
\vacia\empty_IslandConservationCameraTraps\dominicanrepublic_cam1826junio2015_20150505_111320_img_2472.jpg;0
\ave\ave_ave_WellingtonCameraTraps_SS\140416141822047c7303.JPG;1
\cervidae\Ciervo_PNC_2012_JC\a27734IM000078.JPG;1
\caballo\caballos_alumno_AM\caballos_alumno_AM\2_20201215 (7210).JPG;1
\vaca\COW_ZOO_5_6_7_9\9_20210615 (2133).JPG;1
\vacia\empty_IslandConservationCameraTraps\dominicanrepublic_cam1826junio2015_20150505_070943_img_1104.jpg;0
\ave\2_ave_ave_WellingtonCameraTraps_SS\100116175732046bs172.JPG;1
\vacia\empty_SnapshotMountainZebra\MTZ_S1_D06_R1_IMAG1859.JPG;0
\cervidae\CERVIDREDORFALLOWDEER_ZOO_1_4\15_20201215 (4989).JPG;1
\cervidae\ciervo_vacías_humanos_PNC_2012_ME\a36527IM000342.JPG;1
\zorro\Zorro_PNC_2014_JC\c21169IM000047.JPG;1
\vacia\vacia_ss\36_20201019 (972).JPG;0
\vacia\Nothing_mammalWeb\135664.jpg;0
\cervidae\ciervo_Javi_3_JC\26_20201020 (941).JPG;1
\cervidae\CERVIDREDORFALLOWDEER_ZOO_1_4\21_20201025 (474).JPG;1
\cervidae\ciervo_vacías_humanos_PNC_2012_ME\a35826IMAG0101.JPG;1
\vacia\empty_IslandConservationCameraTraps\ecuador1_ic1611_20150101_000003_img_0206.jpg;0
\vaca\2_Vaca_Paco_Carro_camarasliron_4_2_PASADAS_POR_LA_RED_JC\PICT0108.JPG;1
\vaca\cow_CaltechCameraTrap\591cb19e-23d2-11e8-a6a3-ec086b02610b.jpg;1
\zorro\Zorro_PNC_2014_JC\c26095IM000073.JPG;1
\caballo\caballos_javier_JC\2_20201117 (3593).JPG;1
\cervidae\CERVIDREDORFALLOWDEER_ZOO_5_6_7_9\22_20210417 (1198).JPG;1
\humanovehiculo\HUMANORVEHICLE_ZOO_1_4\9_20201025 (3).JPG;1
\cervidae\ciervo_PNC_2014_ISAAC\c341IM000058.JPG;1
\ave\OTHERSPECIES_ZOO_1_4\21_20201217 (4007).JPG;1
\caballo\HORSE_ZOO_5_6_7_9\15_20210219 (8244) (2021_04_15 06_16_22 UTC).JPG;1
\vacia\NOANIMAL_ZOO_1_4\6_20201812 (10195).JPG;0
\vacia\NOANIMAL_ZOO_1_4\2_20210115 (11335).JPG;0
\vacia\empty_IslandConservationCameraTraps\dominicanrepublic_cam0527septiembre2015_20130803_112932_sunp0262.jpg;0
\vacia\NOANIMAL_ZOO_5_6_7_9\50_20210408 (16445).JPG;0
\vacia\vacia_alumno_2_AM\Canlup 5_frame080.jpg;0
\micromamiferos\Small rodent_mammalWeb\23366.jpg;1
\vacia\NOANIMAL_ZOO_5_6_7_9\24_20210318 (13476).JPG;0
\caballo\HORSE_ZOO_5_6_7_9\15_20210219 (2921) (2021_04_15 06_16_22 UTC).JPG;1
\vacia\empty_caltechCameraTraps\59519056-23d2-11e8-a6a3-ec086b02610b.jpg;0
\zorro\zorro_PNC_2014_manuel\c3069IM000011.JPG;1
\gineta\Gineta_PNC_2013-O_ME\b7883IM000062.JPG;1
\vacia\empty_caltechCameraTraps\59b93a2d-23d2-11e8-a6a3-ec086b02610b.jpg;0
\lince\linces_fecha_Linces2_Leo_JC\2_Lince_flecha_Linces2_Leo_JC\lince93 (26).JPG;1
\vacia\empty_SnapshotMountainZebra\MTZ_S1_E06_R3_IMAG0497.JPG;0
\vacia\NOANIMAL_ZOO_1_4\7_20210115 (3860).JPG;0
\vaca\COW_ZOO_1_4\21_20201119 (2619).JPG;1
\vacia\NOANIMAL_ZOO_5_6_7_9\2_20210417 (12273).JPG;0
\vacia\vacias_PNC_2014_ISAAC\c11409IMAG0172.JPG;0
\gato_domestico\gato_WellingtonCameraTraps_SS\160816013730011a5902.JPG;1
\vacia\empty_caltechCameraTraps\595636cf-23d2-11e8-a6a3-ec086b02610b.jpg;0
\cervidae\CERVIDREDORFALLOWDEER_ZOO_1_4\21_20201217 (1127).JPG;1
\leporido\LEPORIDRABBITORHARE_ZOO_1_4\6_20201023 (1114).JPG;1
\vacia\NOANIMAL_ZOO_5_6_7_9\2_20210618 (13970).JPG;0
\vaca\COW_ZOO_5_6_7_9\21_20210318 (14999).JPG;1
\caballo\HORSE_ZOO_1_4\10_20201218 (741).JPG;1
\leporido\2_conejo_Paco_Carro_JC\PICT0117.JPG;1
\jabali\jabali_alumno_2_2_TH_JC\29_20201023 (556).JPG;1
\vaca\COW_ZOO_5_6_7_9\21_20210418 (2525).JPG;1
\zorro\zorro_PNM_2012_ISAAC\d10217IM000265.JPG;1
\vacia\NOANIMAL_ZOO_1_4\26_20201020 (14072).JPG;0
\caballo\caballos_javier_JC\2_20201117 (5123).JPG;1
\jabali\WILDBOAR_ZOO_5_6_7_9\33_20210418 (512).JPG;1
\cervidae\ciervo_Javi_3_JC\32_20201022 (64).JPG;1
\mapache\raccoon_CaltechCameraTrap_ME\5883e77b-23d2-11e8-a6a3-ec086b02610b.jpg;1
\humanovehiculo\humano_vehiculo_PNC_2013-I_ISAAC\3916IMAG0020.JPG;1
\vacia\empty_SnapshotMountainZebra\MTZ_S1_D05_R1_IMAG1739.JPG;0
\cervidae\ciervo_PNC_2014_ISAAC\c23341IM000074.JPG;1
\vacia\empty_IslandConservationCameraTraps\dominicanrepublic_cam0526junio2015_20150621_165539_sunp1737.jpg;0
\vacia\NOANIMAL_ZOO_1_4\37_20201116 (12481).JPG;0
\jabali\WILDBOAR_ZOO_1_4\40_20201024 (3105).JPG;1
\vacia\empty_caltechCameraTraps\59b48523-23d2-11e8-a6a3-ec086b02610b.jpg;0
\vacia\NOANIMAL_ZOO_1_4\34_20201024 (5305).JPG;0
\vacia\empty_IslandConservationCameraTraps\puertorico_23_20141224_022108_ek000679.jpg;0
\humanovehiculo\car_CaltechCameraTrap_ME\vehiculo\5a1e5299-23d2-11e8-a6a3-ec086b02610b.jpg;1
\garduna\Garduña_PNC_2014_JC\c25122IM000095.JPG;1
\micromamiferos\rodent_CaltechCameraTrap_JC\Roedor_ rodent_CaltechCameraTrap_JC\5a2963de-23d2-11e8-a6a3-ec086b02610b.jpg;1
\cervidae\cervidae_ME_rev_3_donana\37_20201024 (9032).JPG;1
\vacia\NOANIMAL_ZOO_1_4\7_20210115 (2627).JPG;0
\vaca\COW_ZOO_5_6_7_9\21_20210418 (2257).JPG;1
\vacia\vacia_Paco_Carro_JC\01110693.JPG;0
\zorro\Zorro_PNC_2014_JC\c6471IM000107.JPG;1
\cervidae\CERVIDREDORFALLOWDEER_ZOO_1_4\26_20201117 (716).JPG;1
\vacia\NOANIMAL_ZOO_5_6_7_9\15_20210219 (7277) (2021_04_15 06_16_22 UTC).JPG;0
\jabali\WILDBOAR_ZOO_1_4\15_20210117 (7990).JPG;1
\zorro\Red fox_mammalWeb\72474.jpg;1
\leporido\conejo_alumno_1_TH\Conejo_alumno_2_AM_JC\Orycun (41)_frame000.jpg;1
\cervidae\CERVIDREDORFALLOWDEER_ZOO_5_6_7_9\39_20210318 (197).JPG;1
\cervidae\deer_CaltechCameraTrap\5a1cb0b8-23d2-11e8-a6a3-ec086b02610b.jpg;1
\humanovehiculo\HUMANORVEHICLE_ZOO_1_4\26_20201020 (18859).JPG;1
\leporido\rabbit_IslandConservationCameraTraps\chile_frances012013_15012013164237.jpg;1
\vacia\NOANIMAL_ZOO_5_6_7_9\50_20210408 (7167).JPG;0
\vacia\empty_IslandConservationCameraTraps\dominicanrepublic_cam1826julio2015_20150724_102639_img_2877.jpg;0
\leporido\rabbit_IslandConservationCameraTraps\chile_frances022013_1604201395820.jpg;1
\vacia\empty_caltechCameraTraps\594e76c3-23d2-11e8-a6a3-ec086b02610b.jpg;0
\cervidae\CERVIDREDORFALLOWDEER_ZOO_1_4\10_20201218 (1361).JPG;1
\lince\Lince_a_Linces2_Leo_JC\Lince53 (82).JPG;1
\vacia\NOANIMAL_ZOO_5_6_7_9\2_20210618 (18832).JPG;0
\cervidae\3_gamo_alumno_2_TH\21_20201025 (2634).JPG;1
\cervidae\CERVIDREDORFALLOWDEER_ZOO_1_4\21_20201025 (4144).JPG;1
\gato_domestico\cat_IslandConservationCameraTraps\puertorico_17b_20150515_065830_img_0424.jpg;1
\cervidae\2_ciervo_Javi_3_JC\21_20201025 (1960).JPG;1
\gato_domestico\gato_WellingtonCameraTraps_SS\170616110338012a5753.JPG;1
\vacia\NOANIMAL_ZOO_1_4\40_20201117 (1099).JPG;0
\zorro\zorro_PNC_2013-I_ME\820IM000248.JPG;1
\cervidae\CERVIDREDORFALLOWDEER_ZOO_1_4\21_20201025 (333).JPG;1
\lince\Lince_b_Linces2_Leo_JC\lince146 (67).JPG;1
\humanovehiculo\humanovehiculo_vacías_humanos_PNC_2012_ME\a6517IM000004.JPG;1
\jabali\WILDBOAR_ZOO_1_4\15_20210117 (6668).JPG;1
\vacia\empty_caltechCameraTraps\5a2c8639-23d2-11e8-a6a3-ec086b02610b.jpg;0
\jabali\WILDBOAR_ZOO_1_4\21_20201025 (2509).JPG;1
\cervidae\CERVIDREDORFALLOWDEER_ZOO_5_6_7_9\39_20210318 (363).JPG;1
\lince\Lince_a_Linces2_Leo_JC\lince115 (34).JPG;1
\humanovehiculo\Humanos_Javier_vacias_humanos_PNC_2012_ME_JC\a35043IM000014.JPG;1
\vacia\NOANIMAL_ZOO_1_4\34_20210115 (5964).JPG;0
\zorro\Zorro_PNM_2013-0_ME\f28824IMAG0413.JPG;1
\cervidae\CERVIDREDORFALLOWDEER_ZOO_1_4\31_20201023 (162).JPG;1
\cervidae\ciervo_PNC_2014_ISAAC\c18893IMAG0083.JPG;1
\vacia\NOANIMAL_ZOO_5_6_7_9\10_20210417 (3310).JPG;0
\vacia\NOANIMAL_ZOO_5_6_7_9\42_20210618 (389).JPG;0
\vacia\empty_SnapshotMountainZebra\MTZ_S1_G04_R3_IMAG0368.JPG;0
\leporido\2_conejo_alumno_TH_3_TH_JC\6_20201023 (2526).JPG;1
\vacia\empty_IslandConservationCameraTraps\ecuador1_ic1611_20150101_000003_img_1959.jpg;0
\cervidae\CERVIDREDORFALLOWDEER_ZOO_5_6_7_9\22_20210318 (6103).JPG;1
\vacia\NOANIMAL_ZOO_1_4\6_20201812 (12955).JPG;0
\jabali\WILDBOAR_ZOO_1_4\33_20201217 (502).JPG;1
\humanovehiculo\humano_vehiculo_PNM_2012_ISAAC\d375IM000003.JPG;1
\vacia\vacia_alumno_TH_3_TH_JC\37_20201024 (2097).JPG;0
\vacia\empty_SnapshotMountainZebra\MTZ_S1_D05_R1_IMAG0575.JPG;0
\leporido\rabbit_IslandConservationCameraTraps\chile_frances022013_14052013140847.jpg;1
\zorro\Zorro_Pepe_IREC\Zorro_Pepe_Irec_ME\IMAG0491.JPG;1
\vacia\NOANIMAL_ZOO_1_4\37_20201116 (10987).JPG;0
\vacia\NOANIMAL_ZOO_5_6_7_9\19_20210219 (1358) (2021_04_15 06_16_22 UTC).JPG;0
\jabali\WILDBOAR_ZOO_1_4\37_20201024 (362).JPG;1
\garduna\GARDUÑA_PNM_2012_ISAAC\d2FILE0002.JPG;1
\vaca\COW_ZOO_5_6_7_9\49_20210418 (2354).JPG;1
\cervidae\CERVIDREDORFALLOWDEER_ZOO_1_4\28_20201117 (958).JPG;1
\caballo\HORSE_ZOO_1_4\10_20201117 (5463).JPG;1
\cervidae\ciervo_PNC_2013-O_RED_ISAAC\b19112IMAG0166.JPG;1
\leporido\rabbit_CaltechCameraTrap_ME\598ad091-23d2-11e8-a6a3-ec086b02610b.jpg;1
\lince\Lince_b_Linces2_Leo_JC\lince228 (123).jpg;1
\cervidae\ciervo_PNM_2012_ME\d3378IM000071.JPG;1
\vaca\Vaca_2_ME_rev_1_donana\17_20201026 (376).JPG;1
\jabali\WILDBOAR_ZOO_1_4\33_20201217 (425).JPG;1
\jabali\WILDBOAR_ZOO_1_4\20_20210115 (135).JPG;1
\vacia\empty_IslandConservationCameraTraps\ecuador1_cam1612_20150606_202031_img_0960.jpg;0
\cervidae\CERVIDREDORFALLOWDEER_ZOO_1_4\37_20201116 (1022).JPG;1
\vacia\empty_SnapshotMountainZebra\MTZ_S1_C06_R3_IMAG0348.JPG;0
\cervidae\ciervo_PNM_2013-O_ISAAC\f28723IMAG0307.JPG;1
\jabali\Jabali_PNC_2014_JC\c28676IM000023.JPG;1
\leporido\rabbit_IslandConservationCameraTraps\chile_frances022013_2604201335236.jpg;1
\gato_domestico\gato_WellingtonCameraTraps_SS\2606152015480359L101.JPG;1
\vaca\cow_CaltechCameraTrap\588c1380-23d2-11e8-a6a3-ec086b02610b.jpg;1
\leporido\conejo_alumno_1_TH\Conejo_alumno_2_AM_JC\Orycun (14)_frame140.jpg;1
\vaca\COW_ZOO_1_4\21_20201217 (4570).JPG;1
\gato_domestico\gato_WellingtonCameraTraps_SS\0207151359580237S061.JPG;1
\zorro\REDFOX_ZOO_1_4\11_20210114 (380).JPG;1
\cervidae\CERVIDREDORFALLOWDEER_ZOO_5_6_7_9\47_20210418 (2092).JPG;1
\humanovehiculo\humano_vehiculo_PNM_2013-O_ISAAC\f4934IM000038.JPG;1
\vacia\empty_IslandConservationCameraTraps\dominicanrepublic_cam0425abril2015_20130824_054438_sunp5256.jpg;0
\leporido\conejo_WellingtonCameraTraps_SS\1305150645400842S172.JPG;1
\gato_domestico\gato_WellingtonCameraTraps_SS\0606151221260830L081.JPG;1
\vacia\NOANIMAL_ZOO_1_4\34_20210115 (5743).JPG;0
\vaca\COW_ZOO_5_6_7_9\9_20210615 (463).JPG;1
\vacia\empty_IslandConservationCameraTraps\palau_cam04a12132018_20180824_104709_rcnx0004.jpg;0
\vacia\NOANIMAL_ZOO_5_6_7_9\5_20210319 (3162).JPG;0
\cervidae\CERVIDREDORFALLOWDEER_ZOO_1_4\29_20201117 (551).JPG;1
\cervidae\CERVIDREDORFALLOWDEER_ZOO_5_6_7_9\24_20210615 (7931).JPG;1
\humanovehiculo\HUMANORVEHICLE_ZOO_1_4\7_20201118 (2897).JPG;1
\leporido\conejo_Paco_Carro_JC\PICT0807.JPG;1
\micromamiferos\micromamiferos_fotosManuelEmilio20200912\IMG_0660.JPG;1
\vacia\vacia_Paco_Carro_JC\IMG_1569.JPG;0
\jabali\WILDBOAR_ZOO_1_4\33_20201025 (288).JPG;1
\zorro\zorro_PNM_2013-O_ISAAC\f8959IM000094.JPG;1
\gato_domestico\gato_WellingtonCameraTraps_SS\28111512492603592543.JPG;1
\cervidae\ciervo_Javi_3_JC\30_20201021 (12141).JPG;1
\jabali\WILDBOAR_ZOO_1_4\22_20210115 (763).JPG;1
\zorro\REDFOX_ZOO_5_6_7_9\11_20210418 (3638).JPG;1
\cervidae\CERVIDREDORFALLOWDEER_ZOO_5_6_7_9\15_20210219 (4305) (2021_04_15 06_16_22 UTC).JPG;1
\jabali\jabali_PNM_2012_ME\d14104IMAG0035.JPG;1
\leporido\3_conejo_Paco_Carro_JC\PICT1200.JPG;1
\cervidae\deer_CaltechCameraTrap\5a1308e3-23d2-11e8-a6a3-ec086b02610b.jpg;1
\vacia\NOANIMAL_ZOO_5_6_7_9\50_20210408 (23381).JPG;0
\jabali\jabali_javi_JC\6_20201023 (676).JPG;1
\gato_domestico\cat_IslandConservationCameraTraps\chile_piedra012013_20032013214431.jpg;1
\zorro\zorro_PNC_2013-I_ME\120IM000011.JPG;1
\cervidae\3_ciervo_Javi_3_JC\34_20201024 (906).JPG;1
\vacia\NOANIMAL_ZOO_1_4\15_20210117 (954).JPG;0
\vacia\empty_SnapshotMountainZebra\MTZ_S1_D05_R1_IMAG2318.JPG;0
\jabali\WILDBOAR_ZOO_1_4\25_20210115 (2418).JPG;1
\humanovehiculo\car_CaltechCameraTrap_ME\vehiculo\588f660d-23d2-11e8-a6a3-ec086b02610b.jpg;1
\perro\perro_WellingtonCameraTraps_SS\031116185420031cs121.JPG;1
\cervidae\CERVIDREDORFALLOWDEER_ZOO_1_4\22_20201022 (740).JPG;1
\leporido\rabbit_CaltechCameraTrap_ME\58f296d0-23d2-11e8-a6a3-ec086b02610b.jpg;1
\vacia\NOANIMAL_ZOO_5_6_7_9\49_20210418 (1446).JPG;0
\ave\petrel_IslandConservationCameraTraps\chile_filipiananbek2013_3110201374642.jpg;1
\vacia\empty_caltechCameraTraps\59eab8f5-23d2-11e8-a6a3-ec086b02610b.jpg;0
\leporido\rabbit_IslandConservationCameraTraps\chile_frances022013_17042013165455.jpg;1
\cervidae\deer_CaltechCameraTrap\595f7a57-23d2-11e8-a6a3-ec086b02610b.jpg;1
\cervidae\CERVIDREDORFALLOWDEER_ZOO_5_6_7_9\28_20210615 (1357).JPG;1
\cervidae\cervidae_alumno_2_TH\25_20201024 (437).JPG;1
\cervidae\CERVIDREDORFALLOWDEER_ZOO_1_4\2_20201117 (1689).JPG;1
\cervidae\CERVIDREDORFALLOWDEER_ZOO_1_4\34_20201024 (4435).JPG;1
\cervidae\2_gamo_Javi_3_JC\9_20201025 (443).JPG;1
\vacia\NOANIMAL_ZOO_5_6_7_9\50_20210408 (16424).JPG;0
\cervidae\CERVIDREDORFALLOWDEER_ZOO_5_6_7_9\3_20210318 (559).JPG;1
\cervidae\Ciervo_PNC_2014_JC\c7337IM000014.JPG;1
\jabali\WILDBOAR_ZOO_1_4\7_20201118 (1841).JPG;1
\vaca\COW_ZOO_1_4\15_20201024 (7781).JPG;1
\vacia\NOANIMAL_ZOO_5_6_7_9\36_20210618 (879).JPG;0
\vaca\cow_CaltechCameraTrap\592c4ba4-23d2-11e8-a6a3-ec086b02610b.jpg;1
\leporido\rabbit_CaltechCameraTrap_ME\59484713-23d2-11e8-a6a3-ec086b02610b.jpg;1
\vacia\empty_SnapshotMountainZebra\MTZ_S1_C06_R3_IMAG1392.JPG;0
\cervidae\CERVIDREDORFALLOWDEER_ZOO_5_6_7_9\8_20210417 (325).JPG;1
\vacia\vacia_alumno_2_AM\Melmel 02_frame380.jpg;0
\vacia\NOANIMAL_ZOO_5_6_7_9\31_20210417 (838).JPG;0
\humanovehiculo\car_CaltechCameraTrap_ME\vehiculo\596d6401-23d2-11e8-a6a3-ec086b02610b.jpg;1
\caballo\HORSE_ZOO_1_4\15_20210117 (2438).JPG;1
\vacia\NOANIMAL_ZOO_1_4\34_20210115 (1566).JPG;0
\vacia\NOANIMAL_ZOO_1_4\7_20210115 (3835).JPG;0
\caballo\HORSE_ZOO_5_6_7_9\17_20210615 (59).JPG;1
\vacia\empty_caltechCameraTraps\598944ca-23d2-11e8-a6a3-ec086b02610b.jpg;0
\perro\dog_caltechCameraTraps\59eab92e-23d2-11e8-a6a3-ec086b02610b.jpg;1
\jabali\WILDBOAR_ZOO_1_4\37_20201116 (6179).JPG;1
\vacia\empty_SnapshotMountainZebra\MTZ_S1_C06_R1_IMAG0568.JPG;0
\vacia\empty_SnapshotMountainZebra\MTZ_S1_C04_R3_IMAG0237.JPG;0
\lince\Lince_b_Linces2_Leo_JC\lince216 (281).JPG;1
\vacia\empty_SnapshotMountainZebra\MTZ_S1_G04_R3_IMAG2770.JPG;0
\vacia\vacia_alumno_AM_2\10_20201019 (15735).JPG;0
\cervidae\2_ciervo_Paco_Carro_JC\MDGC0071.JPG;1
\cervidae\CERVIDREDORFALLOWDEER_ZOO_1_4\1_20201220 (85).JPG;1
\leporido\Eastern Cottontail_ena24\803.jpg;1
\vacia\vacia_Paco_Carro_JC\IMG_1419.JPG;0
\vacia\vacia_alumno_2_AM_JC\DSCF0050_frame290.jpg;0
\cervidae\ciervo_PNC_2014_ISAAC\c20032IM000039.JPG;1
\vacia\vacia_Paco_Carro_JC\MDGC0558.JPG;0
\vacia\NOANIMAL_ZOO_5_6_7_9\50_20210417 (25337).JPG;0
\humanovehiculo\humanovehiculo_PNC_2014_manuel\c14958IMAG0423.JPG;1
\vaca\cow_CaltechCameraTrap\58bea74d-23d2-11e8-a6a3-ec086b02610b.jpg;1
\lince\Lince_a_Linces2_Leo_JC\lince122 (108).JPG;1
\vacia\vacia_alumno_2_AM_JC\STC_0029_frame180.jpg;0
\cervidae\ciervo_PNM_2012_ISAAC\d14440IMAG0051.JPG;1
\vacia\empty_SnapshotMountainZebra\MTZ_S1_G04_R3_IMAG3920.JPG;0
\jabali\WILDBOAR_ZOO_5_6_7_9\1_20210219 (352) (2021_04_15 06_16_22 UTC).JPG;1
\zorro\zorro_PNC_2013-O_RED_ISAAC\b5408IM000122.JPG;1
\leporido\Lagomorpha_ME_rev_2_donana\6_20201023 (2602).JPG;1
\humanovehiculo\car_CaltechCameraTrap_ME\vehiculo\59d5b8f4-23d2-11e8-a6a3-ec086b02610b.jpg;1
\humanovehiculo\HUMANORVEHICLE_ZOO_1_4\28_20201218 (16255).JPG;1
\vacia\NOANIMAL_ZOO_5_6_7_9\36_20210618 (5220).JPG;0
\cervidae\CERVIDREDORFALLOWDEER_ZOO_5_6_7_9\28_20210615 (3231).JPG;1
\zorro\REDFOX_ZOO_1_4\5_20201222 (407).JPG;1
\vacia\NOANIMAL_ZOO_5_6_7_9\3_20210615 (310).JPG;0
\cervidae\ciervo_PNC_2014_ISAAC\c11631IMAG0407.JPG;1
\vacia\vacias_1_de_2_PNC_2012_ISAAC\a52945IM000297.JPG;0
\zorro\Zorro_PNC_2014_JC\c19885IM000016.JPG;1
\vacia\NOANIMAL_ZOO_1_4\6_20201812 (9586).JPG;0
\vacia\empty_SnapshotMountainZebra\MTZ_S1_C06_R1_IMAG3601.JPG;0
\vacia\empty_IslandConservationCameraTraps\ecuador2_ic1607_20150122_054840_img_0420.jpg;0
\vacia\empty_SnapshotKaroo\KAR_S1_F02_R1_IMAG1067.JPG;0
\cervidae\ciervo_alumno_2_TH\26_20201020 (1822).JPG;1
\leporido\conejo_WellingtonCameraTraps_SS\080216172034038c5922.JPG;1
\vacia\vacia_Paco_Carro_JC\IMG_1581.JPG;0
\cervidae\CERVIDREDORFALLOWDEER_ZOO_1_4\18_20210115 (6747).JPG;1
\ave\Pheasant_mammalWeb\20968.jpg;1
\ave\aves_ME_CASA\IMG_0991.JPG;1
\zorro\Red fox_mammalWeb\57054.jpg;1
\vacia\empty_IslandConservationCameraTraps\puertorico_23_20150102_231316_ek000999.jpg;0
\cervidae\Ciervo_PNC_2014_JC\c29639IM000059.JPG;1
\cervidae\CERVIDREDORFALLOWDEER_ZOO_5_6_7_9\46_20210618 (1589).JPG;1
\vacia\vacia_alumno_2_2_TH_JC\27_20201023 (6568).JPG;0
\vacia\NOANIMAL_ZOO_5_6_7_9\25_20210417 (6521).JPG;0
\humanovehiculo\humano_vehiculo_PNM_2013-O_ISAAC\f10233IM000011.JPG;1
\vacia\vacia_alumno_2_AM_JC\DSCF0255_frame270.jpg;0
\cervidae\CERVIDREDORFALLOWDEER_ZOO_5_6_7_9\10_20210319 (4868).JPG;1
\vacia\Nothing_mammalWeb\16811.jpg;0
\gato_domestico\gato_WellingtonCameraTraps_SS\1504150753120745L091.JPG;1
\jabali\WILDBOAR_ZOO_5_6_7_9\24_20210418 (4153).JPG;1
\lince\Lince_b_Linces2_Leo_JC\lince168 (49).JPG;1
\ave\ave_ave_WellingtonCameraTraps_SS\050716135432008bs111.JPG;1
\ave\rooster_IslandConservationCameraTraps\palau_cam13a12132018_20181117_100958_rcnx1414.jpg;1
\ave\bird_CaltechCameraTrap\589b0133-23d2-11e8-a6a3-ec086b02610b.jpg;1
\ave\ave_Soraya_Padilla_Alumno_1_TH\IMAG0041_frame040.jpg;1
\cervidae\Cervidae1___diego_1_rev_donana\30_20201021 (12055).JPG;1
\caballo\HORSE_ZOO_5_6_7_9\15_20210219 (4733) (2021_04_15 06_16_22 UTC).JPG;1
\leporido\conejo_PNC_2014_manuel\c23901IMAG0232.JPG;1
\vacia\NOANIMAL_ZOO_5_6_7_9\5_20210417 (1344).JPG;0
\lince\Lince_a_Linces2_Leo_JC\lince122 (38).JPG;1
\caballo\HORSE_ZOO_1_4\15_20210117 (12647).JPG;1
\zorro\Zorro_PNC_2014_JC\c2967IM000080.JPG;1
\vacia\vacia_alumno_2_AM\Lutlut 04_frame020.jpg;0
\caballo\HORSE_ZOO_1_4\35_20210114 (1051).JPG;1
\cervidae\CERVIDREDORFALLOWDEER_ZOO_1_4\37_20201116 (5733).JPG;1
\vacia\NOANIMAL_ZOO_1_4\7_20210115 (899).JPG;0
\cervidae\CERVIDREDORFALLOWDEER_ZOO_5_6_7_9\2_20210417 (897).JPG;1
\ave\OTHERSPECIES_ZOO_5_6_7_9\35_20210318 (523).JPG;1
\ave\ave_alumno_1_AM_2\21_20201025 (3588).JPG;1
\cervidae\ciervo_vacías_humanos_PNC_2012_ME\a17857IM000060.JPG;1
\vacia\NOANIMAL_ZOO_1_4\6_20201812 (12808).JPG;0
\vacia\NOANIMAL_ZOO_5_6_7_9\25_20210417 (5891).JPG;0
\vacia\empty_IslandConservationCameraTraps\puertorico_16_20141209_150010_img_0135.jpg;0
\zorro\zorro_PNM_2013-I_ISAAC\e3544IM000079.JPG;1
\cervidae\CERVIDREDORFALLOWDEER_ZOO_1_4\21_20201025 (4679).JPG;1
\vacia\NOANIMAL_ZOO_5_6_7_9\32_20210615 (403).JPG;0
\mapache\raccoon_CaltechCameraTrap_ME\58d15f3c-23d2-11e8-a6a3-ec086b02610b.jpg;1
\vacia\NOANIMAL_ZOO_5_6_7_9\25_20210417 (5819).JPG;0
\zorro\zorro_alumno_2_AM_JC\STC_0134_frame060.jpg;1
\vacia\NOANIMAL_ZOO_5_6_7_9\19_20210319 (1554).JPG;0
\jabali\WILDBOAR_ZOO_5_6_7_9\37_20210220 (436) (2021_04_15 06_16_22 UTC).JPG;1
\vacia\empty_SnapshotCamdeboo\CDB_S1_B06_R2_IMAG0202.JPG;0
\cervidae\ciervo_PNM_2012_ISAAC\d7818IM000118.JPG;1
\gato_domestico\gato_WellingtonCameraTraps_SS\300416035232045a1162.JPG;1
\vacia\NOANIMAL_ZOO_1_4\7_20210115 (4081).JPG;0
\gato_domestico\gato_WellingtonCameraTraps_SS\201215192844041as536.JPG;1
\leporido\conejo_WellingtonCameraTraps_SS\1305150717420889S043.JPG;1
\zorro\zorro_PNC_2013-I_ME\9838IM000023.JPG;1
\gineta\gineta_Saul Martin_FRAMES_SIN_REPETIDOS_REVISADOS_DIEGO\IMAG0005_frame140.jpg;1
\vacia\NOANIMAL_ZOO_1_4\34_20210115 (1561).JPG;0
\zorro\REDFOX_ZOO_1_4\37_20201116 (13368).JPG;1
\vacia\Vacias_PNC_2013-O_ME\b7697IM000279.JPG;0
\meloncillo\Meloncillo_PEPE_IREC_JC\IMAG1038.JPG;1
\cervidae\CERVIDREDORFALLOWDEER_ZOO_5_6_7_9\28_20210615 (1393).JPG;1
\leporido\LEPORIDRABBITORHARE_ZOO_1_4\6_20201023 (2506).JPG;1
\vacia\NOANIMAL_ZOO_1_4\43_20201217 (41).JPG;0
\vacia\NOANIMAL_ZOO_1_4\33_20201120 (16).JPG;0
\vacia\NOANIMAL_ZOO_5_6_7_9\25_20210417 (19714).JPG;0
\vacia\vacias_2_de_2_PNC_2012_ISAAC\a1229IM000194.JPG;0
\leporido\LEPORIDRABBITORHARE_ZOO_5_6_7_9\2_20210319 (1162).JPG;1
\zorro\zorro_PNM_2012_ME\d2829IMAG0025.JPG;1
\vacia\NOANIMAL_ZOO_1_4\26_20201020 (8106).JPG;0
\vacia\empty_SnapshotMountainZebra\MTZ_S1_C06_R3_IMAG0360.JPG;0
\vacia\empty_SnapshotMountainZebra\MTZ_S1_D05_R1_IMAG0708.JPG;0
\ave\shearwater_IslandConservationCameraTraps\chile_piedra012013_1812201202127.jpg;1
\zorro\zorro_PNM_2012_ME\d13441IM000074.JPG;1
\jabali\WILDBOAR_ZOO_5_6_7_9\5_20210219 (1275) (2021_04_15 06_16_22 UTC).JPG;1
\caballo\caballos_TH_JC\17_20201611 (181).JPG;1
\zorro\REDFOX_ZOO_1_4\11_20210114 (838).JPG;1
\leporido\LEPORIDRABBITORHARE_ZOO_5_6_7_9\2_20210219 (4822) (2021_04_15 06_16_22 UTC).JPG;1
\vacia\empty_IslandConservationCameraTraps\dominicanrepublic_cam0425abril2015_20130727_044113_sunp0248.jpg;0
\humanovehiculo\humanovehiculo_PNC_2013-O_RED_ISAAC\b859IM000003.JPG;1
\vacia\NOANIMAL_ZOO_5_6_7_9\36_20210618 (5199).JPG;0
\zorro\zorro_PNC_2013-O_RED_ISAAC\b15045IMAG0341.JPG;1
\cervidae\CERVIDREDORFALLOWDEER_ZOO_1_4\25_20201024 (1153).JPG;1
\cervidae\deer_CaltechCameraTrap\58f296e0-23d2-11e8-a6a3-ec086b02610b.jpg;1
\humanovehiculo\car_CaltechCameraTrap_ME\vehiculo\596d63b0-23d2-11e8-a6a3-ec086b02610b.jpg;1
\vacia\NOANIMAL_ZOO_5_6_7_9\2_20210417 (16892).JPG;0
\vacia\empty_SnapshotMountainZebra\MTZ_S1_C04_R3_IMAG1256.JPG;0
\mapache\raccoon_CaltechCameraTrap_ME\58b9d6a2-23d2-11e8-a6a3-ec086b02610b.jpg;1
\vaca\COW_ZOO_5_6_7_9\2_20210219 (4215) (2021_04_15 06_16_22 UTC).JPG;1
